8 0.009635131092811266
9 0.008378374863314143
10 0.008378374863314143
11 0.006220993155509406
12 0.005081459628009927
13 0.005081459628009927
14 0.005081459628009927
15 0.004772744308732603
16 0.004562061647373564
17 0.0038181954469860826
18 0.003946737115200742
19 0.003640416792154836
20 0.003732595893305644
21 0.003640416792154836
22 0.003640416792154836
23 0.003640416792154836
24 0.003275342728593464
25 0.002973437979437006
26 0.0029581701395527153
27 0.0029581701395527153
28 0.0028907611100999196
29 0.002752645250524049
30 0.00278239414098034
31 0.0027083813783239418
32 0.0027083813783239418
33 0.0027083813783239418
34 0.0027083813783239418
35 0.0022392966642883396
36 0.0022392966642883396
37 0.0022392966642883396
38 0.0022392966642883396
39 0.0022392966642883396
40 0.001941568923098567
41 0.001941568923098567
42 0.001938162008470304
43 0.001938162008470304
44 0.0019487221490238592
45 0.001938162008470304
46 0.001938162008470304
47 0.001938162008470304
48 0.001938162008470304
49 0.0019790689864606394
50 0.001958725758929171
51 0.001958725758929171
52 0.001958725758929171
53 0.001958725758929171
54 0.002243693946578466
55 0.0023851576906940724
56 0.0022681577711108985
57 0.002408967591749933
58 0.0022691089013596876
59 0.00275748856596852
60 0.0028407365077876847
