30 0.030041082012803616
31 0.030041082012803616
32 0.030041082012803616
33 0.030041082012803616
34 0.030041082012803616
35 0.023621041083318254
36 0.023254471343457553
37 0.02260737976062386
38 0.02260737976062386
39 0.02260737976062386
40 0.02260737976062386
41 0.02260737976062386
42 0.02260737976062386
43 0.02311421042197106
44 0.023621041083318254
45 0.02311421042197106
46 0.02279712055002802
47 0.02279712055002802
48 0.02279712055002802
49 0.02279712055002802
50 0.02463470240601265
51 0.02412787174466545
52 0.025141533067359847
53 0.029196178358137422
54 0.032364528972358156
55 0.026662025051401438
56 0.04006363198804604
57 0.04673466586211074
