74 0.0032062372424199685
75 0.0032062372424199685
76 0.0032062372424199685
77 0.0032062372424199685
78 0.0032062372424199685
79 0.0032062372424199685
80 0.0032062372424199685
81 0.0032062372424199685
82 0.0032062372424199685
83 0.0032062372424199685
84 0.0032062372424199685
85 0.0032062372424199685
86 0.0032062372424199685
87 0.0032062372424199685
88 0.0032067425655178143
89 0.0032067425655178143
90 0.0032067425655178143
91 0.0032067425655178143
92 0.0032067425655178143
93 0.0032208953428405364
94 0.003405899135189681
95 0.003405899135189681
96 0.003409051140576746
97 0.003409051140576746
98 0.003409051140576746
99 0.003409051140576746
100 0.003409051140576746
101 0.003611006319456009
102 0.003410986319456009
103 0.003606277242419969
104 0.003606277242419969
105 0.003606277242419969
106 0.003606277242419969
107 0.003606277242419969
108 0.003606277242419969
109 0.003606277242419969
110 0.003606277242419969
111 0.003606277242419969
112 0.003606277242419969
113 0.003806297242419969
114 0.004215995813081457
115 0.0044204926701983515
116 0.004020975342840537
117 0.004821074962216505
118 0.005216914959802246
119 0.00501926628958315
120 0.004623372912342741
121 0.005407297905037554
122 0.004616874760227203
123 0.006020970678397698
124 0.0062087503878778035
125 0.005809971964204023
126 0.006611370589531032
127 0.006623176425187276
