79 0.013453197753039704
80 0.013045525093856682
81 0.012637852434673661
82 0.01223017977549064
83 0.01223017977549064
84 0.01223017977549064
85 0.01223017977549064
86 0.012549211616411142
87 0.013860870412222726
88 0.014427487034803083
89 0.01540265283712329
90 0.01467621573058877
91 0.01553467350244009
92 0.014427487034803083
93 0.015899233708137832
94 0.01549156104895481
95 0.017372936526866202
96 0.01639344349788201
97 0.017122251685686894
98 0.009062499665645578
99 0.010509766959942428
100 0.009074605389179384
101 0.009562742514925667
102 0.009474431468629467
103 0.010539016766418236
104 0.009555058296464539
105 0.00923695021032429
106 0.01000419254505323
107 0.01000419254505323
108 0.01000419254505323
109 0.011951415781115651
110 0.010268851992579984
111 0.010268851992579984
112 0.012171170385536497
113 0.01193454417154767
114 0.01157442192043015
115 0.012593927411909407
116 0.011253027817134689
117 0.010427402145308039
118 0.009436431963043486
119 0.009436431963043486
120 0.013012438593702326
121 0.011625276682182283
122 0.015554222932583149
123 0.01378282928072875
124 0.017139296787316637
125 0.016747805879007913
127 0.01571865591069975
128 0.014945776615145259
