28 0.001285902700668427
29 0.0012868182043662075
30 0.001285902700668427
31 0.001285902700668427
32 0.001285902700668427
33 0.001285902700668427
34 0.0010956529965728346
35 0.0010890860222553562
36 0.0010735360846312809
37 0.0010671595032681412
38 0.0010671595032681412
39 0.0010558574484693176
40 0.0010488187893156933
41 0.0010558574484693176
42 0.0010488187893156933
43 0.0010126238454772748
44 0.0008948359860310118
45 0.0010126238454772748
46 0.0010126238454772748
47 0.0010126238454772748
48 0.0010126238454772748
49 0.0010126238454772748
50 0.0010126238454772748
51 0.0010348788546867861
52 0.0010488187893156933
53 0.0010488187893156933
54 0.0010488187893156933
55 0.0010488187893156933
56 0.0010890860222553562
57 0.0010560720420263886
58 0.0010560720420263886
60 0.0012868182043662075
