5 0.002745884188420032
6 0.001945804188420032
7 0.0018686796994612004
8 0.001545764188420032
9 0.0014686396994612002
10 0.001345744188420032
11 0.0012747326096474746
12 0.0012286764419064161
13 0.0011148839123802678
14 0.0011148839123802678
15 0.0010275403781719512
16 0.0009656222154562319
17 0.0009433960699210616
18 0.0009148639123802676
19 0.0008685796994612002
20 0.000864182146164366
21 0.000864182146164366
22 0.000864182146164366
23 0.0008746926096474745
24 0.0008854253265408818
25 0.0008854253265408818
26 0.0009594776672873281
28 0.0013005829246791863
