69 0.004610442964368615
70 0.004610442964368615
71 0.004610442964368615
72 0.004610442964368615
73 0.004610442964368615
74 0.004610442964368615
75 0.004610442964368615
76 0.004610442964368615
77 0.004610442964368615
78 0.004610442964368615
79 0.004610442964368615
80 0.004610442964368615
81 0.004610442964368615
82 0.004610442964368615
83 0.004610442964368615
84 0.004610442964368615
85 0.004610442964368615
86 0.004618856036491703
87 0.004618856036491703
88 0.004618856036491703
89 0.004618856036491703
90 0.004618856036491703
91 0.004618856036491703
92 0.004618856036491703
93 0.004618856036491703
94 0.004618856036491703
95 0.004618856036491703
96 0.004618856036491703
97 0.004618856036491703
98 0.004618856036491703
99 0.004618856036491703
100 0.004618856036491703
101 0.004618856036491703
102 0.004618856036491703
103 0.004618856036491703
104 0.004618856036491703
105 0.004618856036491703
106 0.004618856036491703
107 0.004618856036491703
108 0.004618856036491703
109 0.004618856036491703
110 0.004618856036491703
111 0.004618856036491703
112 0.004618856036491703
113 0.004618856036491703
114 0.005410842100229534
115 0.004806195515272622
116 0.004806195515272622
117 0.004806195515272622
118 0.004806195515272622
119 0.004806195515272622
120 0.004806195515272622
121 0.005412851199873878
122 0.00721996187519697
123 0.006823420513688136
124 0.006623007847220061
125 0.00481972187519697
126 0.00542356812639399
127 0.00542356812639399
131 0.008021638205538854
