1 0.0162618975472963
2 0.008313982540949384
3 0.005704474422034534
4 0.0045136025409493845
5 0.0045136025409493845
6 0.0045136025409493845
7 0.0045136025409493845
8 0.0045136025409493845
9 0.0045136025409493845
10 0.0045136025409493845
11 0.0045136025409493845
12 0.0045136025409493845
13 0.0045136025409493845
14 0.0045136025409493845
15 0.0045136025409493845
16 0.0045136025409493845
17 0.0045136025409493845
18 0.0045136025409493845
19 0.004655419220537139
20 0.0045136025409493845
21 0.004655419220537139
22 0.004655419220537139
23 0.005299410640252857
24 0.008699750640252857
25 0.0076996506402528565
