5 0.002237676947268345
6 0.00184003618988344
7 0.0016418541755240678
8 0.0015543000683530313
9 0.0014418341755240678
10 0.0014097100767706794
11 0.0012418141755240679
12 0.0010624706773325224
13 0.001041794175524068
14 0.00102717882650615
15 0.0009542400683530314
16 0.0009542400683530314
17 0.0009542400683530314
18 0.0009027585557975512
19 0.0008551175748742257
20 0.0008417741755240678
21 0.0008417741755240678
22 0.0008417741755240678
23 0.0008854667023150159
24 0.0008854667023150159
25 0.0010854867023150161
26 0.0011648475930217794
