88 0.0016339336975485703
89 0.0016339336975485703
90 0.0012719484028813474
91 0.0012719484028813474
92 0.0012719484028813474
93 0.0012719484028813474
94 0.0012719484028813474
95 0.0016188979965337923
96 0.0012719484028813474
97 0.0012719484028813474
98 0.0012719484028813474
99 0.0012719484028813474
100 0.0012719484028813474
101 0.0012663304425168218
102 0.0012657795512774788
103 0.0012657795512774788
104 0.0012657795512774788
105 0.0012657795512774788
106 0.0012657795512774788
107 0.0012514259657074559
108 0.0012488469453305264
109 0.0012488469453305264
110 0.0012488469453305264
111 0.0012488469453305264
112 0.0012488469453305264
113 0.0012488469453305264
114 0.0012488469453305264
115 0.0012488469453305264
116 0.0012514259657074559
117 0.0012514259657074559
118 0.0012514259657074559
119 0.0012514259657074559
120 0.0012514259657074559
121 0.0012514259657074559
122 0.0012514259657074559
123 0.0012514259657074559
124 0.0012514259657074559
125 0.0012514259657074559
126 0.0012536417716040493
127 0.001259303529142625
128 0.0012632707353926321
129 0.0012537801179765557
130 0.0012592473478222797
131 0.001257785625590909
132 0.001257785625590909
133 0.0012613958410710212
134 0.0012616649358463028
135 0.0012613958410710212
136 0.0016324085943375446
137 0.0012632707353926321
138 0.0012632707353926321
139 0.001273023877273258
140 0.0016244594464055518
