7 0.0018275309459697073
8 0.00166643664275254
9 0.0014142094503967896
10 0.0014142094503967896
11 0.0012274709459697071
12 0.0012188801445646988
13 0.0011184963796860188
14 0.0011184963796860188
15 0.0009752263737657483
16 0.0009752263737657483
17 0.0009675076024742449
18 0.0008815582483057173
19 0.0008397750435045275
20 0.0008316689534857062
21 0.0008274309459697072
22 0.0008274309459697072
23 0.0008274309459697072
24 0.0008274309459697072
25 0.0008144002932466249
26 0.0008435852778587902
27 0.0010316889534857064
