18 0.004487387893156932
19 0.0033009342043486293
20 0.0033009342043486293
21 0.0031853646931354813
22 0.0031853646931354813
23 0.0029728130799163838
24 0.00277560867460936
25 0.002513537557200929
26 0.0023031256937924233
27 0.0022681577711108985
28 0.0022681577711108985
29 0.0022681577711108985
30 0.0022681577711108985
31 0.0022681577711108985
32 0.0022681577711108985
33 0.0022681577711108985
34 0.0023031256937924233
35 0.002411923553006271
36 0.0024165362673436164
37 0.001941315968055696
38 0.001972155212004518
39 0.001941315968055696
40 0.0018875125372351956
41 0.0018838126042107694
42 0.0018838126042107694
43 0.001941315968055696
44 0.001941315968055696
45 0.001972155212004518
46 0.0018248120100569122
47 0.0018248120100569122
48 0.001893824338525123
49 0.001893824338525123
50 0.001893824338525123
51 0.001893824338525123
52 0.001893824338525123
53 0.001938162008470304
54 0.001975685576376742
55 0.001893824338525123
56 0.001893824338525123
57 0.001893824338525123
58 0.001893824338525123
59 0.0036038324114607938
60 0.002367280423156404
61 0.002167961486041197
