6 0.006671879034910251
7 0.003947699968656275
8 0.003726119348371775
9 0.0028734769340072073
10 0.0028512759383430937
11 0.0024512359383430937
12 0.0024512359383430937
13 0.0022786566074669435
14 0.0021148326446342475
15 0.0019089568826783857
16 0.0018259935645915269
17 0.0017496118986684707
18 0.0017496118986684707
19 0.0016785966074669434
20 0.0016785966074669434
21 0.0015147726446342476
22 0.0015147726446342476
23 0.0015258993483717746
24 0.001498886740623513
25 0.0015258993483717746
26 0.0015495918986684707
27 0.0018989267406235133
28 0.0019259393483717748
29 0.00173444823837418
