1 0.020248602794197143
2 0.010278949413286206
3 0.0070464531954779214
4 0.005278449413286205
5 0.004278349413286205
6 0.0036469427941971423
7 0.0032255248447135795
8 0.002846862794197142
9 0.0026134629677733293
10 0.002291912559027398
11 0.0022258359789179647
12 0.002045953195477921
13 0.001878109413286205
14 0.0018133829677733295
15 0.001659362161716264
16 0.0016257759789179646
17 0.001491832559027398
18 0.0014809611730723384
19 0.0014530855823514273
20 0.0012963117581013578
21 0.0012780494132862048
22 0.001254802304059726
23 0.0012458731954779205
24 0.0012257359789179646
25 0.0010962917581013578
26 0.0010960238978752264
27 0.0010763295443864138
28 0.0010661149984430532
29 0.001063597925462146
30 0.001023541782477225
31 0.0010170603541897743
32 0.001009841014426833
33 0.0010048316559200603
34 0.0008960038978752264
35 0.0008901025954373744
36 0.0008816481662906088
37 0.0008814177373753018
38 0.0008699102313235311
39 0.0008640381007135858
40 0.0008604169333520427
41 0.0008571261409869115
42 0.000854762304059726
43 0.0008387984315657886
44 0.0008372234336684657
45 0.0008331351269229266
46 0.0008205597929481815
47 0.0008126755950684884
48 0.0008102293009687842
49 0.0008048116559200601
50 0.0006997320719438732
51 0.000697800320273941
52 0.0006959838978752264
53 0.0006900825954373744
54 0.0006871129468449897
55 0.000686807832028583
56 0.000681125611868676
57 0.0006791426880974377
58 0.0006716312723476546
59 0.0006762895443864138
60 0.0006716312723476546
61 0.0006698902313235311
62 0.0006660749984430532
63 0.0006658668762047175
64 0.0006635579254621461
65 0.0006603969333520427
66 0.0006582386088196117
67 0.000654742304059726
68 0.0006530055823514274
69 0.0006466427941971419
70 0.0006458131954779205
71 0.0006449807004294539
72 0.0006395690209942297
73 0.0006472426028312016
74 0.0006852366000791147
75 0.0006915758718053057
76 0.0006892165183029422
