64 0.006822368301731912
65 0.006622348301731912
66 0.004822168301731912
67 0.004422128301731912
68 0.004422128301731912
69 0.004022088301731911
70 0.004022088301731911
71 0.004222108301731912
72 0.004022088301731911
73 0.004822168301731912
74 0.0046221483017319116
75 0.004822168301731912
76 0.004422128301731912
77 0.004222108301731912
78 0.004022088301731911
79 0.0046221483017319116
80 0.0038220683017319112
81 0.004422128301731912
82 0.0042193131652994344
83 0.004222108301731912
84 0.0050221883017319115
85 0.0046221483017319116
86 0.003222008301731911
87 0.004222108301731912
88 0.002221908301731911
89 0.002621948301731911
90 0.004022088301731911
91 0.0034220283017319113
92 0.003222008301731911
93 0.003222008301731911
94 0.00222324812639399
95 0.001620572474709542
96 0.0020086634243871426
97 0.001420016832222849
98 0.0018073054516705872
99 0.0016225078472200598
100 0.0014099455635515697
101 0.001412374945955385
102 0.0014164023151101756
103 0.0014093955418825411
104 0.0014093955418825411
105 0.001408915859892966
106 0.0014049242951389175
107 0.0014049242951389175
108 0.0012198678430475416
109 0.0012198678430475416
110 0.0012221394601113246
111 0.0012093876237265443
112 0.0012093876237265443
113 0.0012093876237265443
114 0.0012093876237265443
115 0.0012093876237265443
116 0.0012093876237265443
119 0.0012235414351126803
