27 0.0016998320719438732
28 0.0016998320719438732
29 0.0016998320719438732
30 0.0016998320719438732
31 0.0012997920719438733
32 0.0012945731207943223
33 0.0012945731207943223
34 0.0012945731207943223
35 0.0012997920719438733
36 0.0012997920719438733
37 0.0012885905561256794
38 0.0012885905561256794
39 0.0012885905561256794
40 0.0012885905561256794
41 0.0012885905561256794
42 0.0012885905561256794
43 0.0012885905561256794
44 0.0012885905561256794
45 0.0012885905561256794
46 0.0012885905561256794
47 0.0012885905561256794
48 0.0014886105561256794
49 0.0014589530913269716
50 0.0014978803202739409
51 0.0014978803202739409
