31 0.002285865924041189
32 0.001485785924041189
33 0.001613389384222581
34 0.001485785924041189
35 0.001285765924041189
36 0.001285765924041189
37 0.0012680061040847806
38 0.0012680061040847806
39 0.0012680061040847806
40 0.0012551520990193546
41 0.0012607947204543108
42 0.0010956529965728346
43 0.0010931083565921193
44 0.00109484724661516
45 0.0010934221394000927
46 0.0010931188030011297
47 0.0010896146977087853
48 0.0010931188030011297
49 0.0010896146977087853
50 0.0010896146977087853
51 0.0010896146977087853
52 0.0010931083565921193
53 0.0010896146977087853
54 0.0012860633031563247
