1 0.016284013997298022
2 0.00828321399729802
3 0.005678581843994113
4 0.004293849397014743
5 0.0034890248644165586
6 0.003078321843994112
7 0.0026781741303463446
8 0.002293649397014743
9 0.0020936293970147428
10 0.0018949835250004457
11 0.0018497122039594456
12 0.0016876871459373059
13 0.0016553235795324808
14 0.0014915011764858755
15 0.0014781618439941122
16 0.001297267256378717
17 0.001287647145937306
18 0.0012766640561114066
19 0.0012496522039594457
20 0.0012306276441679457
21 0.0012766640561114066
22 0.0022547101832861662
