26 0.01185162660076386
27 0.01185162660076386
28 0.011155666169201077
29 0.010661941553148856
30 0.009301923852469116
31 0.009767020045092573
32 0.008326986943077142
33 0.008326986943077142
34 0.008169848525487437
35 0.007051384562563523
36 0.008371731467222206
37 0.007347341420362185
38 0.007347341420362185
39 0.007164725847270542
40 0.006976442889351838
41 0.006976442889351838
42 0.007023186133785991
43 0.006743271385666392
44 0.006752669642338742
45 0.006752669642338742
46 0.0082425274228399
47 0.008938071362126486
48 0.007906635274598749
49 0.010751835971353946
50 0.010286277988507059
51 0.021394424860678968
52 0.011965293023393653
