44 0.002021867283195235
45 0.002021867283195235
46 0.002007663339515529
47 0.002021867283195235
48 0.002004470139990327
49 0.002004470139990327
50 0.002004470139990327
51 0.0018193153128549233
52 0.001806862813288072
53 0.001806862813288072
54 0.001806862813288072
55 0.001806862813288072
56 0.0018101845455289367
57 0.001806862813288072
58 0.001806862813288072
59 0.001807696728071199
60 0.0016106985577131604
61 0.0016223982381971189
62 0.0016109139105162209
63 0.0016106985577131604
64 0.0016101645455289366
65 0.0016057424811320134
66 0.0014224524056633428
67 0.0014224524056633428
68 0.0014224524056633428
69 0.0014116104250343805
70 0.001411960708740756
71 0.0014106785577131604
72 0.0012218654753129521
73 0.0012218654753129521
74 0.0012218654753129521
75 0.0012218654753129521
76 0.0012218654753129521
77 0.0012218654753129521
78 0.0012173581505157665
79 0.001217530596726371
80 0.0012173581505157665
81 0.0012173581505157665
82 0.001217530596726371
83 0.0012173581505157665
84 0.0012173581505157665
85 0.0012192553128549232
86 0.001217530596726371
87 0.001217530596726371
88 0.0012181779493844864
89 0.001217530596726371
90 0.0012052330458380547
91 0.0012052330458380547
92 0.0012101104799703743
93 0.0012101104799703743
94 0.0012101104799703743
95 0.0012101104799703743
96 0.0012101104799703743
97 0.0012101104799703743
98 0.001205373321377841
99 0.001011920708740756
100 0.001011920708740756
101 0.001011920708740756
102 0.001011920708740756
103 0.001011920708740756
104 0.001011920708740756
105 0.0010234269867471773
106 0.001022061817450621
107 0.001022061817450621
108 0.0010145379232103374
109 0.0010145379232103374
110 0.0010145379232103374
111 0.0010186904097029253
112 0.0010145379232103374
113 0.0010145379232103374
114 0.0010145379232103374
115 0.0010145379232103374
116 0.0010145379232103374
117 0.0010145379232103374
118 0.0010145379232103374
119 0.001404772939206666
120 0.0010226956390137333
121 0.001218283511908892
