5 0.0019133425409493835
6 0.00167854094144372
7 0.00167854094144372
8 0.0016376169472683447
9 0.0014375969472683447
10 0.0014045961133123007
11 0.0010624706773325224
12 0.0010551375748742257
13 0.001041794175524068
14 0.001041794175524068
15 0.0008989706402528563
16 0.0008784609414437198
17 0.000850341814994688
18 0.0008375369472683447
19 0.000819439205259511
20 0.000819439205259511
21 0.000819439205259511
22 0.0009027585557975512
23 0.0009027585557975512
24 0.001250381814994688
25 0.0010194592052595111
26 0.0010194592052595111
27 0.0010194592052595111
