3 0.003045233464184334
4 0.0022816982483057175
5 0.0022959521831000416
6 0.0018275309459697073
7 0.0016189201445646988
8 0.0012941306442599354
9 0.0012796875798084739
10 0.0012188801445646988
11 0.0010450334641843337
12 0.0010450334641843337
13 0.0010274509459697071
14 0.0009675076024742449
15 0.0008796475798084738
16 0.0008450134641843337
17 0.0008393909757640594
18 0.0008316689534857062
19 0.0008255205860242766
20 0.0007618309345518378
21 0.0007397247768795416
22 0.0007000064327431961
23 0.0006815382483057173
24 0.0006815382483057173
25 0.0006734599037071371
26 0.0006680039908068015
27 0.0006663366427525401
28 0.0006637582312924084
29 0.0006602473659785332
30 0.0006449934641843337
31 0.0006437440600261073
32 0.0006449934641843337
33 0.0006602473659785332
