33 0.0028982228059947325
34 0.002885784621687695
35 0.002512092493046975
36 0.002510496218950218
37 0.0024754379372646075
38 0.002497157821055283
39 0.0024528345481832593
40 0.002419989228515502
41 0.0021133422591273062
42 0.002098843705957818
43 0.0020947971610444927
44 0.0020853960196923317
45 0.0020636050544085207
46 0.0020616559993693884
47 0.002050716148518047
48 0.002041970431987814
49 0.0020294230424915015
50 0.0016954036048459093
51 0.0016881357900625329
52 0.0016854164626665044
53 0.001681828673271145
54 0.0016773790618436978
55 0.0016707898466628993
56 0.0016676440966530283
57 0.001651094846267351
58 0.0016485582586876577
59 0.001653073546157706
60 0.001653073546157706
61 0.0016545852777515922
62 0.0016545852777515922
63 0.0016352230321221726
64 0.0016324085943375446
65 0.0016254309775344223
66 0.0016180113639800728
67 0.001273023877273258
68 0.0012703243053380406
69 0.0012677225475533323
70 0.0016235384339932013
71 0.0016245111335678017
72 0.0012596904966685472
73 0.0012593062235746908
74 0.0012576687128820943
75 0.0012558816210710838
76 0.0012536417716040493
77 0.0012496482595489463
78 0.0012485789105276415
79 0.001242095488283457
80 0.0012417945134738288
81 0.0012437926482239637
82 0.001242095488283457
83 0.0012367648378661552
84 0.0012356584278555589
85 0.0012319715478473355
86 0.001231450121324858
87 0.0012306183490936587
88 0.0012300088931058424
89 0.001229476690654709
90 0.0012278266256476231
91 0.001226387579678898
92 0.0012254502731614276
93 0.0012250637193894152
94 0.0012240518192528345
95 0.0012231224112977024
96 0.0012190732331508168
97 0.0012169002398235576
98 0.0012141734974003443
99 0.0012133094767526637
100 0.0008468828702253604
101 0.0008453369036509227
102 0.0008440789202226492
103 0.0008440789202226492
104 0.0008437140292100053
105 0.0008437140292100053
106 0.0008434166034638218
107 0.0008432957350767447
108 0.0008417164110777065
109 0.000840930560714014
110 0.0008403854829942493
111 0.0008403430463871742
112 0.0008397815407106332
113 0.0008394982318815198
114 0.0008393320803072715
115 0.0008386895309218489
116 0.0008385237503939393
117 0.0008368320729834059
118 0.000836678343096133
119 0.0008362263813919484
120 0.0008358534119843705
121 0.0008352597220426105
122 0.0008344226086626479
123 0.0008338220483265141
124 0.0008330988396992975
125 0.000832564630220351
126 0.000832385940351761
127 0.0008315073553542211
128 0.0008310903651265944
129 0.000832564630220351
130 0.0008291950988159758
131 0.0008280636588556379
132 0.0008278630089825526
133 0.0008277308096812216
134 0.0008267746355796733
135 0.000826536773078853
136 0.0008261670998759047
137 0.0008261444589999509
138 0.0008251459790882026
139 0.0008246623997477554
140 0.00082450989191077
141 0.0008237722852370392
142 0.0008221698377117241
143 0.0008214457068122431
144 0.0008214017866726344
145 0.0008213143652315571
146 0.0008213003619415764
147 0.000821123192453588
148 0.0008209667475499053
149 0.0008206442004590672
150 0.0008204122327291058
151 0.0008206442004590672
152 0.0008204122327291058
153 0.0008200115779545506
154 0.0008200059287372282
155 0.0008198728570636242
156 0.0008196511271031392
157 0.0008195668253409866
158 0.0008194913860085549
159 0.0008195668253409866
160 0.0008192799110979811
161 0.0008185752474530884
162 0.000818551083765082
163 0.0008176115160610863
164 0.0008175917197859319
165 0.0008176115160610863
166 0.0008172442409624062
167 0.0008171490867529313
168 0.0008171490867529313
169 0.0008169668487742851
170 0.0008167091462596102
171 0.0008167091462596102
172 0.0008164015501913044
173 0.0008160345461685563
174 0.0008155124089104083
175 0.0008154149408651349
176 0.0008149335175775005
177 0.0008149316899476815
178 0.0008146773030358837
179 0.0008142909033411736
180 0.0008142909033411736
181 0.0008127154887672112
182 0.0008126822455963125
183 0.0008124049663040255
184 0.0008122555667839009
185 0.0008122297232027759
186 0.0008121504505489854
187 0.0008117692169966006
188 0.0008116454863721903
189 0.0008114710305452428
191 0.0008106789929029148
