21 0.008662789506153786
22 0.008520690229666061
23 0.008520690229666061
24 0.007886065427810235
25 0.007886065427810235
26 0.007393186338572095
27 0.006732768964946144
28 0.0070476477050305675
29 0.006732768964946144
30 0.006793673432306588
31 0.006871123738616883
32 0.006793673432306588
33 0.006793673432306588
34 0.007272271014264204
35 0.006189738564127065
36 0.006294125329998975
37 0.0057949167276216225
38 0.0057949167276216225
39 0.0057949167276216225
40 0.0057949167276216225
41 0.0057949167276216225
42 0.006004685188826502
43 0.0057949167276216225
44 0.005823294217835248
45 0.005823294217835248
46 0.0059874433982415026
47 0.0059874433982415026
48 0.007257563390471249
49 0.007279117772294059
50 0.007404052837499735
51 0.008182961312241657
52 0.00737089392310993
53 0.008521662043452644
54 0.00785228063154235
57 0.011829098141715353
