12 0.0016378486449044125
13 0.0010377886449044126
14 0.0010045561133123007
15 0.0010075913856411917
16 0.0009542400683530314
17 0.0008417741755240678
18 0.0008502189417052734
19 0.0008075713856411917
20 0.0007648075930217794
21 0.0007039744220345336
22 0.000685446702315016
23 0.0006707216588079934
24 0.0006624306773325224
25 0.0006603375472962967
26 0.0006571058668133295
27 0.000656384382151498
28 0.0006550975748742257
29 0.000650321814994688
30 0.0006417541755240679
31 0.00063991618988344
32 0.0006377486449044125
33 0.0006375169472683447
34 0.0006271388265061499
35 0.0006194192052595111
36 0.0006501989417052733
