47 0.001213965404840611
48 0.001213965404840611
49 0.001213965404840611
50 0.001218516036491703
51 0.0012158536776771106
52 0.001020545280357007
53 0.0010197460401536358
54 0.0010193029042940315
55 0.0010206562797752455
56 0.0010206562797752455
57 0.0010211702451308775
58 0.0010211702451308775
59 0.0010114476777851496
60 0.0010111649188558622
61 0.0010100857889772754
62 0.0010100857889772754
63 0.0010094778899291013
64 0.0010099976216032917
65 0.0010100857889772754
66 0.0010102021377264112
67 0.0010111275294963978
68 0.0008224278472200597
69 0.0008220939475156332
70 0.0008217961926656335
71 0.0008206362797752455
72 0.0008204924747095421
73 0.0008195678192964972
74 0.0008174956821685337
75 0.0008162359972735689
76 0.0008156051825632972
77 0.0008169691712439759
78 0.0008158136776771106
79 0.0008152285966859803
80 0.000814657549407988
81 0.000814657549407988
82 0.0008137063194378981
83 0.0008126329895441013
84 0.0008107828534061216
85 0.0008107101809707881
86 0.0008118740765928845
87 0.0008160459050538445
88 0.0008100657889772753
89 0.0008086345433764657
90 0.000808414573129805
91 0.0008080772730842782
92 0.0008077674704325675
93 0.0008070011955983417
94 0.000806174861601388
95 0.0008059446084983003
96 0.0008056934132745192
97 0.0008048642951389174
98 0.0008045628409950182
99 0.0008038474296812221
100 0.0006244809058134837
101 0.0006238909012114774
102 0.0006235605605021451
103 0.000622138599379025
104 0.0006219077946253199
105 0.0006217483017319109
106 0.0006211302451308774
107 0.0006208982055388533
108 0.0006204971683177863
109 0.0006199307703553166
110 0.0006199368322228491
111 0.0006205052803570071
112 0.0006202115231935872
113 0.0006192629042940315
114 0.0006186672070236946
115 0.000618456036491703
116 0.0006179930622886156
117 0.0006176698610213052
118 0.0006174756821685337
119 0.0006169510241632571
120 0.0006166818610352342
121 0.0006165274261175959
122 0.0006163223151101755
123 0.0006162329701758806
124 0.0006160259050538446
125 0.0006155239216311922
126 0.0006152085966859804
127 0.000614637549407988
128 0.0006143771535769398
129 0.000614149753757925
130 0.000614071829427819
131 0.0006139054048406109
132 0.0006134273177898367
133 0.0006133588290894482
134 0.0006133083865394266
135 0.0006131235499379524
136 0.0006131235499379524
137 0.0006131122294999755
138 0.0006128137115668378
139 0.0006126129895441013
140 0.0006119261426185197
141 0.0006114076777851495
142 0.0006111249188558621
143 0.0006110875294963976
144 0.0006107408933363173
145 0.0006106971826157785
146 0.0006106901809707882
147 0.0006106901809707882
148 0.0006106852163427421
149 0.0006101832297036095
150 0.000610162137726411
151 0.000610162137726411
152 0.0006100457889772754
153 0.0006100429643686141
154 0.0006099764285318122
155 0.0006099576216032918
156 0.0006098655635515697
157 0.0006098234126704933
158 0.0006096799555489905
159 0.0006093276237265442
160 0.000609315541882541
161 0.0006094378899291011
162 0.0006093276237265442
163 0.0006088457580305432
164 0.000608835859892966
165 0.0006087240702991798
166 0.0006086621204812032
167 0.0006086145433764657
168 0.0006085234243871425
169 0.0006084340863975629
170 0.0006083945731298051
171 0.0006082407750956523
172 0.0006081421485843862
173 0.0006080572730842782
174 0.0006077962044552041
175 0.0006077474704325675
176 0.0006075067587887503
177 0.0006075058449738408
178 0.0006073786515179418
179 0.0006071854516705869
180 0.0006069811955983417
181 0.0006063977443836056
182 0.0006063811227981562
183 0.0006062424831520128
184 0.0006061677833919505
185 0.000606154861601388
186 0.0006061152252744927
187 0.0006059246084983003
188 0.0006058627431860952
189 0.0006057755152726215
190 0.0006056734132745192
191 0.0006053794964514575
192 0.0006053162122966079
193 0.0006048442951389174
194 0.0006047644991334482
195 0.0006045900627782016
196 0.0006045428409950182
197 0.0006044764922508879
198 0.0006038274296812222
199 0.0006033715380859171
200 0.0004247859845607262
