1 0.08888550067029777
2 0.04462919799784704
3 0.030852584071418547
4 0.023388249215430187
5 0.018602226212361274
6 0.01564278113312198
7 0.013435802740779044
8 0.011837780316957175
9 0.010450068798383703
10 0.009483715151905263
11 0.008671995079639668
12 0.007999695060326798
13 0.007284195395121036
14 0.006721937075327462
15 0.006407940695687601
16 0.0063445027515029225
17 0.0063445027515029225
18 0.0063445027515029225
19 0.0063445027515029225
20 0.0063445027515029225
21 0.0063445027515029225
22 0.0063445027515029225
23 0.0063445027515029225
24 0.0063445027515029225
25 0.0063445027515029225
26 0.0063445027515029225
27 0.0063445027515029225
28 0.0063445027515029225
29 0.0063445027515029225
30 0.0063445027515029225
31 0.0063445027515029225
32 0.006419716144082507
33 0.006419716144082507
34 0.006419716144082507
35 0.006419716144082507
36 0.006419716144082507
37 0.006419716144082507
38 0.006419716144082507
39 0.006419716144082507
40 0.006419716144082507
41 0.006419716144082507
42 0.006609017990333114
43 0.006609017990333114
44 0.007049736657424816
45 0.007202075437850853
46 0.007581938964115693
47 0.007795369603528759
48 0.008712471909826259
49 0.008712471909826259
50 0.00970024648531808
51 0.008712471909826259
52 0.009477423705144617
53 0.009061483625161902
54 0.013988545272938878
