21 0.0036376184324778075
22 0.0036376184324778075
23 0.003365888211506368
24 0.003031525888460487
25 0.003031525888460487
26 0.0029872880255958417
27 0.0029872880255958417
28 0.0028881464242518106
29 0.00296774370173266
30 0.002935059109817653
31 0.0028574972663184825
32 0.0028574972663184825
33 0.0028574972663184825
34 0.002442452780628396
35 0.002442452780628396
36 0.002517297627100889
37 0.002442452780628396
38 0.002442452780628396
39 0.002442452780628396
40 0.0020778224571196408
41 0.0020778224571196408
42 0.0020778224571196408
43 0.0020778224571196408
44 0.0024067886868765088
45 0.002199497464400682
46 0.001966850236109591
47 0.001953962224502717
48 0.0018188092162389037
49 0.001925430949501207
50 0.001925430949501207
51 0.001925430949501207
52 0.0019263526651624352
53 0.001925430949501207
54 0.001925430949501207
