1 0.01636481765870721
2 0.010564237658707207
3 0.0059637776587072085
4 0.004644633257088197
5 0.004136053950384039
6 0.003163086553306117
7 0.0030638558850329535
8 0.0025938143947650907
9 0.0022637758850329536
10 0.0022637758850329536
11 0.0022637758850329536
12 0.0022637758850329536
13 0.0022637758850329536
14 0.0022637758850329536
15 0.0022637758850329536
16 0.0022637758850329536
17 0.0022637758850329536
18 0.0022637758850329536
19 0.0022637758850329536
20 0.0022637758850329536
21 0.002575356733782532
22 0.002563026553306117
23 0.003488504726437844
24 0.003905287796069888
