15 0.010402042688502734
16 0.010402042688502734
17 0.010306903314469753
18 0.01029711158573968
19 0.010398069609709931
20 0.010398069609709931
21 0.010398069609709931
22 0.008457023815653098
23 0.008457023815653098
24 0.008385225684260457
25 0.008457023815653098
26 0.008457023815653098
27 0.009200388883202574
28 0.009200388883202574
29 0.009200388883202574
30 0.00879840503056474
31 0.00879840503056474
32 0.00879840503056474
33 0.008047510370040334
34 0.008047510370040334
35 0.008047510370040334
36 0.008047510370040334
37 0.008047510370040334
38 0.008047510370040334
39 0.008047510370040334
40 0.008075754386088313
41 0.008075754386088313
42 0.008075754386088313
43 0.008075754386088313
44 0.008075754386088313
45 0.008075754386088313
46 0.008075754386088313
47 0.008075754386088313
48 0.009545121884497325
49 0.01694449633344294
50 0.010458787474102439
51 0.013809608466035198
53 0.019349899260354457
