2 0.0070648021461643664
3 0.0037905193903369832
4 0.0026277003781719514
5 0.0020269375860854527
6 0.001940956314846024
7 0.0017903193903369829
8 0.0015434560699210615
9 0.0012858920134868515
10 0.0012858920134868515
11 0.0012171461389345554
12 0.0012158082122632466
13 0.0011457241884200318
14 0.0010268375860854528
15 0.0010171261389345552
16 0.0010157568976563358
17 0.0009902393903369828
18 0.0009457041884200319
19 0.0009148639123802676
20 0.0009074991021552211
21 0.0009074991021552211
22 0.0009074991021552211
23 0.0009074991021552211
24 0.0009074991021552211
25 0.0014171661389345554
26 0.001140876314846024
27 0.0012625579573785472
