33 0.005213887317789837
34 0.005213887317789837
35 0.005213887317789837
36 0.005213818829089448
37 0.004820631523193588
38 0.004818386705992186
39 0.004818386705992186
40 0.004805010062778202
41 0.004805010062778202
42 0.004620611523193588
43 0.004605244295138917
44 0.004608147470432568
45 0.004420591523193588
46 0.0036168274261175965
47 0.0036182667059921855
48 0.0036182667059921855
49 0.0030079874704325676
50 0.003006394861601388
51 0.003006394861601388
52 0.002824700905813484
53 0.0030050842951389175
54 0.003004067429681222
55 0.003003611538085917
56 0.002815288700650642
57 0.0028135788290894483
58 0.0028123995646719144
59 0.002815288700650642
60 0.002816435997273569
61 0.0026200078430475417
62 0.0026195647692462062
63 0.0026200078430475417
64 0.0026211492015183707
65 0.002614171504491276
66 0.0026154085966859806
67 0.0026157239216311923
68 0.0024120340765928843
69 0.002411304918855862
70 0.0024065611227981564
71 0.0024060427431860953
72 0.0024060427431860953
73 0.0024079274704325677
74 0.002218616036491703
75 0.002217829861021305
76 0.0022164823151101755
77 0.0022164823151101755
78 0.0022189656361512183
79 0.0022123395646719145
80 0.002213587317789837
81 0.002213587317789837
82 0.002215228700650642
83 0.002217341988569152
84 0.0022231716407872548
85 0.0022240509012114774
86 0.0022240509012114774
87 0.0024035515380859173
88 0.0024075586515179418
89 0.002410137621603292
90 0.002411304918855862
91 0.0024135388290894484
92 0.0024206771683177863
93 0.002610157621603292
94 0.002421271734470046
95 0.0024240709012114774
96 0.002424660905813484
97 0.0026123795646719144
98 0.002619906040153636
99 0.0026190056361512183
100 0.002619906040153636
101 0.0026190056361512183
102 0.0028104032297036094
103 0.002817889861021305
104 0.0028215251271486936
105 0.003011364918855862
106 0.0030124195646719144
107 0.003018696036491703
108 0.003211384918855862
109 0.0034187360364917032
110 0.0034187360364917032
111 0.0034187360364917032
112 0.0034187360364917032
113 0.0034187360364917032
114 0.0036136588290894486
115 0.003616515997273569
116 0.003619684765460925
117 0.0034187360364917032
118 0.0038136788290894486
119 0.0036158239216311926
120 0.004805264295138918
121 0.0036166223151101757
122 0.004816742315110176
123 0.0048068177443836065
124 0.004416405905053845
125 0.005213583549937953
126 0.004222168495431551
127 0.004814391504491277
128 0.00581901162654841
129 0.005605879496451458
130 0.004820228741191564
132 0.006014226319437899
133 0.006018533062288616
