6 0.006028671059191843
7 0.0037754767337825324
8 0.0032283910591918417
9 0.0022637758850329536
10 0.0022637758850329536
11 0.0022637758850329536
12 0.0022637758850329536
13 0.0022637758850329536
14 0.0022637758850329536
15 0.0022637758850329536
16 0.0022637758850329536
17 0.0022637758850329536
18 0.0022637758850329536
19 0.0022637758850329536
20 0.0022637758850329536
21 0.002428311059191842
22 0.0024884047264378444
23 0.0031898165786554853
24 0.0032468604592582307
25 0.006047140459258231
26 0.0059633665533061165
