68 0.005410265693004277
69 0.005410265693004277
70 0.005410265693004277
71 0.005410265693004277
72 0.0046133057928249704
73 0.0046133057928249704
74 0.0046133057928249704
75 0.0046133057928249704
76 0.0046133057928249704
77 0.0046133057928249704
78 0.0046133057928249704
79 0.0046133057928249704
80 0.0046133057928249704
81 0.0046133057928249704
82 0.0046133057928249704
83 0.0046133057928249704
84 0.0046133057928249704
85 0.0046133057928249704
86 0.0046133057928249704
87 0.0046133057928249704
88 0.0046133057928249704
89 0.0046133057928249704
90 0.0046133057928249704
91 0.0046133057928249704
92 0.0046133057928249704
93 0.0046133057928249704
94 0.0046133057928249704
95 0.0046133057928249704
96 0.0046133057928249704
97 0.0046133057928249704
98 0.004813325792824971
99 0.004813325792824971
100 0.004813325792824971
101 0.004813325792824971
102 0.004813325792824971
103 0.004813325792824971
104 0.004813325792824971
105 0.004813325792824971
106 0.004813325792824971
107 0.004813325792824971
108 0.004813325792824971
109 0.004813325792824971
110 0.00501334579282497
111 0.00501334579282497
112 0.00501334579282497
113 0.005608934086397563
114 0.005608934086397563
115 0.005425167976435701
116 0.005421057402957486
117 0.005421057402957486
118 0.006006464608498301
119 0.006406504608498301
120 0.008820367819296498
121 0.006812588016309457
122 0.005424860963168692
123 0.00661046556355157
124 0.006206802483152013
125 0.0052226101475056075
130 0.005810343412670493
