82 0.0012116270120780415
83 0.0012116270120780415
84 0.0012092663397821797
85 0.0012078682540510616
86 0.0012078682540510616
87 0.0012081796435059213
88 0.0012092663397821797
89 0.0012116270120780415
90 0.0010224913109161803
91 0.0010224913109161803
92 0.001014495312969437
93 0.001014495312969437
94 0.0010133580065947053
95 0.001014495312969437
96 0.001014495312969437
97 0.001014495312969437
98 0.0010129733145709777
99 0.0010133580065947053
100 0.0010129733145709777
101 0.0010129733145709777
102 0.0010129733145709777
103 0.001010677348300206
104 0.001010677348300206
105 0.001010677348300206
106 0.001010677348300206
107 0.0010096083838417372
108 0.0010096083838417372
109 0.0010096083838417372
110 0.0010096083838417372
111 0.0010096083838417372
112 0.0010096083838417372
113 0.001004153259442848
114 0.001004153259442848
115 0.001004153259442848
116 0.001004153259442848
117 0.001004153259442848
118 0.0010055206340251071
119 0.0010055206340251071
120 0.0010055206340251071
121 0.0010055206340251071
122 0.0010055206340251071
123 0.0010097050200658935
124 0.0010060159373539922
125 0.0010055206340251071
126 0.0010055206340251071
127 0.0010060159373539922
128 0.001214515312969437
129 0.0010055206340251071
