6 0.009688725986754833
11 0.0063717567866111435
16 0.005180484661579616
21 0.0037630288722098424
26 0.0029230832235357888
31 0.0028075948743029257
32 0.0042037155294132695
35 0.0040307339957190115
36 0.0024932814790036323
37 0.003946737115200742
38 0.0037750250744703912
39 0.003568649451320597
40 0.0033977456154224922
41 0.0024628795976831155
42 0.003416859777125798
43 0.0029919377748043588
44 0.0029919377748043588
45 0.0028312688058527934
46 0.0024290135033421343
47 0.0028407365077876847
48 0.002912353384647851
49 0.0024651417829605962
50 0.0024290135033421343
51 0.0023593906715439943
52 0.0034690109760098405
53 0.0023593906715439943
54 0.002473836233075799
55 0.002912353384647851
