66 0.0010042532734629932
67 0.0010042532734629932
68 0.0010042532734629932
69 0.0010042532734629932
70 0.0010042532734629932
71 0.0010042532734629932
72 0.0010042532734629932
73 0.0010042532734629932
74 0.0008221012774951271
75 0.0008157945818532371
76 0.0008157945818532371
77 0.0008157945818532371
78 0.0008144083724143342
79 0.0008157945818532371
80 0.0008108267379223433
81 0.0008103964761343666
82 0.0008108267379223433
83 0.0008108267379223433
84 0.0008103964761343666
85 0.0008108267379223433
86 0.0008108267379223433
87 0.0008108267379223433
88 0.0008064339872066897
89 0.0008064061715158005
90 0.0008064339872066897
91 0.0008064339872066897
92 0.0008064339872066897
93 0.0008064339872066897
94 0.0008059242117298399
95 0.0008059242117298399
96 0.0008059972424199685
97 0.0008048732779487465
98 0.0008048732779487465
99 0.0008048732779487465
100 0.0008048732779487465
101 0.0008048980231773837
102 0.000620969829083986
103 0.0006207382693758003
104 0.0006207382693758003
105 0.0006208524154650975
106 0.0006191997384900527
107 0.0006191997384900527
108 0.0006194080683531544
109 0.0006188344974053993
110 0.0006188344974053993
111 0.0006188344974053993
112 0.0006188344974053993
113 0.0006189980257049214
114 0.0006175620005532769
115 0.0006175620005532769
116 0.0006177599745838356
117 0.0006177599745838356
118 0.0006177599745838356
119 0.0006188262895831492
120 0.0006188262895831492
121 0.0006182399494423697
122 0.0006148801038061069
123 0.0006132607130388194
124 0.0006132383925376787
125 0.0006132607130388194
126 0.0006132607130388194
127 0.0006132607130388194
128 0.0006132607130388194
129 0.0006124298456722512
130 0.0006115230589244746
131 0.0006115230589244746
132 0.0006115230589244746
133 0.0006115230589244746
134 0.0006115230589244746
135 0.0006113409560719922
136 0.0006109018949270503
137 0.000610770589531031
138 0.0006107063194560086
139 0.0006103019229143204
140 0.0006102813357126843
141 0.0006102813357126843
142 0.0006099446013310424
143 0.0006097126981715092
144 0.0006097126981715092
145 0.0006097126981715092
146 0.0006098258666740429
147 0.0006088518615746095
148 0.0006087711405767459
149 0.0006084741628902942
150 0.0006084741628902942
151 0.0006081903878778035
152 0.0006081230656849895
153 0.0006081215789209553
154 0.0006080117653232602
155 0.0006079792826939059
156 0.0006079588176769564
157 0.0006079427819929342
158 0.0006077126591830214
159 0.0006073197339543229
160 0.0006072367451617621
161 0.0006068940044946091
162 0.0006068179050375541
163 0.0006067620531805237
164 0.0006065586047866091
165 0.0006064925232127739
166 0.0006064825655178143
167 0.0006064368849892816
168 0.0006064139872066898
169 0.0006064104387084413
170 0.0006063957106286569
171 0.0006063861715158006
172 0.0006062882641572189
173 0.0006062077670609061
174 0.000606205619146202
175 0.0006060440053182769
176 0.0006059772424199685
177 0.0006059619296972267
178 0.0006059042117298399
179 0.0006056944751497948
180 0.0006056759200588726
181 0.0006056191351896808
182 0.0006055990051263229
183 0.0006055327965908087
184 0.0006055189173630919
185 0.0006052465951250474
186 0.0006051745162551509
187 0.0006049925110501727
188 0.0006048780231773837
189 0.0006048532779487465
190 0.000604746572936874
191 0.0006047422927552895
192 0.0006046861452760453
193 0.0006042132734629931
194 0.0006041773692760506
195 0.000604171439593946
196 0.0006041147275395516
197 0.0006040687813621408
198 0.0006040631829781896
199 0.0006040449470475356
200 0.00042501154725544104
