38 0.004595474161837561
39 0.004595474161837561
40 0.004595474161837561
41 0.004595474161837561
42 0.0046298930822895185
43 0.0046298930822895185
44 0.0046298930822895185
45 0.0046298930822895185
46 0.003683092941460557
47 0.0033937748423594864
48 0.0033671949689378314
49 0.003355359035906443
50 0.0032763206161658875
51 0.0031977063237779877
52 0.0031977063237779877
53 0.0031977063237779877
54 0.0031977063237779877
55 0.0031977063237779877
56 0.0031977063237779877
57 0.0032565652724979985
58 0.0031977063237779877
59 0.0032565652724979985
60 0.0025382248617065862
61 0.0025353053160507982
62 0.0025353053160507982
63 0.0025353053160507982
64 0.0025353053160507982
65 0.0025353053160507982
66 0.0025353053160507982
67 0.0025355121477809005
68 0.0025355121477809005
69 0.0025355121477809005
70 0.0025355121477809005
71 0.0025355121477809005
72 0.0025355121477809005
73 0.0025355121477809005
74 0.0026075615163635322
75 0.0026075615163635322
76 0.0026075615163635322
77 0.0026075615163635322
78 0.002951643446664703
79 0.003359418090810769
80 0.0032659409118072137
81 0.00268721157507107
82 0.00268721157507107
83 0.00378809434005506
84 0.003500414768412681
85 0.002951643446664703
86 0.0033159508648331927
87 0.0037930995587085814
90 0.004746108744201126
