70 0.0010103419229143206
71 0.0010098658666740428
72 0.0010103419229143206
73 0.0010081630656849896
74 0.0010081615789209555
75 0.0010081615789209555
76 0.0008191614342016114
77 0.0008206553428405367
78 0.0008219685056035287
79 0.0008130077799592779
80 0.0008124498456722512
81 0.0008130077799592779
82 0.0008132807130388194
83 0.0008132807130388194
84 0.0008132807130388194
85 0.0008087911405767459
86 0.0008082592845266001
87 0.0008099646013310424
88 0.0008067820531805237
89 0.0008065025655178143
90 0.0008064339872066897
91 0.0008064339872066897
92 0.0008059819296972266
93 0.0008056391351896808
94 0.0008052665951250473
95 0.0008052665951250473
96 0.0008047622927552895
97 0.0008047061452760453
98 0.0008041973692760506
99 0.0008059972424199685
100 0.000625031547255441
101 0.0006243568065330105
102 0.0006240606233448864
103 0.000623451380595519
104 0.0006229729123427407
105 0.0006229729123427407
106 0.0006226106523860215
107 0.000622422309814704
108 0.0006227715878650538
109 0.0006226106523860215
110 0.0006201126701983504
111 0.0006199140200204345
112 0.0006200270318670223
113 0.0006191997384900527
114 0.0006190381099004624
115 0.0006190381099004624
116 0.0006188262895831492
117 0.0006182399494423697
118 0.0006171264030840201
119 0.0006171264030840201
120 0.0006166260056862604
121 0.0006166260056862604
122 0.0006132607130388194
123 0.0006132607130388194
124 0.0006148243863009321
125 0.0006148801038061069
126 0.0006148243863009321
127 0.0006168473403508357
128 0.0006158123957111843
129 0.0006140359887866521
130 0.0006143883724143342
131 0.00061197180298389
132 0.0006118852783866483
133 0.0006115112053326576
134 0.0006113409560719922
135 0.0006113409560719922
136 0.0006109886702412007
137 0.0006107649286193186
138 0.0006107334666644014
139 0.0006107334666644014
140 0.0006108067379223433
141 0.0006103764761343667
142 0.0006097126981715092
143 0.0006094519642040226
144 0.0006097126981715092
145 0.0006093616561206092
146 0.0006089286855288784
147 0.0006083812499132694
148 0.0006082833027763754
149 0.0006082392845266001
150 0.0006083812499132694
151 0.0006082833027763754
152 0.0006086291110025447
153 0.0006082392845266001
154 0.0006082392845266001
155 0.0006081903878778035
156 0.0006079792826939059
157 0.0006081308403959272
158 0.0006081230656849895
159 0.0006079427819929342
160 0.0006079427819929342
161 0.0006068940044946091
162 0.0006068940044946091
163 0.0006068179050375541
164 0.0006068179050375541
165 0.0006064925232127739
166 0.0006064825655178143
167 0.0006064368849892816
168 0.0006064368849892816
169 0.0006064104387084413
170 0.0006063957106286569
171 0.0006063861715158006
172 0.0006062882641572189
173 0.0006062077670609061
174 0.000606205619146202
175 0.0006060440053182769
176 0.0006059772424199685
177 0.0006059619296972267
178 0.0006059042117298399
179 0.0006056944751497948
180 0.0006056759200588726
181 0.0006056191351896808
182 0.0006055990051263229
183 0.0006055327965908087
184 0.0006055189173630919
185 0.0006052465951250474
186 0.0006051745162551509
187 0.0006049925110501727
188 0.0006048780231773837
189 0.0006048532779487465
190 0.000604746572936874
191 0.0006047422927552895
192 0.0006046861452760453
193 0.0006042132734629931
194 0.0006041773692760506
195 0.000604171439593946
196 0.0006041147275395516
197 0.0006040687813621408
198 0.0006040631829781896
199 0.0006040449470475356
200 0.00042501154725544104
