2 0.004507859102155221
3 0.003107719102155221
4 0.002907699102155221
5 0.0024860120134868515
6 0.0018859520134868516
7 0.001745784188420032
8 0.0015519919794568073
9 0.0014859120134868514
10 0.001345744188420032
11 0.0012622423295279958
12 0.0011457241884200318
13 0.001140876314846024
14 0.001064202146164366
15 0.0010157882122632466
16 0.000972798849644483
17 0.0009656222154562319
18 0.0009408563148460238
19 0.0008872638010097709
20 0.0008746926096474745
21 0.0008746926096474745
22 0.0008746926096474745
23 0.0008854253265408818
24 0.0009115562256207647
25 0.0009115562256207647
27 0.00205849554042988
