1 0.02026347795702498
2 0.010277721400800646
3 0.007062157957024975
4 0.005293842139400093
5 0.004293742139400093
6 0.0036770614008006454
7 0.003261777957024975
8 0.002875869800876419
9 0.0026084847135371203
10 0.002293542139400093
11 0.0022084447135371204
12 0.002054452792230955
13 0.0018847005021175763
14 0.001818086631080891
15 0.001685805924041189
16 0.0016230355355564842
17 0.0014934621394000927
18 0.0014761428033691426
19 0.001434918854686786
20 0.0012987562958007267
21 0.0012896346977087853
22 0.001261577957024975
23 0.0012418554235010875
24 0.0012247875828451979
25 0.0010926559195366232
26 0.001089761439732293
27 0.0010890860222553562
28 0.0010768014008006453
29 0.001075689800876419
30 0.0010526424222541797
31 0.0010492631130534715
32 0.0010189987431657073
33 0.001012588106304332
34 0.0008948272466151599
35 0.0008890849555871287
36 0.0008878885725073186
37 0.0008854522307746418
38 0.0008789106427832242
39 0.0008671395032681411
40 0.0008577194629525908
41 0.0008558374484693176
42 0.0008543327922309546
43 0.0008536915542221797
44 0.0008513712351881403
45 0.0008430394352893449
46 0.0008311157696189651
47 0.0008193572706598522
48 0.0008133093842225811
49 0.0008126038454772746
50 0.00080830471353712
51 0.0006956129965728344
52 0.0006948072466151599
53 0.0006933821394000928
54 0.0006897214397322928
55 0.0006878685725073186
56 0.0006860033031563248
57 0.0006858427006684269
58 0.0006854322307746418
59 0.0006854322307746418
60 0.0006854322307746418
61 0.0006767614008006452
62 0.0006734960846312808
63 0.0006679461040847806
64 0.0006664372676086156
65 0.0006607347204543106
66 0.00065962142766142
67 0.0006571965951216982
68 0.0006562430025142281
69 0.0006560320420263884
70 0.0006560320420263884
71 0.0006550920990193545
72 0.0006514368963873237
73 0.0006513512351881403
74 0.0006513034318172183
75 0.0006513512351881403
76 0.0006487787893156932
77 0.0006487787893156932
78 0.0006468577947612749
79 0.0006460403656593325
80 0.0006430194352893449
81 0.0006788906427832242
82 0.0006430194352893449
83 0.0006352485425032576
84 0.0006348388546867862
85 0.0006303821898561257
86 0.0006930683565921192
