3 0.005981703323777427
4 0.0057361701342678525
5 0.0057361701342678525
6 0.0057361701342678525
7 0.0057361701342678525
8 0.0057361701342678525
9 0.0057361701342678525
10 0.0057361701342678525
11 0.0057361701342678525
12 0.0057361701342678525
13 0.00670473766527394
14 0.00674632140760562
15 0.006946341407605619
16 0.008572767611548984
17 0.009772887611548983
18 0.01939446163635053
19 0.020539000113551118
20 0.020802835686370688
21 0.02153910011355112
22 0.02173912011355112
23 0.07018955587630824
24 0.07450368882387795
