4 0.005460817547296297
5 0.0045136025409493845
6 0.0045136025409493845
7 0.0045136025409493845
8 0.0045136025409493845
9 0.0045136025409493845
10 0.0045136025409493845
11 0.0045136025409493845
12 0.0045136025409493845
13 0.0045136025409493845
14 0.0045136025409493845
15 0.0045136025409493845
16 0.0045136025409493845
17 0.0045136025409493845
18 0.0045136025409493845
19 0.004655419220537139
20 0.004655419220537139
21 0.0045136025409493845
22 0.0046858467023150165
23 0.0046858467023150165
24 0.006113762540949384
25 0.008313982540949384
27 0.008686246702315017
