3 0.005689423893821605
4 0.0042927420065094245
5 0.0034926620065094246
6 0.0030782141303463445
7 0.0026826631072031162
8 0.002297367256378717
9 0.0020936293970147428
10 0.0018973272563787172
11 0.0018691650282748116
12 0.001682563107203116
13 0.0016423339885945968
14 0.0014876671459373059
15 0.0014780541303463445
16 0.0012949235250004458
17 0.0012840071092457563
18 0.0012825139972980199
19 0.0012766640561114066
20 0.001097247256378717
21 0.0010962292292935123
22 0.0010962292292935123
23 0.001097247256378717
