12 0.5527777252735993
13 0.3557224942789577
14 0.29754763340661644
15 0.20326999673083299
16 0.36201373779018037
17 0.32544272403848673
18 0.26965254277474615
19 0.2381060473799076
20 0.2763888626367996
21 0.2591145587219997
22 0.32436490760332226
23 0.28796582870201337
24 0.282212568234284
25 0.2869767957474112
26 0.2418402548071997
27 0.40916422169644684
28 0.281804662070403
29 0.40230676175421387
30 0.1863308303365969
31 0.40230676175421387
32 0.40230676175421387
33 0.26167575763680273
34 0.40230676175421387
35 0.40767071047556325
36 0.40230676175421387
37 0.40230676175421387
38 0.40230676175421387
39 0.4769176563626653
41 0.40230676175421387
42 0.40230676175421387
43 0.8484772427707737
44 0.40230676175421387
45 0.40767071047556325
46 0.40230676175421387
47 0.40230676175421387
48 0.40230676175421387
49 0.40230676175421387
50 0.40230676175421387
51 0.40230676175421387
52 0.40230676175421387
53 0.40230676175421387
54 0.40230676175421387
55 0.40230676175421387
56 0.40230676175421387
57 0.4259718653868147
58 0.40653999346166597
59 0.43165134050353754
60 0.5342264121149316
61 0.5342264121149316
62 0.5342264121149316
