54 0.006008252659183022
55 0.0058082326591830215
56 0.005208172659183022
57 0.004408092659183022
58 0.004608112659183022
59 0.004008052659183021
60 0.003608012659183022
61 0.003407992659183022
62 0.003808032659183022
63 0.0030079526591830215
64 0.0028079326591830215
65 0.0030079526591830215
66 0.0024078926591830216
67 0.002225003512485827
68 0.002225003512485827
69 0.002225003512485827
70 0.0026079126591830215
71 0.0024078926591830216
72 0.0024078926591830216
73 0.0024078926591830216
74 0.0020078526591830216
75 0.0024078926591830216
76 0.0020078526591830216
77 0.0020078526591830216
78 0.0020078526591830216
79 0.0016078126591830212
80 0.0018078326591830216
81 0.0016078126591830212
82 0.0014077926591830213
83 0.001411252139547587
84 0.0014114209560719922
85 0.001413492211443934
86 0.001413492211443934
87 0.0016078126591830212
88 0.001411252139547587
89 0.0014077926591830213
90 0.0014077926591830213
91 0.0016078126591830212
92 0.001411252139547587
93 0.001411252139547587
94 0.0030079526591830215
95 0.001411252139547587
96 0.0016240448033395577
97 0.005208172659183022
98 0.0016065925232127739
99 0.0014228515878650537
100 0.001411252139547587
101 0.0018057391351896808
102 0.00120807176532326
103 0.00120807176532326
104 0.00120807176532326
105 0.0014082030656849896
106 0.0014049580231773836
107 0.0014169080943951858
108 0.0012113423260768801
109 0.0012055789173630919
110 0.0010192963230802262
111 0.0010192963230802262
112 0.0012055789173630919
113 0.0012055789173630919
114 0.0012055789173630919
115 0.001615874581853237
116 0.0014154042945524782
117 0.0012195420634438581
118 0.0012195420634438581
