3 0.008309613701181188
4 0.009896903820275492
5 0.005554901358796661
6 0.010653516050995324
7 0.004469114660829693
8 0.008405983076049662
9 0.004022251221207331
10 0.007650737104247659
11 0.0032582004531240124
13 0.0030860563104425894
15 0.002846608903077022
16 0.003602564175449855
17 0.002629049325361941
18 0.0026725818028777463
19 0.002629049325361941
20 0.0026725818028777463
21 0.0024688450483540715
22 0.00260656036249921
23 0.0024688450483540715
24 0.0024688450483540715
25 0.0022828962966418556
26 0.0019711716438969755
27 0.0022828962966418556
28 0.003434317299722954
