31 0.002707867411128842
32 0.00206878893341838
33 0.0019560998223485146
34 0.0019560998223485146
35 0.0019468728174648294
36 0.0019468728174648294
37 0.001972155212004518
38 0.001796732452213885
39 0.001796732452213885
40 0.0017914373314306714
41 0.0017914373314306714
42 0.001582727131413151
43 0.0014959688874021794
44 0.0014959688874021794
45 0.0014670180667660682
46 0.0014561766923239254
47 0.0014561766923239254
48 0.0014561766923239254
49 0.0014561766923239254
50 0.0014574081020052806
51 0.0014574081020052806
52 0.0014670180667660682
53 0.0014670180667660682
54 0.0014670180667660682
55 0.0014670180667660682
56 0.001486718989718503
57 0.001467074866761386
58 0.001467074866761386
59 0.001467074866761386
60 0.001467074866761386
61 0.0014690443191968782
62 0.001486718989718503
63 0.0014843279580930354
64 0.0018231097938772702
65 0.0024283296202059447
