4 0.002437696947268345
5 0.002015932096067244
6 0.001841874175524068
7 0.0016378486449044125
8 0.0014158720960672434
9 0.0012551575748742257
10 0.00123997618988344
11 0.0010564243821514982
12 0.0010551375748742257
13 0.0010096700767706795
14 0.0010096700767706795
15 0.0010096700767706795
16 0.0009031020539258278
17 0.0008624506773325224
18 0.0008689229710338636
19 0.0008689229710338636
20 0.000939801855081963
21 0.0009784363535571732
22 0.00103995618988344
23 0.0010989906402528564
24 0.0010607981227711953
25 0.0010551375748742257
