89 0.0016318870612930404
90 0.0016205380650206034
91 0.0016205380650206034
92 0.0016198100442006906
93 0.0016205380650206034
94 0.0016205380650206034
95 0.0016205380650206034
96 0.0016205380650206034
97 0.0016205380650206034
98 0.0016205380650206034
99 0.0016205380650206034
100 0.0016205380650206034
101 0.0016205380650206034
102 0.0016205380650206034
103 0.0016240160212731077
104 0.0016318870612930404
105 0.0012661238324853813
106 0.0012661238324853813
107 0.0012357954089516699
108 0.0012357954089516699
109 0.0012325856847811509
110 0.001232191768593093
111 0.001232191768593093
112 0.001232191768593093
113 0.001232191768593093
114 0.001232191768593093
115 0.001232191768593093
116 0.001232191768593093
117 0.0012325856847811509
118 0.0012325856847811509
119 0.0012325856847811509
120 0.0012325856847811509
121 0.0012325856847811509
122 0.0012325856847811509
123 0.0012325856847811509
124 0.0012325856847811509
125 0.00123739095948165
126 0.00123739095948165
127 0.00123739095948165
128 0.001258326190331574
129 0.00123739095948165
130 0.0012437195986196277
131 0.0012489611870955377
132 0.0012503028307686986
133 0.0012568740771147643
134 0.0012489611870955377
135 0.0012644382078674807
136 0.0012525504615457882
137 0.0012503028307686986
138 0.001618584581104181
140 0.0016869224341659744
