11 0.00831865653075432
21 0.005272528757465849
31 0.0036717458879093404
41 0.003247375437577813
51 0.002828961584932354
61 0.002451534666015268
71 0.0020742005190305343
81 0.0016891396793189202
91 0.0016960824933795456
101 0.0016434475797082013
111 0.0016254817548337647
114 0.0020788495255613694
116 0.002862220798702148
117 0.00206231826580275
118 0.001643066951689373
119 0.0016895292392588158
120 0.00204217081445147
121 0.0012668547594891903
122 0.0016777682537754321
123 0.0016437946809648024
124 0.0016219711863632348
125 0.0016413459045374668
126 0.0016327971381064
127 0.0016510557763119381
128 0.0012717144100186733
129 0.001641091461165829
130 0.0012668547594891903
131 0.0016226179005991788
132 0.0016188262917474958
133 0.0016316111279717363
134 0.001632332262739958
135 0.001647381113546593
136 0.00164496930430752
