1 0.016376736733782534
2 0.011229191059191844
3 0.006794234394765091
4 0.0054447132570881965
5 0.004375536733782532
6 0.0033052277960698875
7 0.002975396733782532
8 0.0024552777377271026
9 0.0023051277960698877
10 0.0023051277960698877
11 0.0023051277960698877
12 0.0023051277960698877
13 0.0023051277960698877
14 0.0023051277960698877
15 0.0023051277960698877
16 0.0023051277960698877
17 0.0023051277960698877
18 0.0023051277960698877
19 0.0023051277960698877
20 0.002363006553306117
21 0.0023634176587072086
22 0.0024884047264378444
23 0.0031634976587072085
24 0.0025938143947650907
25 0.003117390081274307
