1 0.04020906000645175
2 0.020407080006451743
3 0.013864706380023057
4 0.010606100006451742
5 0.008464166380023057
6 0.00728897109429379
7 0.006088958508391017
8 0.0056100203917569145
9 0.005205560006451742
10 0.004288778508391017
11 0.0040754272180899866
12 0.0038116985411371716
13 0.0036312585771330567
14 0.003240254912149286
15 0.00307179413184187
16 0.0028995479077320386
17 0.0028053200064517415
18 0.002663042620988047
19 0.002463566380023057
20 0.002421426961655851
21 0.002421426961655851
22 0.002249267740201921
23 0.0020859354178406116
24 0.0020859354178406116
25 0.0020859354178406116
26 0.0020859354178406116
27 0.0020859354178406116
28 0.0020859354178406116
29 0.0020859354178406116
30 0.0020859354178406116
31 0.0020859354178406116
32 0.0020859354178406116
33 0.0020859354178406116
34 0.0020859354178406116
35 0.002088451094293789
36 0.002089426793805362
37 0.002090987988254735
38 0.002090987988254735
39 0.0020994679077320387
40 0.002289446793805362
41 0.0024562278349405226
42 0.00245654076683599
43 0.00245654076683599
44 0.0024562278349405226
45 0.002486225372220102
46 0.0026765782838020823
47 0.0028895067938053617
48 0.0028562678349405225
49 0.0028636063800230567
50 0.0030673350611048105
51 0.0034510327681432445
52 0.0036431034502238877
53 0.003610424572887262
54 0.004240354912149287
55 0.004084389225554505
