11 0.009575832882554158
12 0.006841883101026161
13 0.0065933441147376926
14 0.004872773788182794
15 0.005385973076423052
16 0.004061801116693263
17 0.003917451517858342
18 0.0038060598200083577
19 0.0036462195877545404
20 0.0036462195877545404
21 0.003661275703620726
22 0.0034484461569517207
23 0.003354719392175713
24 0.003354719392175713
25 0.0029157798189379486
26 0.0024750486378259905
27 0.0024750486378259905
28 0.0024750486378259905
29 0.0024283296202059447
30 0.0024165362673436164
31 0.0024283296202059447
32 0.0024165362673436164
33 0.0023863721543663013
34 0.0024283296202059447
35 0.0023863721543663013
36 0.002114477677782421
37 0.0019866339530746333
38 0.0019866339530746333
39 0.0019866339530746333
40 0.0019866339530746333
41 0.0019866339530746333
42 0.0019866339530746333
43 0.001935534429361941
44 0.001935534429361941
45 0.001935534429361941
46 0.001971877857311656
47 0.002062540531521659
48 0.0019822919862913374
49 0.0019822919862913374
50 0.0019822919862913374
51 0.0019822919862913374
52 0.0019822919862913374
53 0.001994625183202906
54 0.0022728654064229853
55 0.0022569844819366183
56 0.002386321420978105
60 0.0027083813783239418
61 0.0024494682812227202
