65 0.020383632959151066
66 0.01834526966323596
67 0.019160614981602
68 0.01834526966323596
69 0.017122251685686894
70 0.017122251685686894
71 0.017122251685686894
72 0.015899233708137832
73 0.012637852434673661
74 0.011414834457124597
75 0.011414834457124597
76 0.010191816479575533
77 0.009376471161209491
78 0.008561125842843447
79 0.008153453183660427
80 0.007745780524477405
81 0.006522762546928341
82 0.006522762546928341
83 0.00611508988774532
84 0.005707417228562299
85 0.005707417228562299
86 0.0052997445693792776
87 0.0044843992510132345
88 0.0044843992510132345
89 0.0044843992510132345
90 0.0048920719101962565
91 0.0036690539326471924
92 0.0040767265918302134
93 0.0036690539326471924
94 0.0028537086142811493
95 0.0032613812734641704
96 0.0040767265918302134
97 0.0032613812734641704
98 0.0028537086142811493
99 0.0024460359550981282
100 0.0040767265918302134
101 0.0028537086142811493
102 0.0032613812734641704
103 0.0032613812734641704
104 0.0028537086142811493
105 0.0028537086142811493
106 0.0032613812734641704
107 0.0032613812734641704
108 0.0032613812734641704
109 0.0028537086142811493
110 0.0032613812734641704
111 0.0048920719101962565
112 0.0044843992510132345
113 0.0028537086142811493
114 0.0044843992510132345
115 0.0048920719101962565
116 0.0036690539326471924
117 0.002039696413469529
118 0.002031241320786094
119 0.0016652815827940502
120 0.0016652815827940502
121 0.0016409653428507368
122 0.0016318870612930404
123 0.0016409653428507368
124 0.0016329732111055014
125 0.001625770262071257
126 0.0016254817548337647
127 0.0016254817548337647
128 0.0016225436802354903
129 0.0016327971381064
130 0.0016225436802354903
131 0.0016526456884031885
132 0.0016427738666576052
133 0.0012676092755618238
134 0.001274609201663457
135 0.0020241901158869185
