5 0.006737799732262076
6 0.005121421462274313
7 0.003942343287793951
8 0.0034495503768197074
9 0.0029567574658454637
10 0.002843982056891622
11 0.002603753837278729
12 0.002437698905907105
13 0.0023321055156281098
14 0.0022813395247567275
15 0.0018921301859820081
16 0.0018921301859820081
17 0.0017493889240895188
18 0.0017091175910895135
19 0.0016943273536991607
20 0.0017091175910895135
21 0.0017091175910895135
22 0.0017110046435675455
23 0.0017493889240895188
24 0.0019069264090909542
25 0.0022813395247567275
26 0.0019069264090909542
27 0.0019069264090909542
