1 0.016298192865677314
2 0.008450474555090211
3 0.005733393339553175
4 0.004935497436649992
5 0.0038500145550902113
6 0.003249954555090211
7 0.002733093339553175
8 0.002733093339553175
9 0.002733093339553175
10 0.002733093339553175
11 0.002733093339553175
12 0.002733093339553175
13 0.002733093339553175
14 0.002733093339553175
15 0.002733093339553175
16 0.002733093339553175
17 0.0028955725245292984
18 0.0028955725245292984
19 0.002908404248315847
20 0.002849914555090211
21 0.0028955725245292984
22 0.0029352974366499917
23 0.003649994555090212
24 0.003933213339553175
25 0.005525414926529199
26 0.007933613339553176
27 0.007450374555090212
