11 0.0014158720960672434
12 0.0015120241937532576
13 0.0011648475930217794
14 0.0011648475930217794
15 0.0011648475930217794
16 0.0011027785557975512
17 0.0010375569472683447
18 0.0010375569472683447
19 0.0009027585557975512
20 0.0008624506773325224
21 0.0008075713856411917
22 0.0008075713856411917
23 0.0007132225409493835
24 0.0007132225409493835
25 0.0007132225409493835
26 0.0007132225409493835
27 0.0007378255917047214
28 0.0007132225409493835
29 0.0007648075930217794
30 0.0007648075930217794
31 0.0008551175748742257
