3 0.021553666719874104
4 0.010550551258235317
5 0.01065407475801792
6 0.01065407475801792
7 0.01065407475801792
8 0.01067894745093035
9 0.01067894745093035
10 0.01067894745093035
11 0.01067894745093035
12 0.01067894745093035
13 0.01067894745093035
14 0.01067894745093035
15 0.010776833359937052
16 0.011732623624158701
17 0.011732623624158701
18 0.012316380982785202
19 0.011967736229703714
20 0.012829563523734586
21 0.013342746064683969
22 0.013855928605633352
23 0.013855928605633352
24 0.02554496960094839
