1 0.04021300551960462
2 0.020411025519604616
3 0.01365464660606762
4 0.010407122924210765
5 0.008889803934165547
6 0.007207698181133816
7 0.006206702924210765
8 0.005433422629616978
9 0.005233402629616978
10 0.005233402629616978
11 0.005233402629616978
12 0.005233402629616978
13 0.005233402629616978
14 0.005233402629616978
15 0.005233402629616978
16 0.005233402629616978
17 0.005233402629616978
18 0.005233402629616978
19 0.005233402629616978
20 0.005233402629616978
21 0.005233402629616978
22 0.005233402629616978
23 0.005233402629616978
24 0.005240797025828746
25 0.005240797025828746
26 0.005272960549977526
27 0.005272960549977526
28 0.005272960549977526
29 0.005284598030243351
30 0.005284598030243351
31 0.005284598030243351
32 0.005284598030243351
33 0.005284598030243351
34 0.005284598030243351
35 0.005489653941019109
36 0.005289443934165547
37 0.005289443934165547
38 0.006220457505829783
39 0.006220457505829783
40 0.006283075034589584
41 0.007698481983276971
42 0.007864475126592899
43 0.0074831950345895844
44 0.007273160549977526
45 0.007299921889022902
46 0.0076463250875765075
47 0.007426686060712415
48 0.00907206721607051
49 0.006898401983276971
50 0.011227066060712417
52 0.017076890393850318
