4 0.00290631800220806
5 0.0025431234212433627
6 0.001886623520462166
7 0.0018300799554268328
8 0.001449285326331273
9 0.001286563520462166
10 0.0012372158201136485
11 0.0011429834212433629
12 0.0010865435204621661
13 0.0010865435204621661
14 0.0010865435204621661
15 0.0009629744144096055
16 0.0009429634212433627
17 0.0009403345088083673
18 0.0009403345088083673
19 0.0009536795103313512
20 0.0010714437369544814
21 0.0010956358155788173
22 0.0011403545088083673
23 0.0011761877949874764
24 0.0014052118830810878
