6 0.023560396006312937
11 0.015273620571714332
16 0.014321559373228581
21 0.010839078796439014
26 0.010372349422020958
30 0.014224906485980597
31 0.010253870188575494
32 0.011457247498582866
33 0.010967139212162889
34 0.010861652224826383
35 0.010751673530888612
36 0.009825248786590164
37 0.012245083557827968
38 0.01196415186781406
39 0.010367940760061548
40 0.010367940760061548
41 0.009825248786590164
42 0.012245083557827968
43 0.011936693554286453
44 0.009825248786590164
45 0.011052861200805581
46 0.011770661368066105
48 0.01196415186781406
49 0.011934632811023818
