98 0.0016169280943951858
99 0.00161260365316055
100 0.0014192797384900528
101 0.001411252139547587
102 0.001415889905112274
103 0.0014082015789209554
104 0.0014201926701983504
105 0.0012165149598022456
106 0.0014132064989660438
107 0.001405254516255151
108 0.0014053265951250475
109 0.001216032826537716
110 0.0014041249470475357
111 0.0014199813731965588
112 0.001214940103806107
113 0.0012201726701983504
114 0.0012086891110025448
115 0.0018225520707213603
117 0.0014196279040414477
118 0.0016078126591830212
121 0.001610312778388917
