69 0.011823977755232442
70 0.011414834457124597
71 0.011007161797941575
72 0.011007161797941575
73 0.01055712299574325
74 0.01055712299574325
75 0.011007161797941575
76 0.010572088728390786
77 0.011414834457124597
78 0.010979407915572982
79 0.011007161797941575
80 0.009784143820392513
81 0.010268264738275773
82 0.011993791134078731
83 0.01265757315453566
84 0.010678995327806806
85 0.014268543071405747
86 0.012265054457939479
87 0.011007161797941575
88 0.012668547594891902
89 0.01223017977549064
90 0.011842121545596739
91 0.011149722027328933
92 0.011149722027328933
93 0.01223017977549064
94 0.01112516155130135
95 0.011414834457124597
96 0.01112516155130135
97 0.012401941594407193
98 0.013453197753039704
99 0.011591887686026259
100 0.013453197753039704
101 0.0126023565362537
102 0.01223017977549064
103 0.013883042889401408
104 0.015083888389771788
105 0.011414834457124597
106 0.00922902104265026
107 0.00922902104265026
108 0.008233554978104215
109 0.008233554978104215
110 0.008233554978104215
111 0.008233554978104215
112 0.008233554978104215
113 0.008233554978104215
114 0.01192602745622952
115 0.0127228751154093
116 0.009188927594120272
117 0.011876711121762997
118 0.011764895692688997
119 0.012637442602426347
120 0.01411176102776037
121 0.01102497648386136
122 0.01221185840993528
123 0.017708890581691575
124 0.011966569975647259
125 0.011908275526564559
126 0.01515961053505813
