4 0.0028749144620447593
5 0.00227485446204476
6 0.0018510784593196823
7 0.0016747944620447595
8 0.0015466012217319755
9 0.001370434881189182
10 0.0012807342924846992
11 0.0012357221363636516
12 0.001164855784566387
13 0.001092872910974244
14 0.0010573223313404853
15 0.0010357021363636514
16 0.0009697658636965045
17 0.0009540342467454126
18 0.0008928529109742439
19 0.0008869034599445909
20 0.0008573023313404853
21 0.0008542846937061921
22 0.0008509784593196823
23 0.0008211724832663797
24 0.000817251262088518
25 0.000817251262088518
26 0.000817251262088518
27 0.000817251262088518
28 0.0008356821363636514
29 0.0010747344620447596
