39 0.0010846205021175761
40 0.0008987162958007265
41 0.0008967184882686584
42 0.0008956329965728344
43 0.0008956329965728344
44 0.0008956329965728344
45 0.0008930988030011295
46 0.0008895946977087851
47 0.0008860233031563248
48 0.0008793056274536734
49 0.0008793056274536734
50 0.0008793056274536734
51 0.0008793056274536734
52 0.0008793056274536734
53 0.0008793056274536734
54 0.0008793056274536734
55 0.0008793056274536734
56 0.0008793056274536734
57 0.0008793056274536734
58 0.0008860233031563248
59 0.0008818535183499866
60 0.0008872405372559648
61 0.000888765935787583
62 0.0008818535183499866
63 0.0008818535183499866
64 0.0008818535183499866
65 0.0008867782043662074
66 0.0008878885725073186
67 0.0008878885725073186
68 0.0008901951374316265
69 0.0008934021394000928
