6 0.002145824188420032
7 0.0019358309921157914
8 0.0016268975860854527
9 0.0014223285889952036
10 0.0014158282122632465
11 0.001264222146164366
12 0.0011728188496444832
13 0.0010872838010097708
14 0.0010872838010097708
15 0.001064202146164366
16 0.0010222885889952034
17 0.0009457041884200319
18 0.0009408563148460238
19 0.0009074991021552211
20 0.0008746926096474745
21 0.0008746926096474745
22 0.0008746926096474745
23 0.0008854253265408818
24 0.0008854253265408818
25 0.0009074991021552211
26 0.0010921787112516809
27 0.0010921787112516809
