78 0.012637852434673661
79 0.01182250711630762
80 0.010599489138758555
81 0.010071803485325676
82 0.010071803485325676
83 0.009722826520896235
84 0.008660186759117276
85 0.008567913919344892
86 0.008646953149625065
87 0.009055020248197387
88 0.008247796913445024
89 0.0073244426955486955
90 0.00793439203150534
91 0.007767056971757443
92 0.0073244426955486955
93 0.007846007819226277
94 0.00793439203150534
95 0.00793439203150534
96 0.00793439203150534
97 0.00793439203150534
98 0.00793439203150534
99 0.008153453183660427
100 0.00793439203150534
101 0.008652285524174937
102 0.008652285524174937
103 0.008652285524174937
104 0.009980128352801177
105 0.010422742629009923
106 0.009707388921069659
107 0.009707388921069659
108 0.010892316883149443
109 0.010892316883149443
110 0.010892316883149443
111 0.010892316883149443
112 0.01152119374931441
113 0.011926918038690249
114 0.012121719866654671
115 0.01174551742414439
116 0.012426719580585282
117 0.01251546683824855
118 0.012459996530220459
119 0.014690990364659623
120 0.01314463932369148
121 0.011709129721113489
122 0.01774293703532204
123 0.0171603485596911
124 0.01688148595370207
126 0.016029209786675616
129 0.013140421622904519
