25 0.012702719475642525
26 0.012702719475642525
27 0.012702719475642525
28 0.011444268287457805
29 0.011444268287457805
30 0.011008876568774542
31 0.011008876568774542
32 0.011008876568774542
33 0.01042516607565908
34 0.011008876568774542
35 0.009546849190238732
36 0.009546849190238732
37 0.009546849190238732
38 0.009546849190238732
39 0.009059506730726797
40 0.00857216427121486
41 0.00857216427121486
42 0.00857216427121486
43 0.00857216427121486
44 0.00857216427121486
45 0.00857216427121486
46 0.008756670391203425
47 0.01003419164975067
48 0.011005227675570012
49 0.010883379058525539
50 0.012702719475642525
51 0.012104032297254846
