16 0.01795848649324038
17 0.01795848649324038
18 0.01795848649324038
19 0.01795848649324038
20 0.01795848649324038
21 0.01795848649324038
22 0.01795848649324038
23 0.01795848649324038
24 0.01795848649324038
25 0.01795848649324038
26 0.01795848649324038
27 0.01795848649324038
28 0.01795848649324038
29 0.01795848649324038
30 0.01795848649324038
31 0.01795848649324038
32 0.01850874365970221
33 0.01850874365970221
34 0.01850874365970221
35 0.01850874365970221
36 0.01850874365970221
37 0.01850874365970221
38 0.01850874365970221
39 0.01850874365970221
40 0.01850874365970221
41 0.01850874365970221
42 0.01850874365970221
43 0.01850874365970221
44 0.01850874365970221
45 0.01850874365970221
46 0.01850874365970221
47 0.01850874365970221
48 0.01850874365970221
49 0.01960925799262587
50 0.01960925799262587
51 0.01960925799262587
52 0.01960925799262587
53 0.03191400293124649
54 0.027554976143596855
55 0.027554976143596855
56 0.024076155620762173
57 0.024076155620762173
58 0.04430941040032299
59 0.027747411146551253
61 0.0446175180690994
