64 0.006420494020020435
65 0.006420494020020435
66 0.006420494020020435
67 0.006420494020020435
68 0.006420494020020435
69 0.006420494020020435
70 0.006420494020020435
71 0.006420494020020435
72 0.006420494020020435
73 0.006420494020020435
74 0.006420494020020435
75 0.0062107727783889165
76 0.0062107727783889165
77 0.006022188864625766
78 0.006006159135189681
79 0.006006159135189681
80 0.005806139135189681
81 0.005806139135189681
82 0.005820421373196559
83 0.005820421373196559
84 0.006022188864625766
85 0.0070205413731965595
86 0.006806524211729841
87 0.005613303944077985
88 0.005613303944077985
89 0.004619438109900463
90 0.004619438109900463
91 0.004619438109900463
92 0.004619438109900463
93 0.004619438109900463
94 0.004619438109900463
95 0.004619438109900463
96 0.004619438109900463
97 0.004819458109900463
98 0.004819458109900463
99 0.004819458109900463
100 0.004819458109900463
101 0.004819458109900463
102 0.004819458109900463
103 0.004819458109900463
104 0.004819458109900463
105 0.004819458109900463
106 0.004819458109900463
107 0.004819458109900463
108 0.004819458109900463
109 0.004819458109900463
110 0.004819458109900463
111 0.005406174475149795
112 0.005010265866674043
113 0.004823776234965764
114 0.005207779733954324
115 0.005207779733954324
116 0.005005972796590809
117 0.006424640623344887
118 0.005022210608541494
119 0.00620697398720669
120 0.011606699005126323
121 0.009218245079451758
122 0.005606910438708442
123 0.007023996234965764
124 0.006605592511050173
128 0.006404648781362141
129 0.009005011439593947
