5 0.00247862094144372
6 0.00187856094144372
7 0.0016046161133123006
8 0.0014045961133123007
9 0.0013027985557975512
10 0.0013027985557975512
11 0.0012076113856411917
12 0.0011132625409493834
13 0.0010375569472683447
14 0.0010096700767706795
15 0.0010045561133123007
16 0.000863106626721804
17 0.0008417741755240678
18 0.0008399361898834399
19 0.0008571258668133295
20 0.0008624506773325224
21 0.0008989706402528563
22 0.0008989706402528563
23 0.0009027585557975512
24 0.0010564243821514982
25 0.0010194592052595111
26 0.001219479205259511
