86 0.005808662148584386
87 0.0042134835499379525
88 0.0052239414351126804
89 0.004208502148584386
90 0.004208502148584386
91 0.004208502148584386
92 0.004208502148584386
93 0.004020736766242963
94 0.004013463549937953
95 0.0038207167662429624
96 0.004013463549937953
97 0.0038207167662429624
98 0.0038207167662429624
99 0.004417499203938467
100 0.004417499203938467
101 0.0038214117344700462
102 0.0038214117344700462
103 0.0038214117344700462
104 0.0038214117344700462
105 0.0038214117344700462
106 0.0038214117344700462
107 0.0038214117344700462
108 0.0038214117344700462
109 0.0038234081263939903
110 0.004021431734470046
111 0.004021431734470046
112 0.00421556859668598
113 0.004222047867538372
114 0.004610762100229534
115 0.0046214917344700466
116 0.004617081861035235
117 0.004821269499891343
118 0.004213173711566838
119 0.004419047207023696
120 0.004611097182615779
121 0.004611097182615779
122 0.004611097182615779
123 0.005024878955625323
124 0.005623300513688136
125 0.00522404165199923
126 0.004824858955625323
127 0.004824858955625323
128 0.006024920963168692
129 0.007806887783391951
130 0.007206584608498301
131 0.0068107821377264115
