82 0.0018116425177356857
83 0.0016110886702412005
84 0.0016110886702412005
85 0.001410488115149816
86 0.0014085541628902941
87 0.0014055989173630918
88 0.00121256365316055
89 0.001207379733954323
90 0.0012064739872066897
91 0.0012057359200588727
92 0.0012057359200588727
93 0.0012057359200588727
94 0.0012085341628902942
95 0.0012146731995398758
96 0.0012066186047866093
97 0.0012066186047866093
98 0.0012064704387084412
99 0.0010234129490645759
100 0.0010234129490645759
101 0.0010226164251872748
102 0.0010226164251872748
103 0.0010226164251872748
104 0.0010226164251872748
105 0.0010226164251872748
106 0.0012047461452760453
107 0.001204806572936874
108 0.001204231439593946
109 0.001204231439593946
110 0.0010241006233448866
111 0.001204231439593946
112 0.001204231439593946
113 0.001204231439593946
114 0.0012249035124858266
115 0.0012100046013310425
116 0.0012098858666740428
117 0.0012195841058540364
118 0.0012128639440779846
119 0.001206552523212774
