3 0.003778094640591273
4 0.0023779546405912726
5 0.002049345326331273
6 0.0017430434212433628
7 0.0016308885536911789
8 0.001430868553691179
9 0.0012808882853317404
10 0.001230848553691179
11 0.0011629944144096057
12 0.0010706670679429225
13 0.0010503394593696358
14 0.0010299999554268327
15 0.0009629744144096055
16 0.0008958365538128225
17 0.0008808482853317404
18 0.0008706470679429223
19 0.0008371758201136483
20 0.0008209476394775957
21 0.0008090847800398492
22 0.0007701407651727486
23 0.0007429434212433627
24 0.0007112361570309985
25 0.0007060980022080597
26 0.0006958165538128226
27 0.0006955958155788174
28 0.0006922059829506941
29 0.0006922059829506941
30 0.0007005341881261887
31 0.0007547383292265566
