3 0.007984688336648546
4 0.012022586878103463
5 0.005082982061097483
6 0.006405465115570245
7 0.0039534304919647085
8 0.006405465115570245
9 0.003925468162237152
10 0.006405465115570245
11 0.003422009287135091
12 0.006405465115570245
13 0.00316181966232743
14 0.004435136198768196
15 0.00316181966232743
16 0.004176410263848425
17 0.0027226171699387966
18 0.0027842735092322834
19 0.0026240833861342783
20 0.002851674405945909
21 0.0026725818028777463
22 0.0026240833861342783
23 0.002401709450299904
24 0.002401709450299904
25 0.0026240833861342783
26 0.002401709450299904
