9 0.003327501879068101
10 0.0030318631792293875
11 0.002846608903077022
12 0.0026240833861342783
13 0.0025425685454546054
14 0.0022828962966418556
15 0.001971786994021456
16 0.0019549202718744073
17 0.0019528153779590468
18 0.0017493889240895188
19 0.0016637509395340505
20 0.001580909831163715
21 0.0015219308644279035
22 0.0013781196920473093
23 0.0013145246626809705
24 0.001308489387412384
25 0.0013018769186393644
26 0.0012344225241770358
27 0.0012188494529535524
28 0.0011943589662760672
29 0.0011943589662760672
30 0.001200854725149952
31 0.0012633374497991391
32 0.0012344225241770358
