11 0.024733343804619043
21 0.015883909624218595
31 0.015541881255856519
41 0.013511485446090196
51 0.011822549765328922
61 0.011822549765328922
71 0.011822549765328922
81 0.011822549765328922
88 0.02330227610975274
90 0.015243709628890559
91 0.011822549765328922
92 0.016951137161984525
93 0.019408518014547987
94 0.014041173573066137
95 0.015404483554487546
96 0.01360886490718429
97 0.011822549765328922
98 0.012998712299428561
99 0.01631986379092673
100 0.016595084120292623
101 0.012203560048487825
102 0.01383035403482576
103 0.01298894140691433
104 0.013132186470258256
105 0.014957530529225292
106 0.013453210640689977
107 0.012203560048487825
108 0.015511003953968367
109 0.01498936107883266
110 0.013551594657813446
111 0.013215284122195588
112 0.020023286518753625
113 0.032596637077972335
114 0.014174469928626067
115 0.025199221912021334
117 0.021943518126857266
