5 0.0024860120134868515
6 0.001990339390336983
7 0.0017454178504674586
8 0.0017149439123802677
9 0.0016223485889952035
10 0.0014223285889952036
11 0.0012858920134868515
12 0.0012686196994612002
13 0.0012686196994612002
14 0.001165642215456232
15 0.001165642215456232
16 0.001165642215456232
17 0.001186917549154619
18 0.0012268575860854528
19 0.0012625579573785472
20 0.0012625579573785472
21 0.0012625579573785472
22 0.0012921987112516809
23 0.001359517667287328
24 0.0014223285889952036
25 0.0014223285889952036
26 0.0016189808335183905
