24 0.0036047728500209777
25 0.0036047728500209777
26 0.003440219492880137
27 0.0030401794928801365
28 0.0028172403541897742
29 0.0026856295966164304
30 0.0026856295966164304
31 0.0026389784315657885
32 0.0026389784315657885
33 0.002455381829268997
34 0.002455381829268997
35 0.002455381829268997
36 0.002455381829268997
37 0.002455381829268997
38 0.002455381829268997
39 0.002455381829268997
40 0.002455381829268997
41 0.0024856095966164305
42 0.002670486014585728
43 0.003079382688097438
44 0.0030856695966164304
45 0.0034663549984430535
46 0.0034663549984430535
47 0.003088770556125679
48 0.003088770556125679
49 0.003453285582351428
50 0.0034663549984430535
51 0.0034135429677733297
52 0.0034663549984430535
53 0.004081968166290609
