1 0.040239125717143776
2 0.02028284117307234
3 0.013636465717143774
4 0.010297211758101358
5 0.008297011758101358
6 0.007024643385961809
7 0.006070430231323531
8 0.00528899055612568
9 0.004835585717143772
10 0.004288890556125679
11 0.004024343385961809
12 0.0036701902313235313
13 0.003435445717143772
14 0.00322303670911694
15 0.0030204389017822147
16 0.0028606169333520426
17 0.002675962400309548
18 0.0026353657171437716
19 0.0026353657171437716
20 0.0024099810144268333
21 0.002258398608819612
22 0.0022353257171437717
23 0.0022353257171437717
24 0.0022353257171437717
25 0.0022353257171437717
26 0.0022353257171437717
27 0.0022353257171437717
28 0.002237579066675113
29 0.002237579066675113
30 0.0022353257171437717
31 0.0022381970865270775
32 0.0022353257171437717
33 0.0022353257171437717
34 0.0022353257171437717
35 0.002254902304059726
36 0.0022810411730723383
37 0.0022893765183029423
38 0.002447422602831202
39 0.0024946931207943225
40 0.002654942304059726
41 0.002823721782477225
42 0.0028947331207943225
43 0.002882457911539161
44 0.003066314998443053
45 0.003096491758101358
46 0.003270546014585728
47 0.0034437837444043556
48 0.0032135229677733293
49 0.0034819081662906095
50 0.003694813120794323
51 0.003694813120794323
52 0.003479422688097438
53 0.004635565717143772
54 0.004639178431565789
