6 0.006679742688097438
7 0.006079682688097438
8 0.0038888505561256795
9 0.003479422688097438
10 0.0026902825954373743
11 0.002679342688097438
12 0.0024854166000791147
13 0.002464198100713586
14 0.002464198100713586
15 0.0020548823040597262
16 0.0020548823040597262
17 0.0022134229677733294
18 0.0020429886454880037
19 0.0020429886454880037
20 0.002019729604516815
21 0.0018902025954373744
22 0.001881517737375302
23 0.0014998120719438733
24 0.0014314629064528267
25 0.0012809411730723384
26 0.0012792026880974377
27 0.0012792026880974377
28 0.0012792026880974377
29 0.0012792026880974377
30 0.0012792026880974377
31 0.0012792026880974377
32 0.0012809411730723384
33 0.0012809411730723384
34 0.0012852966000791149
35 0.0012852966000791149
36 0.001282297911539161
37 0.0012700244326938098
38 0.0012700244326938098
39 0.0012700244326938098
40 0.0012700244326938098
41 0.0012700244326938098
42 0.0012700244326938098
43 0.0012716912723476546
44 0.0012716912723476546
45 0.0012716912723476546
46 0.0012716912723476546
47 0.0012716912723476546
48 0.0012716912723476546
49 0.0012716912723476546
50 0.0012963117581013578
