1 0.020232342189856128
2 0.010282793518349988
3 0.007031022189856126
4 0.00528616592404119
5 0.004286065924041189
6 0.003671293151052693
7 0.0032350988546867862
8 0.0028420154235010878
9 0.002630582189856126
10 0.002430562189856126
11 0.002230542189856126
12 0.002041935423501088
13 0.001885825924041189
14 0.0018305021898561257
15 0.0018134093842225813
16 0.001634938854686786
17 0.0014888259357875829
18 0.0014710731510526923
19 0.0014353285425032576
20 0.00129486724661516
21 0.001285765924041189
22 0.0012572565951216982
23 0.0012418554235010875
24 0.0012259947763417008
25 0.0012138577866836761
26 0.0010896146977087853
27 0.0010879085725073187
28 0.001077344284195621
29 0.0010607747204543108
30 0.0010418354235010876
31 0.0010352885425032577
32 0.0010348788546867861
33 0.0010133293842225811
34 0.0008948272466151599
35 0.0008926359195366232
36 0.000888765935787583
37 0.000884600502117576
38 0.0008719381343087989
39 0.0008719381343087989
40 0.0008719381343087989
41 0.0008664572676086156
42 0.0008572165951216982
43 0.0008514568963873236
44 0.0008487987893156932
45 0.0008430394352893449
46 0.0008430394352893449
47 0.0008348588546867861
48 0.0008137932512301889
49 0.0008126038454772746
50 0.0006986962958007265
51 0.0006966984882686584
52 0.0006926159195366232
53 0.0006926159195366232
54 0.0006900533013832412
55 0.0006867582043662074
56 0.0006867582043662074
57 0.0006860033031563248
58 0.0006858427006684269
59 0.0006818335183499866
60 0.0006773144308732603
61 0.0006767614008006452
62 0.0006734960846312808
63 0.000671918134308799
64 0.0006734960846312808
65 0.0006734960846312808
66 0.0006664372676086156
67 0.0006630416928579113
68 0.0006664372676086156
69 0.0006607347204543106
70 0.0006560320420263884
71 0.0006543127922309547
72 0.0006518779044327502
73 0.0006518779044327502
74 0.0006518779044327502
75 0.0006502107241033069
76 0.0006502107241033069
77 0.0006492231130534713
78 0.0006492231130534713
79 0.0006487787893156932
80 0.0006514368963873237
