16 0.008137826658389441
17 0.0076543412397069455
18 0.0076543412397069455
19 0.0076543412397069455
20 0.0076543412397069455
21 0.0076543412397069455
22 0.0076543412397069455
23 0.0076543412397069455
24 0.0076543412397069455
25 0.0076543412397069455
26 0.0076543412397069455
27 0.007685725177367806
28 0.010046322877115366
29 0.01005317685864717
30 0.010156528439230345
31 0.010156528439230345
32 0.010156528439230345
33 0.010156528439230345
34 0.010156528439230345
35 0.010156528439230345
36 0.010156528439230345
37 0.010156528439230345
38 0.010156528439230345
39 0.010156528439230345
40 0.01240064339387089
41 0.013395097169487155
42 0.01148151185956042
43 0.012916700842005472
44 0.013354539039553266
45 0.011735121613836608
46 0.018084059240865424
47 0.014302244938373891
48 0.0175335588705222
49 0.02092750310472366
50 0.035698201997934234
53 0.021324598626310788
