8 0.0013398418550819632
9 0.0012375769472683447
10 0.0011398218550819632
11 0.0010603775472962968
12 0.0010375569472683447
13 0.0010096700767706795
14 0.0009039944220345336
15 0.0008707416588079934
16 0.000856404382151498
17 0.0008377686449044124
18 0.000819439205259511
19 0.0008075713856411917
20 0.0007866711812079351
21 0.0007132225409493835
22 0.000685446702315016
23 0.000663086626721804
24 0.0006624306773325224
25 0.0006607581227711952
26 0.0006571058668133295
27 0.000656384382151498
28 0.0006550975748742257
29 0.000650321814994688
30 0.0006417541755240679
31 0.00063991618988344
32 0.0006377486449044125
33 0.0006375169472683447
34 0.0006271388265061499
35 0.0006194192052595111
36 0.0006501989417052733
