1 0.04026478184718214
2 0.020290190869641563
3 0.013659538608819613
4 0.010287767832028585
5 0.008287567832028584
6 0.007044143744404356
7 0.0060705044326938105
8 0.005287267832028583
9 0.004839595989538749
10 0.004287167832028583
11 0.004039515989538749
12 0.003679442688097438
13 0.003439455989538749
14 0.0032606569333520426
15 0.0030627986909816233
16 0.002869750118994939
17 0.00267016443269381
18 0.0026474426028312015
19 0.0024759424003095477
20 0.002299892071943873
21 0.002275922400309548
22 0.002219749604516815
23 0.002076429544386414
24 0.002047382602831202
25 0.002047382602831202
26 0.002069670118994939
27 0.002069670118994939
28 0.002069670118994939
29 0.002069670118994939
30 0.002069670118994939
31 0.002069670118994939
32 0.002069670118994939
33 0.002069670118994939
34 0.002069670118994939
35 0.002069670118994939
36 0.002069670118994939
37 0.002237579066675113
38 0.0022430086454880037
39 0.0024430286454880036
40 0.002499912071943873
41 0.002845200700429454
42 0.002855421829268997
43 0.002846709331688545
44 0.00268731294684499
45 0.0030376590666751128
46 0.0030376590666751128
47 0.0032816577373753018
48 0.0034230567091169404
49 0.0038663949984430535
50 0.0046439037444043554
51 0.0036555018292689975
52 0.005492232559027398
