1 0.008416812586474696
2 0.00440944478003985
3 0.003016272586474696
4 0.002409244780039849
5 0.0020092047800398492
6 0.0017113361570309984
7 0.0015403999588126556
8 0.001416112586474696
9 0.0013112961570309984
10 0.001216092586474696
11 0.0011778346405912725
12 0.001072645724591851
13 0.0010706670679429225
14 0.0010209676394775957
15 0.0009429634212433627
16 0.0009005541881261888
17 0.0008717756091042708
18 0.0008371758201136483
19 0.0008299799554268326
20 0.0008209476394775957
21 0.0007629544144096055
22 0.0007536595103313512
23 0.0007279575723052496
24 0.0007112361570309985
25 0.0007060980022080597
26 0.0006958165538128226
27 0.0006955958155788174
28 0.0006922059829506941
29 0.0006922059829506941
30 0.0007547383292265566
31 0.0011761877949874764
