47 0.0020065504387084413
48 0.0020065504387084413
49 0.0020065504387084413
50 0.0018225410335142459
51 0.0018103327783889171
52 0.0018099821297680248
53 0.0018065304387084413
54 0.0018065304387084413
55 0.0016164603956985127
56 0.0016164603956985127
57 0.0016164603956985127
58 0.001610312778388917
59 0.0016164603956985127
60 0.0016164603956985127
61 0.0016164603956985127
62 0.0016164603956985127
63 0.0016164603956985127
64 0.0016164603956985127
65 0.0016164603956985127
66 0.0016065368849892817
67 0.0016065368849892817
68 0.0016065368849892817
69 0.0016164603956985127
70 0.0016164603956985127
71 0.0016164603956985127
72 0.0016095519642040225
73 0.0016057759200588727
74 0.0014149043863009322
75 0.0014128839440779846
76 0.0014149043863009322
77 0.001221029829083986
78 0.0012169073403508358
79 0.0012148843863009323
80 0.0012148843863009323
81 0.0012148843863009323
82 0.0012148843863009323
83 0.0012148843863009323
84 0.0012148843863009323
85 0.0012148843863009323
86 0.0012148843863009323
87 0.0012169073403508358
88 0.0012234069399979148
89 0.001405679005126323
90 0.001405679005126323
91 0.0010131664989660439
92 0.0010131664989660439
93 0.0010131664989660439
94 0.0010131664989660439
95 0.0010131664989660439
96 0.0010131664989660439
97 0.0010202412844114684
98 0.0010131664989660439
99 0.0010131664989660439
100 0.0010103213357126842
101 0.0010099021297680247
102 0.0010099021297680247
103 0.0010103213357126842
104 0.0010103213357126842
105 0.0010103213357126842
106 0.0010103213357126842
107 0.0010103213357126842
108 0.0010108467379223434
109 0.0012130477799592778
110 0.0012100046013310425
111 0.0012108667379223434
112 0.001214940103806107
113 0.0012201726701983504
114 0.001206877905037554
115 0.001206877905037554
117 0.001408022781992934
118 0.0016078126591830212
121 0.001610312778388917
