30 0.0014631216928579112
31 0.0014631216928579112
32 0.0014631216928579112
33 0.0012891060222553561
34 0.0012664972676086155
35 0.0010956529965728346
36 0.0010956529965728346
37 0.0010902151374316265
38 0.0010902151374316265
39 0.0010902151374316265
40 0.0010902151374316265
41 0.0010902151374316265
42 0.0010664772676086155
43 0.0010664772676086155
44 0.0010664772676086155
45 0.001069807985084527
46 0.001069807985084527
47 0.001069807985084527
48 0.001069807985084527
49 0.001069807985084527
50 0.001069807985084527
51 0.001069807985084527
52 0.001069807985084527
53 0.001069807985084527
54 0.0010867982043662075
55 0.0010761028033691427
56 0.0014558974484693175
