18 0.00676385810901972
19 0.006628851691259811
20 0.006628851691259811
21 0.006628851691259811
22 0.006628851691259811
23 0.005914549070857676
24 0.005914549070857676
25 0.005914549070857676
26 0.005914549070857676
27 0.005914549070857676
28 0.005914549070857676
29 0.006026687217895845
30 0.006026687217895845
31 0.006026687217895845
32 0.006026687217895845
33 0.006026687217895845
34 0.006026687217895845
35 0.007623686547406916
36 0.006658170800613433
37 0.007623686547406916
38 0.007827461181066343
39 0.007859758307579918
40 0.008060451445849597
41 0.008027729181956158
42 0.008836510986610523
43 0.007741400949835999
44 0.007741400949835999
45 0.009018477478692959
46 0.00883611964898269
47 0.009712378569503365
48 0.010011460390593186
49 0.00882997918491022
50 0.0100063082729888
51 0.009192913627930248
52 0.013750181878214016
53 0.009514596824103955
55 0.013475633207958571
