6 0.0286170916157438
11 0.021049992001477762
16 0.021049992001477762
21 0.021049992001477762
26 0.021049992001477762
31 0.021049992001477762
36 0.019581387908351407
38 0.04928148440367802
40 0.019581387908351407
41 0.018912587069296438
42 0.030675569290139912
43 0.02187492029288758
44 0.022042335433201665
45 0.02280436489000738
46 0.018912587069296438
47 0.022286726201682837
48 0.018912587069296438
49 0.022298556870425375
50 0.02450117051428227
51 0.021933375454496046
52 0.026158988483051697
53 0.024846207400054207
54 0.0239299548338514
56 0.040445790966758634
57 0.040445790966758634
