9 0.0018046361133123008
10 0.0016376169472683447
11 0.0012813610056463633
12 0.0011040144220345338
13 0.0011040144220345338
14 0.0010377886449044126
15 0.0008854667023150159
16 0.0008854667023150159
17 0.0008854667023150159
18 0.0008607781227711952
19 0.000850341814994688
20 0.0008158120960672435
21 0.0008075713856411917
22 0.0007866711812079351
23 0.0008096500767706794
24 0.0008096500767706794
25 0.0008096500767706794
26 0.0008096500767706794
27 0.0008096500767706794
28 0.0008096500767706794
29 0.0008096500767706794
