8 0.001818940144564699
9 0.0016189201445646988
10 0.0014438240600261074
11 0.0012450534641843336
12 0.0012274709459697071
13 0.0012188801445646988
14 0.0010450334641843337
15 0.0010316889534857064
16 0.000920439964310596
17 0.000920439964310596
18 0.0008450134641843337
19 0.0008450134641843337
20 0.0008450134641843337
21 0.0008663566427525401
22 0.0008437640600261072
23 0.0008450134641843337
24 0.0008316689534857062
25 0.0008144002932466249
26 0.0008141494503967895
27 0.0008450134641843337
28 0.0008680239908068015
29 0.0008602673659785331
