21 0.04860181187514844
22 0.04860181187514844
23 0.04860181187514844
24 0.04860181187514844
25 0.04860181187514844
26 0.049169274803929235
27 0.049169274803929235
28 0.049169274803929235
29 0.02229382360910768
30 0.02229382360910768
31 0.02229382360910768
32 0.02229382360910768
33 0.02229382360910768
34 0.02229382360910768
35 0.02229382360910768
36 0.02229382360910768
37 0.02229382360910768
38 0.02229382360910768
39 0.02229382360910768
40 0.02229382360910768
41 0.02229382360910768
42 0.02229382360910768
43 0.02229382360910768
44 0.022918652042694006
45 0.022918652042694006
46 0.022918652042694006
47 0.022918652042694006
48 0.022918652042694006
49 0.022918652042694006
50 0.022918652042694006
51 0.022918652042694006
52 0.022918652042694006
53 0.022918652042694006
54 0.025651849718473854
55 0.02721077684443872
56 0.0371481454885323
57 0.026433643220393436
58 0.05205680548077431
59 0.04367717955963302
60 0.05104128725874893
61 0.023995212746928698
