7 0.0022318089534857062
8 0.0014317289534857064
9 0.001427490945969707
10 0.0012638182312924083
11 0.0012568897507441738
12 0.0011197212071932853
13 0.0011197212071932853
14 0.0009541212476348368
15 0.0009541212476348368
16 0.0009541212476348368
17 0.0008940906442599355
18 0.0008940906442599355
19 0.0008940906442599355
20 0.0008940906442599355
21 0.0008940906442599355
22 0.0009122222330824034
23 0.0009184763796860187
24 0.0009618509345518378
25 0.0010568697507441736
26 0.0011397647768795417
28 0.0012398150435045277
