41 0.00548091524013496
42 0.0054147405410991545
43 0.005413394477429194
44 0.0054147405410991545
45 0.005425486032872833
46 0.004991193918452592
47 0.0047401433333365125
48 0.004716667924004846
49 0.004645134118127031
50 0.004716667924004846
51 0.004716667924004846
52 0.004562628249310254
53 0.004562628249310254
54 0.0045535348489994165
55 0.004534840850647454
56 0.004545427843427013
57 0.004402150046348201
58 0.004425803325633897
59 0.0043778316946229846
60 0.0043778316946229846
61 0.0042938924891911595
62 0.004402150046348201
63 0.004402150046348201
64 0.004205953428405366
65 0.004205953428405366
66 0.004127639440779846
67 0.004127639440779846
68 0.004102413357126842
69 0.004042070303504503
70 0.0039461171709139825
71 0.004078181364099475
72 0.004078181364099475
73 0.00407196745161762
74 0.004098221297680246
75 0.004102413357126842
76 0.004109486702412006
77 0.004109486702412006
78 0.004129477799592778
79 0.004143483724143341
80 0.004152842945524781
81 0.004373725256119077
82 0.004382721249761226
83 0.004237930075753825
84 0.004479164196779383
85 0.004492775791793234
86 0.0045668672540271965
87 0.004580564557824702
88 0.004619287803902385
89 0.004620799372181855
90 0.004756349214012476
91 0.005008140953421077
92 0.005049748985581169
93 0.004937796707093694
94 0.004897090084751127
95 0.005149713787979158
96 0.005053297074023898
97 0.005489703957786491
98 0.005784259909411159
99 0.0055894406384426705
100 0.005522954910096465
101 0.005782795060252661
102 0.005617887488598131
103 0.005617887488598131
104 0.006160958842965464
105 0.005977394170767732
106 0.005842508153690329
107 0.0060926515654635745
108 0.00621180263827812
109 0.006133822954660426
110 0.006107951177426431
111 0.006252586563917904
112 0.005895513253027881
113 0.006410028655544988
114 0.00657517872385921
115 0.006284740419096316
116 0.006533459998612309
117 0.00654550237413044
118 0.0063121862319764615
119 0.006884192687852935
120 0.006918127077750854
121 0.006729525485448586
122 0.0074976731986931
123 0.007654592164807411
124 0.008002785034625953
125 0.01304518487941802
126 0.010636736778339782
127 0.009346539078624788
128 0.009346539078624788
129 0.014541010547089804
134 0.012679569565872142
