24 0.004455063922426254
25 0.003957110382371382
26 0.0038328215047795013
27 0.0038477693336816977
28 0.003178986515683898
29 0.003178986515683898
30 0.0031707590764599915
31 0.002796209990658319
32 0.002742396845921469
33 0.002742396845921469
34 0.002742396845921469
35 0.0027491916529176702
36 0.0022624654565697486
37 0.002395513440487188
38 0.0024067886868765088
39 0.0024797194893761317
40 0.0022961108085813205
41 0.0022961108085813205
42 0.0022961108085813205
43 0.0023175896273107304
44 0.0022961108085813205
45 0.0024338391601429147
46 0.0024079408314530443
47 0.0024079408314530443
48 0.0027491916529176702
49 0.0027177934941085644
50 0.004096456463420974
51 0.002425983000395574
52 0.002425983000395574
53 0.002425983000395574
