24 0.02662353125597444
25 0.0262827830357752
26 0.022875755605211746
27 0.023172332759829602
28 0.022875755605211746
29 0.023172332759829602
30 0.024421382781944435
31 0.02613050289938232
32 0.026428783677438505
33 0.026428783677438505
34 0.026428783677438505
35 0.02613050289938232
36 0.02662353125597444
37 0.02662353125597444
38 0.02662353125597444
39 0.02692743997323923
40 0.02692743997323923
41 0.02692743997323923
42 0.02692743997323923
43 0.02692743997323923
44 0.02692743997323923
45 0.028922065156442134
46 0.028922065156442134
47 0.04181334879448444
48 0.04181334879448444
49 0.04181334879448444
50 0.04606692777148268
51 0.04606692777148268
