4 0.0057361701342678525
5 0.0057361701342678525
6 0.0057361701342678525
7 0.0057361701342678525
8 0.0057361701342678525
9 0.0057361701342678525
10 0.0057361701342678525
11 0.0057361701342678525
12 0.0057361701342678525
13 0.0057361701342678525
14 0.0057361701342678525
15 0.00670473766527394
16 0.00674632140760562
17 0.0057361701342678525
18 0.007972707611548984
19 0.020602815686370686
20 0.009036847401630655
21 0.021002855686370687
22 0.022002955686370687
23 0.06998953587630823
24 0.07118965587630822
