36 0.0036055465951250476
37 0.0034230515878650543
38 0.003422890652386022
39 0.0034230515878650543
40 0.0034212498290839863
41 0.0034151043863009326
42 0.003205859005126323
43 0.0030081827819929343
44 0.0030081827819929343
45 0.0030067325232127737
46 0.003005414516255151
47 0.002823576234965763
48 0.002823576234965763
49 0.003005118023177384
50 0.0026095616561206095
51 0.0026095616561206095
52 0.0026058191351896807
53 0.002605718917363092
54 0.002605718917363092
55 0.002423536234965763
56 0.002217007340350836
57 0.0022167373999273945
58 0.0022167373999273945
59 0.002219245401586452
60 0.002413306498966044
61 0.002219245401586452
62 0.0022203612844114685
63 0.0022218088646257664
64 0.0022218088646257664
65 0.002222108505603529
66 0.0022082830656849897
67 0.002208139282693906
68 0.002207054004494609
69 0.0022082830656849897
70 0.0022082830656849897
71 0.0022086341628902943
72 0.002213286498966044
73 0.002213286498966044
74 0.0022084433027763756
75 0.0022084433027763756
76 0.002222108505603529
77 0.0022227706523860217
78 0.002206977905037554
79 0.0022063656191462023
80 0.002206204005318277
81 0.0022042747275395516
82 0.0022042747275395516
83 0.002024983512485827
84 0.0020207753428405366
85 0.0020207753428405366
86 0.002023512949064576
87 0.0020220885056035287
88 0.002016987340350836
89 0.002015914581853237
90 0.0020149643863009324
91 0.002013266498966044
92 0.0020120925219249196
93 0.0020149643863009324
94 0.0020149643863009324
95 0.0020207753428405366
96 0.0020213792123487347
97 0.002208139282693906
98 0.0022121125219249195
99 0.0022121125219249195
100 0.0022121125219249195
101 0.002213286498966044
102 0.002222108505603529
103 0.0024083015789209553
104 0.0026101446013310427
105 0.0026050532779487465
106 0.0026161728265377162
107 0.002223516234965763
108 0.0026227764251872746
109 0.002805738917363092
110 0.002623556234965763
111 0.002805098023177384
112 0.002804397369276051
113 0.0028134583925376786
114 0.002813255169449917
115 0.002810990589531031
116 0.0028126498456722514
117 0.002820247031867022
118 0.0030101846013310426
119 0.003011010589531031
120 0.0030228511862516088
121 0.0030213880895019916
122 0.00322109767665621
123 0.00442121767665621
124 0.0056168603956985134
125 0.005022713920190319
126 0.005210741335712685
127 0.004806019005126324
128 0.009222744022114517
129 0.00640896124991327
130 0.008023162309814704
