28 0.0250206035202487
29 0.0250206035202487
30 0.011278032391773852
31 0.011278032391773852
32 0.011194397679335874
33 0.011194397679335874
34 0.01086819356985146
35 0.010092075950244682
36 0.010244214866661935
37 0.010092075950244682
38 0.010092075950244682
39 0.010092075950244682
40 0.010092075950244682
41 0.010228541578829659
42 0.010681669870660463
43 0.010531899566201796
44 0.011176291228417757
45 0.011006802700955477
46 0.012844228764369907
47 0.0132834802287618
48 0.012468559574993147
49 0.01441756874037671
