2 0.04315517555367209
3 0.030166724658877576
4 0.02266580267092593
5 0.019025676595837687
6 0.015554962617302107
7 0.013291294307898056
8 0.01155511508713871
9 0.010418822897720637
10 0.00949378164849861
11 0.008606853698117048
12 0.0077459227203542265
13 0.007377974776065491
14 0.007108067778858463
15 0.0064145505082736825
16 0.0063445027515029225
17 0.0063445027515029225
18 0.0063445027515029225
19 0.0063445027515029225
20 0.0063445027515029225
21 0.0063445027515029225
22 0.0063445027515029225
23 0.0063445027515029225
24 0.0063445027515029225
25 0.0063445027515029225
26 0.0063445027515029225
27 0.0063445027515029225
28 0.0063445027515029225
29 0.0063445027515029225
30 0.0063445027515029225
31 0.0063445027515029225
32 0.0063445027515029225
33 0.006374467612984039
34 0.006670822374477517
35 0.006670822374477517
36 0.006670822374477517
37 0.006670822374477517
38 0.006670822374477517
39 0.006417912185247626
40 0.006417912185247626
41 0.006417912185247626
42 0.006554792233851756
43 0.006554792233851756
44 0.006554792233851756
45 0.006595876847193418
46 0.006554792233851756
47 0.006619461046528093
48 0.006668982813253874
49 0.006668982813253874
50 0.006668982813253874
51 0.006815177439625987
52 0.007164067657747093
53 0.007769808421462439
55 0.015082706929395132
