1 0.016341341855081966
2 0.009255879220537139
3 0.005638248644904413
4 0.004638148644904413
5 0.004638148644904413
6 0.004638148644904413
7 0.004638148644904413
8 0.004638148644904413
9 0.004638148644904413
10 0.004638148644904413
11 0.004638148644904413
12 0.004638148644904413
13 0.004638148644904413
14 0.004638148644904413
15 0.004638148644904413
16 0.004638148644904413
17 0.004638148644904413
18 0.004638148644904413
19 0.004638148644904413
20 0.004655419220537139
21 0.004655419220537139
22 0.005255479220537138
23 0.0048554392205371385
24 0.005913742540949384
26 0.006055559220537138
