21 0.0018961038978752265
22 0.0018869278320285832
23 0.0018810011730723386
24 0.0014963317581013578
25 0.0014963317581013578
26 0.0014963317581013578
27 0.0014668241933585104
28 0.0014240833859618086
29 0.0012945731207943223
30 0.0012945731207943223
31 0.001286867832028583
32 0.001286867832028583
33 0.001286867832028583
34 0.001286867832028583
35 0.001286867832028583
36 0.001286867832028583
37 0.0012792026880974377
38 0.0012792026880974377
39 0.0012792026880974377
40 0.0012792026880974377
41 0.0012792026880974377
42 0.001223561782477225
43 0.001223561782477225
44 0.001223561782477225
45 0.001223561782477225
46 0.001223561782477225
47 0.001223561782477225
48 0.001223561782477225
49 0.001223561782477225
50 0.001223561782477225
51 0.001223561782477225
52 0.0012700244326938098
