31 0.00287547376472204
32 0.0027359522521583305
33 0.0027359522521583305
34 0.0024651940150056473
35 0.0019487221490238592
36 0.0019487221490238592
37 0.001938162008470304
38 0.001938162008470304
39 0.001938162008470304
40 0.0018683180130725642
41 0.0018248120100569122
42 0.0018248120100569122
43 0.0018248120100569122
44 0.0018683180130725642
45 0.001698750331380791
46 0.0016771890826394087
47 0.0016771890826394087
48 0.0014800264182002784
49 0.001467074866761386
50 0.001467074866761386
51 0.001467074866761386
52 0.001467074866761386
53 0.001467074866761386
54 0.001467074866761386
55 0.001467074866761386
56 0.001467074866761386
57 0.0015775786282593341
58 0.0015775786282593341
59 0.001671706524323563
60 0.0014777277586098694
61 0.0014843017398454795
62 0.0014686040931263555
63 0.0014686040931263555
64 0.001960540549726506
65 0.0024298165157816236
