73 0.004619353165299435
74 0.004225047976435702
75 0.00420908407029918
76 0.004005104499133449
77 0.0036220483017319113
78 0.003422177014605003
79 0.003422177014605003
80 0.0034169618610352345
81 0.0034169618610352345
82 0.0034211782055388537
83 0.0034169618610352345
84 0.0034169618610352345
85 0.0034169618610352345
86 0.0034169618610352345
87 0.0034169618610352345
88 0.0034211782055388537
89 0.0036090240702991803
90 0.0036090240702991803
91 0.0036090240702991803
92 0.003812186141324938
93 0.0038090440702991803
94 0.0036169818610352344
95 0.0038102964285318124
96 0.0036220483017319113
97 0.0038221791469432898
98 0.0038221791469432898
99 0.0038221791469432898
100 0.0038221791469432898
101 0.0038221791469432898
102 0.0038221791469432898
103 0.004010316428531812
104 0.004010316428531812
105 0.004017021861035234
106 0.004017021861035234
107 0.004017021861035234
108 0.004017021861035234
109 0.004017021861035234
110 0.004017021861035234
111 0.00402219914694329
112 0.00402219914694329
113 0.0044222391469432906
114 0.004607381195598342
115 0.004410356428531813
116 0.00460912407029918
117 0.004810396428531813
118 0.005010416428531813
119 0.005210436428531813
120 0.005621449201518371
121 0.006825058955625323
122 0.007608940775095652
123 0.005405796212296608
124 0.011010905563551571
125 0.0058105629643686145
126 0.013410125758030545
127 0.011013801010881705
