12 0.015476424413972456
13 0.011454078171598483
14 0.008530587845258359
15 0.007951281934807342
16 0.007784005456555733
17 0.007874860137805464
18 0.007874860137805464
19 0.008107102367671221
20 0.008227561315253274
21 0.008227561315253274
22 0.008227561315253274
23 0.008227561315253274
24 0.008486687698982712
25 0.008486687698982712
26 0.008486687698982712
27 0.008486687698982712
28 0.008486687698982712
29 0.008845107331597614
30 0.00981451239376575
31 0.009995892031918741
32 0.009995892031918741
33 0.00997308344352864
34 0.010808215724471689
35 0.0103480745254877
36 0.009855309071893048
37 0.009855309071893048
38 0.009855309071893048
39 0.009762300955351078
40 0.009400799427345254
41 0.009400799427345254
42 0.009762300955351078
43 0.009762300955351078
44 0.009762300955351078
45 0.009762300955351078
46 0.009762300955351078
47 0.009762300955351078
48 0.009762300955351078
49 0.009762300955351078
50 0.010810686738619305
51 0.010644805575074962
52 0.012091881172684973
53 0.009901495223487286
54 0.009901495223487286
55 0.009901495223487286
56 0.012366359759033062
58 0.013797432700650269
