8 0.004235525717143772
9 0.003658538608819612
10 0.003087047832028583
11 0.003079382688097438
12 0.0026172203541897743
13 0.00263976902099423
14 0.0018998520719438732
15 0.0020636979254621463
16 0.0018869278320285832
17 0.0018869278320285832
18 0.0018869278320285832
19 0.0018764095443864139
20 0.0018381570865270778
21 0.001835285717143772
22 0.001835285717143772
23 0.001875882400309548
24 0.0018700844326938102
25 0.0014703660145857279
26 0.0014530855823514273
27 0.0012997920719438733
28 0.0012852966000791149
29 0.0012852966000791149
30 0.0014156844914239282
31 0.0014156844914239282
32 0.0014156844914239282
33 0.0014156844914239282
34 0.0012700244326938098
35 0.0012700244326938098
36 0.0012700244326938098
37 0.0012700244326938098
38 0.0012700244326938098
39 0.0012700244326938098
40 0.0012700244326938098
41 0.0010868478320285831
42 0.0010868478320285831
43 0.0010854695966164302
44 0.0010854695966164302
45 0.0010854695966164302
46 0.0010868478320285831
47 0.0010868478320285831
48 0.0010868478320285831
49 0.001223561782477225
50 0.0012852966000791149
51 0.001286867832028583
52 0.0014963317581013578
