26 0.0022400994928801366
27 0.0018998520719438732
28 0.0018998520719438732
29 0.001896371758101358
30 0.0016780894132862048
31 0.0016763895443864137
32 0.0016763895443864137
33 0.0014758424003095479
34 0.0014372834336684659
35 0.0014372834336684659
36 0.0014372834336684659
37 0.0012852966000791149
38 0.0012699502313235312
39 0.001254802304059726
40 0.001254802304059726
41 0.001246549331688545
42 0.001254802304059726
43 0.001254802304059726
44 0.0012205997929481815
45 0.0010659068762047174
46 0.0012132634456024141
47 0.001085276600079115
48 0.0010667841933585105
49 0.0010716712723476546
50 0.0010814377373753019
51 0.0010716712723476546
52 0.0010716712723476546
53 0.0010716712723476546
54 0.0012604569333520429
56 0.002245140700429454
