10 0.023711586185372197
11 0.021319782093173346
12 0.021319782093173346
13 0.021319782093173346
14 0.021319782093173346
15 0.021319782093173346
16 0.02180432259529092
17 0.02180432259529092
18 0.02180432259529092
19 0.02180432259529092
20 0.024227025105878798
21 0.024227025105878798
22 0.024227025105878798
23 0.024227025105878798
24 0.024227025105878798
25 0.024227025105878798
26 0.024227025105878798
27 0.024227025105878798
28 0.024227025105878798
29 0.024227025105878798
30 0.024227025105878798
31 0.024227025105878798
32 0.024227025105878798
33 0.024227025105878798
34 0.024227025105878798
35 0.024227025105878798
36 0.025680646612231527
37 0.025680646612231527
38 0.025680646612231527
39 0.025680646612231527
40 0.025680646612231527
41 0.025680646612231527
42 0.02664972761646668
43 0.02664972761646668
44 0.02664972761646668
45 0.027618808620701832
46 0.043414616599653164
47 0.043414616599653164
48 0.043414616599653164
52 0.04936697328427192
