1 0.04023319219919222
2 0.021469847778469654
3 0.014430612199192214
4 0.010868787778469655
5 0.008631424643907884
6 0.007229892199192213
7 0.006279871415497639
8 0.005629732199192213
9 0.005031064643907882
10 0.004447599140631863
11 0.0040295721991922126
12 0.003826281860703484
13 0.0034891856649795602
14 0.0034891856649795602
15 0.0034827950345895846
16 0.0034891856649795602
17 0.0034891856649795602
18 0.0034891856649795602
19 0.0034892639341655464
20 0.0034892639341655464
21 0.0034892639341655464
22 0.0034892639341655464
23 0.0034892639341655464
24 0.0034980619832769714
25 0.0034980619832769714
26 0.0034980619832769714
27 0.0034980619832769714
28 0.0034980619832769714
29 0.0034980619832769714
30 0.0034980619832769714
31 0.0034980619832769714
32 0.003622152123888239
33 0.003668067778469654
34 0.003668067778469654
35 0.003668067778469654
36 0.004453661478010787
37 0.004299621889022902
38 0.004889403934165547
39 0.004699661889022902
40 0.0052857640453918935
41 0.005489246292096225
42 0.005099701889022902
43 0.005685804045391893
44 0.005655309281289413
45 0.005489463934165546
46 0.00667492602941667
47 0.006083055034589584
48 0.006060921848264276
49 0.006077866971969408
50 0.006885924045391893
53 0.012038696135666887
54 0.008655609281289414
