1 0.08294657540679207
2 0.043961684965599795
3 0.03055811172862214
4 0.023547657552634618
5 0.018865690748245796
6 0.015505296067762433
7 0.013103424417360933
8 0.012039150463972059
9 0.010659891046586673
10 0.010449824241515165
11 0.010449824241515165
12 0.010442739533888747
13 0.010442739533888747
14 0.010442739533888747
15 0.010449824241515165
16 0.010563846249089617
17 0.01078039471328331
18 0.011507013487277621
19 0.011507013487277621
20 0.011507013487277621
21 0.011874623664744283
22 0.012592726225432619
23 0.01248801023846131
24 0.012333553485002318
25 0.012333553485002318
26 0.012333553485002318
27 0.012219588944581469
28 0.012333553485002318
29 0.012333553485002318
30 0.012333553485002318
31 0.0126308702173791
32 0.012679573720306706
33 0.012679573720306706
34 0.013073706115720465
35 0.013599543271757185
36 0.01408827831938438
37 0.013602475618715953
38 0.013602475618715953
39 0.015059883720721232
40 0.015469848600607603
41 0.015975327587723978
42 0.015957001465623247
43 0.015957001465623247
44 0.016480806574840353
45 0.018045603798477798
46 0.020403713428073927
47 0.01920867467468845
48 0.017104707752565403
49 0.02271234197388808
50 0.02302077854041891
51 0.022773403599526072
52 0.022530954371700683
53 0.022773403599526072
54 0.022938189606833418
55 0.023730480317165223
56 0.023730480317165223
57 0.030236138045914875
58 0.030768900759339718
59 0.04233913963725069
60 0.03394469418657907
62 0.04403155814484064
