1 0.016289147145937308
2 0.008293142006509425
3 0.005688087145937306
4 0.004293849397014743
5 0.003493769397014743
6 0.003082703107203116
7 0.0026826631072031162
8 0.002296349229293512
9 0.0020888848644165584
10 0.001893609397014743
11 0.0018672024957303271
12 0.0016888448644165582
13 0.0016306676441679457
14 0.0014876671459373059
15 0.0014780541303463445
16 0.001297267256378717
17 0.0012889838938216051
18 0.0012766640561114066
19 0.0012766640561114066
20 0.0012306276441679457
21 0.0010949035250004458
22 0.001093529397014743
23 0.001093529397014743
24 0.001292442006509424
