9 0.0018443196536028622
10 0.001467173858731407
11 0.0011865635229965814
12 0.0011865635229965814
13 0.0010442396536028621
14 0.0010307203543882142
15 0.0010307203543882142
16 0.0008730398794778809
17 0.0008406461342755036
18 0.0008379712532201972
19 0.0008307003543882142
20 0.0008149051552794816
21 0.0007364170914830162
22 0.0007235691693420342
23 0.0006945093023638374
24 0.0006715059287920586
25 0.0006692843797054456
26 0.000667093858731407
27 0.0006649080372531203
28 0.0006612248854414922
29 0.0006612248854414922
30 0.0006612248854414922
31 0.0006999377509218108
