96 0.001820433562657162
97 0.0022115785909687545
98 0.001605866820292381
99 0.0018245790172264176
101 0.0016076233395155288
102 0.001412286441726621
103 0.0014094536018352723
104 0.0014182414252135963
105 0.0014066848582393338
106 0.0014160520315253367
107 0.0014172783123107993
108 0.0014077410139553565
109 0.001405454252823063
110 0.0012111289797087296
111 0.0012181923526624393
112 0.001222081817450621
113 0.001207583339515529
114 0.001217311013427878
115 0.0012076244572581211
116 0.0014181979493844863
118 0.0016152952492194564
