18 0.014308434685235641
19 0.00974146817031396
20 0.008878129272379298
21 0.008878129272379298
22 0.008878129272379298
23 0.008878129272379298
24 0.008878129272379298
25 0.008878129272379298
26 0.009218810602817564
27 0.00937135867640037
28 0.009095731443537916
29 0.008878129272379298
30 0.009092427565450293
31 0.009092427565450293
32 0.009092427565450293
33 0.009092427565450293
34 0.009092427565450293
35 0.009092427565450293
36 0.009914809147814192
37 0.009914809147814192
38 0.009914809147814192
39 0.009914809147814192
40 0.009376300783441182
41 0.010528074023152971
42 0.010528074023152971
43 0.01090629006259561
44 0.014376473264330576
45 0.012446790396420306
46 0.011969497215717727
47 0.014093748738370184
48 0.01924559944669204
49 0.013268639145260046
50 0.02575422444662438
51 0.014820263958888353
53 0.02191830338320641
