47 0.0012155285255619614
48 0.0012068573939832794
49 0.0012064349126132904
50 0.001209813056052803
51 0.001022242520724967
52 0.0010208762261217981
53 0.0010208762261217981
54 0.0010218454753129521
55 0.0010197752781983453
56 0.001019293262362231
57 0.0010197752781983453
58 0.0010244616494759235
59 0.0010234878762998296
60 0.0010106385577131605
61 0.001009233455986832
62 0.0010080138162897176
63 0.0010077010139553566
64 0.001006782813288072
65 0.0010056824811320135
66 0.0010052130458380547
67 0.000823999129543311
68 0.0008232296700932083
69 0.0008222225207249669
70 0.0008217403736400313
71 0.0008197552781983452
72 0.0008192153128549232
73 0.0008174905967263709
74 0.0008172183123107993
75 0.0008162106870114484
76 0.0008149078225431245
77 0.0008138354653267131
78 0.0008128113993682495
79 0.0008122426217756237
80 0.0008120943904500465
81 0.000811798694325094
82 0.0008115323012535112
83 0.000811496800369495
84 0.0008107666760109402
85 0.0008106405544614236
86 0.0008107666760109402
87 0.0008087583129476006
88 0.000808202487677393
89 0.0008079589694018458
90 0.0008076810139553564
91 0.0008071491411325601
92 0.0008067628132880718
93 0.0008064744222317709
94 0.0008061792873085966
95 0.0008057363786770068
96 0.0008053333213778411
97 0.0008045981110635588
98 0.000804543226582249
99 0.0008042441376243305
100 0.0006244590172264174
101 0.0006222025207249669
102 0.0006220821163880903
103 0.0006220218174506208
104 0.0006218054753129521
105 0.0006209850552260977
106 0.0006205186646994778
107 0.0006198768422430525
108 0.0006197200016900716
109 0.0006186665036675698
110 0.0006182235119088919
111 0.0006180432002452698
112 0.000617470596726371
113 0.0006172981505157666
114 0.0006171983123107993
115 0.000617153549877689
116 0.000616525404815705
117 0.000617153549877689
118 0.0006161906870114485
119 0.000616087202229862
120 0.0006156957851814271
121 0.0006154685255619614
122 0.0006142300144071528
123 0.000614031501306716
124 0.000613928884133214
125 0.0006132694971539575
126 0.0006129839055204425
127 0.0006129213944404768
128 0.0006129000761294983
129 0.0006129839055204425
130 0.0006129839055204425
131 0.0006128308999011022
132 0.0006125678881330996
133 0.0006122064417266211
134 0.0006121051184845358
135 0.0006120878874175451
136 0.0006120504173007177
137 0.000611931440546013
138 0.000611778694325094
139 0.0006117438215382358
140 0.0006115304250343805
141 0.0006110689797087296
142 0.0006110671176941434
143 0.0006108871691648663
144 0.0006108139105162208
145 0.0006106205544614236
146 0.0006105985577131605
147 0.0006105076412828637
148 0.0006101168247342511
149 0.0006100645455289367
150 0.0006100645455289367
151 0.0006097530560528029
152 0.0006095127321149776
153 0.0006093736018352722
154 0.0006093465219959789
155 0.0006093008533247352
156 0.0006092296973919674
157 0.0006089903283976346
158 0.0006089390387907994
159 0.000608909308726889
160 0.0006088080474918818
161 0.0006083075641940254
162 0.000608182487677393
163 0.0006081611609072542
164 0.0006079738162897174
165 0.0006079389694018458
166 0.0006079389694018458
167 0.0006078669692733353
168 0.0006076610139553564
169 0.0006076596567723622
170 0.0006075767280711987
171 0.000607564457258121
172 0.000607523339515529
173 0.0006074456778835374
174 0.0006071291411325602
175 0.0006071041679473602
176 0.0006067973939832794
177 0.0006067428132880718
178 0.0006066048582393339
179 0.0006064544222317709
180 0.0006063749126132905
181 0.0006063408410732455
182 0.0006062602174704485
183 0.0006061592873085966
184 0.0006060197585721199
185 0.0006057668202923809
186 0.0006057163786770068
187 0.0006056424811320133
188 0.000605374252823063
189 0.0006053133213778411
190 0.0006052589965117462
191 0.0006051730458380547
192 0.0006047249404459643
193 0.000604692939206666
194 0.0006045781110635588
195 0.000604523226582249
196 0.0006043301399903267
197 0.0006042241376243305
198 0.000604101606070741
199 0.0006040963939961192
