69 0.005610801922914321
70 0.005610801922914321
71 0.003606344005318277
72 0.003606344005318277
73 0.003606344005318277
74 0.003606344005318277
75 0.003606344005318277
76 0.003606344005318277
77 0.003606344005318277
78 0.003606344005318277
79 0.003606344005318277
80 0.003606344005318277
81 0.003606344005318277
82 0.003606344005318277
83 0.003606344005318277
84 0.003606344005318277
85 0.003606344005318277
86 0.003606344005318277
87 0.003606344005318277
88 0.003606344005318277
89 0.003606695710628657
90 0.003606695710628657
91 0.003606344005318277
92 0.003606695710628657
93 0.003606695710628657
94 0.003606695710628657
95 0.003806715710628657
96 0.003806715710628657
97 0.003806715710628657
98 0.003806715710628657
99 0.003806715710628657
100 0.003816774959802246
101 0.003816774959802246
102 0.003816774959802246
103 0.003816774959802246
104 0.003816774959802246
105 0.003816774959802246
106 0.00400440318297819
107 0.00400440318297819
108 0.00400440318297819
109 0.00400440318297819
110 0.00400440318297819
111 0.0042044231829781896
112 0.0042044231829781896
113 0.0042044231829781896
114 0.005223432912342741
115 0.005210868115149816
116 0.005404543182978189
117 0.0054129836531605505
118 0.005421332415465097
119 0.005421332415465097
120 0.006621030678397698
121 0.005011204928619319
122 0.008609274162890295
123 0.005809371861574609
124 0.005809371861574609
