6 0.003264422146164366
7 0.002864382146164366
8 0.0017006229246791862
9 0.0014686396994612002
10 0.0014625779573785472
11 0.0012747326096474746
12 0.0012158082122632466
13 0.0011457241884200318
14 0.0010275403781719512
15 0.0010171261389345552
16 0.0010157568976563358
17 0.0009594776672873281
18 0.0009433960699210616
19 0.0008685796994612002
20 0.000864182146164366
21 0.000864182146164366
22 0.000864182146164366
23 0.0008746926096474745
24 0.0008746926096474745
25 0.0009457041884200319
26 0.0016332912979891885
27 0.0016332912979891885
