17 0.011823035112502111
18 0.008494849860732546
19 0.008494849860732546
20 0.008494849860732546
21 0.008494849860732546
22 0.009383738640168162
23 0.008494849860732546
24 0.007145704923552076
25 0.007145704923552076
26 0.006573232123687734
27 0.006306195821859314
28 0.006306195821859314
29 0.006251055356860363
30 0.006335434056535879
31 0.006251055356860363
32 0.006251055356860363
33 0.006771822576300036
34 0.006987603236281037
35 0.006655991261981938
36 0.006277757069549222
37 0.006281026537257549
38 0.005329476020166025
39 0.006062804858224551
40 0.006062804858224551
41 0.005252153052998098
42 0.005252153052998098
43 0.005252153052998098
44 0.005252153052998098
45 0.005257808627785321
46 0.004732750480345524
47 0.004629131450006103
48 0.004620818613184603
49 0.004620818613184603
50 0.004544541750878267
51 0.004544541750878267
52 0.004278580221291542
53 0.0037874199816413726
54 0.0037462003842764187
55 0.0037313453792850327
56 0.0037313453792850327
57 0.0037313453792850327
58 0.0037313453792850327
59 0.0037313453792850327
60 0.00378980236086584
61 0.003423913142601152
62 0.003423913142601152
63 0.003423913142601152
64 0.003423913142601152
65 0.003423913142601152
66 0.003385514571877167
67 0.0033523838656685572
68 0.0033523838656685572
69 0.0033523838656685572
70 0.0029746281657441597
71 0.0029333358824599875
72 0.0029458109227311563
73 0.0029458109227311563
74 0.002934075338450042
75 0.002934075338450042
76 0.0029612623386576836
77 0.0029612623386576836
78 0.0029612623386576836
79 0.0029612623386576836
80 0.003321827037755978
81 0.0036674271378315934
82 0.003378898163485802
83 0.0033277201521155673
84 0.004598965123089655
85 0.004616884156765179
87 0.0037304447229373422
88 0.0037870655474568143
