25 0.003086832304264129
26 0.002960052836400557
27 0.0024823995073811334
28 0.0024823995073811334
29 0.002450066506916206
30 0.0024823995073811334
31 0.002450066506916206
32 0.002450066506916206
33 0.002450066506916206
34 0.002450066506916206
35 0.002450066506916206
36 0.002450066506916206
37 0.002450066506916206
38 0.002382430869321504
39 0.0022979071383071002
40 0.0022300018282966627
41 0.001973368557600371
42 0.0019721134263684767
43 0.0019721134263684767
44 0.001960540549726506
45 0.0019560998223485146
46 0.0019560998223485146
47 0.0022300018282966627
48 0.0019548237431503317
49 0.0019548237431503317
50 0.0019548237431503317
51 0.0019548237431503317
52 0.0019548237431503317
53 0.0019548237431503317
54 0.002307389785124874
55 0.003968784391196738
56 0.0026458562607978254
57 0.003968784391196738
