64 0.00940893727308428
65 0.008222726517092493
66 0.007608757273084278
67 0.007608757273084278
68 0.007608757273084278
69 0.007608757273084278
70 0.007608757273084278
71 0.007608757273084278
72 0.007608757273084278
73 0.008022706517092493
74 0.007810157889929102
75 0.009022806517092493
76 0.00702534194450801
77 0.00682532194450801
78 0.00682532194450801
79 0.00682532194450801
80 0.00660973292836577
81 0.00660973292836577
82 0.00660973292836577
83 0.00660973292836577
84 0.00660973292836577
85 0.00660973292836577
86 0.007617186898661815
87 0.008004111538085917
88 0.006217511024163257
89 0.006403951538085918
90 0.005407858651517942
91 0.005203831538085918
92 0.005203831538085918
93 0.005203831538085918
94 0.005203831538085918
95 0.005203831538085918
96 0.005203831538085918
97 0.005203831538085918
98 0.005203831538085918
99 0.005207838651517942
100 0.005207838651517942
101 0.005218426705992186
102 0.007608496204455205
103 0.0050132010108817045
104 0.0050132010108817045
105 0.0050132010108817045
106 0.004404207429681223
107 0.004404207429681223
108 0.004404207429681223
109 0.004404207429681223
110 0.004404207429681223
111 0.004404207429681223
112 0.004416405905053845
113 0.004416405905053845
114 0.004416405905053845
115 0.004416405905053845
116 0.004416405905053845
117 0.004416405905053845
118 0.004416405905053845
119 0.004416405905053845
120 0.004416405905053845
121 0.004416405905053845
122 0.004420188741191564
123 0.004420188741191564
124 0.008217246898661814
125 0.012210292928365769
126 0.012022888301731913
127 0.007211022100229534
128 0.0074113771826157795
