71 0.0010042173692760507
72 0.0008188556883875041
73 0.0008175768205152627
74 0.0008164947602272031
75 0.0008160241746764044
76 0.0008157945818532371
77 0.000814180175885208
78 0.0008132807130388194
79 0.0008132807130388194
80 0.0008122015191436143
81 0.0008115312053326576
82 0.0008115312053326576
83 0.000810428115149816
84 0.000810428115149816
85 0.0008107849286193185
86 0.0008081508403959272
87 0.0008079788176769564
88 0.0008079627819929341
89 0.000806837905037554
90 0.000806837905037554
91 0.0008064157106286568
92 0.0008063082641572188
93 0.0008059819296972266
94 0.0008059819296972266
95 0.0008059819296972266
96 0.0008047622927552895
97 0.000804233273462993
98 0.0008041347275395516
99 0.0008040831829781896
100 0.0006248435124858266
101 0.0006239448033395577
102 0.0006233729490645757
103 0.0006229729123427407
104 0.000622422309814704
105 0.000622422309814704
106 0.0006239448033395577
107 0.0008050125110501727
108 0.0006199013731965587
109 0.0006199013731965587
110 0.0006189980257049214
111 0.0006189980257049214
112 0.0006182399494423697
113 0.0006168473403508357
114 0.000616807610256233
115 0.0006180303402294714
116 0.000616807610256233
117 0.000616807610256233
118 0.000616807610256233
119 0.0006160041746764044
120 0.0006157745818532372
121 0.000615635813081457
122 0.0006153242945524781
123 0.0006146131995398759
124 0.0006143883724143342
125 0.0006140359887866521
126 0.0006132607130388194
127 0.0006132014221007972
128 0.0006128039440779846
129 0.0006127002160597685
130 0.0006122982591497685
131 0.0006121815191436143
132 0.0006118852783866483
133 0.0006115230589244746
134 0.0006111721395475871
135 0.0006109886702412007
136 0.0006107649286193186
137 0.0006107334666644014
138 0.0006104386014927014
139 0.0006103128652914572
140 0.0006103019229143204
141 0.0006103128652914572
142 0.0006102127783889169
143 0.0006099446013310424
144 0.0006098258666740429
145 0.0006089286855288784
146 0.0006088518615746095
147 0.0006087711405767459
148 0.0006087711405767459
149 0.0006083812499132694
150 0.0006082833027763754
151 0.0006082392845266001
152 0.0006081308403959272
153 0.0006081230656849895
154 0.0006081215789209553
155 0.0006080117653232602
156 0.0006080117653232602
157 0.0006079588176769564
158 0.0006079427819929342
159 0.0006077126591830214
160 0.0006073197339543229
161 0.0006072367451617621
162 0.0006068179050375541
163 0.0006067620531805237
164 0.0006065586047866091
165 0.0006064925232127739
166 0.0006064825655178143
167 0.0006064368849892816
168 0.0006064139872066898
169 0.0006064104387084413
170 0.0006063957106286569
171 0.0006063861715158006
172 0.0006062882641572189
173 0.0006062077670609061
174 0.000606205619146202
175 0.0006060440053182769
176 0.0006059772424199685
177 0.0006059619296972267
178 0.0006059042117298399
179 0.0006056944751497948
180 0.0006056759200588726
181 0.0006056191351896808
182 0.0006055990051263229
183 0.0006055327965908087
184 0.0006055189173630919
185 0.0006052465951250474
186 0.0006051745162551509
187 0.0006049925110501727
188 0.0006048780231773837
189 0.0006048532779487465
190 0.000604746572936874
191 0.0006047422927552895
192 0.0006046861452760453
193 0.0006042132734629931
194 0.0006041773692760506
195 0.000604171439593946
196 0.0006041147275395516
197 0.0006040687813621408
198 0.0006040631829781896
199 0.0006040449470475356
200 0.00042501154725544104
