6 0.0024687396994612
7 0.0018873638010097709
8 0.0018172061389345553
9 0.0016747726096474746
10 0.001345744188420032
11 0.0012686196994612002
12 0.0012171461389345554
13 0.001190259390336983
14 0.0011728188496444832
15 0.0011148839123802678
16 0.0011453578504674585
17 0.0011453578504674585
18 0.0011457241884200318
19 0.0011457241884200318
20 0.0012268575860854528
21 0.0013005829246791863
22 0.0012921987112516809
23 0.0013075391021552213
24 0.0013005829246791863
25 0.0019006429246791864
26 0.00205849554042988
