1 0.08250876909545493
2 0.04249201608415929
3 0.02905068391295204
4 0.022354311945190938
5 0.01820208396077418
6 0.015070500833686155
7 0.013186688229475385
8 0.011659264816042245
9 0.010725566120455695
10 0.009716054013368537
11 0.009253088207679642
12 0.009041012007029977
13 0.009041012007029977
14 0.009041012007029977
15 0.009041012007029977
16 0.009041012007029977
17 0.009253088207679642
18 0.009294026935818636
19 0.009469121692625615
20 0.0093931431861729
21 0.009657079474165308
22 0.009657079474165308
23 0.009657079474165308
24 0.010459047984636555
25 0.010707800496056564
26 0.010513499968703594
27 0.011040266461695862
28 0.011040266461695862
29 0.011040266461695862
30 0.011040266461695862
31 0.010919155748272133
32 0.010992000383868383
33 0.010884879425533518
34 0.011332542016036567
35 0.011524952783100211
36 0.011596543217644494
37 0.012116465162954481
38 0.012116465162954481
39 0.013358715658609317
40 0.012596919302681845
41 0.014053987059038379
42 0.014053987059038379
43 0.013602475618715953
44 0.013602475618715953
45 0.013663440336692003
46 0.013556443087539448
47 0.01379003395179585
48 0.013556443087539448
49 0.01362169384073869
50 0.013663440336692003
51 0.014091223191430625
52 0.014739172689699799
53 0.013663440336692003
54 0.014984201538860913
55 0.01603621631354175
56 0.014425944585968388
57 0.014786426995671717
58 0.0195132296593487
59 0.02041548468601488
60 0.02496744444067838
61 0.02683057148790252
62 0.045344393827031204
