1 0.008493085691410414
2 0.004435955887207755
3 0.0030580215691913414
4 0.0024579615691913415
5 0.002046300975921336
6 0.0018450706416410065
7 0.0015244834717908229
8 0.001412443250370941
9 0.0012667009758616037
10 0.001212423250370941
11 0.001076923732243594
12 0.0010380001196242218
13 0.001004853592214811
14 0.00099620061554549
15 0.0008769037322435937
16 0.0008666609758616037
17 0.0008379801196242218
18 0.0008123832503709408
19 0.0008082469566180953
20 0.000804833592214811
21 0.0007961806155454901
22 0.0007961806155454901
23 0.0007961806155454901
24 0.0007961806155454901
25 0.0007961806155454901
26 0.0007961806155454901
27 0.0008360207426066281
