35 0.003411803058924475
36 0.0034105819229143207
37 0.002823671380595519
38 0.002823671380595519
39 0.0028197679040414475
40 0.002813421422100797
41 0.002813421422100797
42 0.0028142559887866523
43 0.002810432778388917
44 0.00280966186844717
45 0.0028109534666644013
46 0.002810432778388917
47 0.002810432778388917
48 0.0026084392845266
49 0.0026079126591830215
50 0.002604946572936874
51 0.002604244947047536
52 0.0024129839440779847
53 0.002413167779959278
54 0.002413167779959278
55 0.0024123615191436144
56 0.0024123615191436144
57 0.002410005866674043
58 0.002407416745161762
59 0.002410005866674043
60 0.0024090318615746097
61 0.002410005866674043
62 0.002223516234965763
63 0.0022235069399979147
64 0.0022235069399979147
65 0.00222099767665621
66 0.0022227364251872746
67 0.00222099767665621
68 0.00222099767665621
69 0.00221842113482369
70 0.00221842113482369
71 0.00222099767665621
72 0.002224104803339558
73 0.0024054265951250473
74 0.0024054265951250473
75 0.00240659398720669
76 0.0024084192845266004
77 0.0024090318615746097
78 0.0024195880683531546
79 0.002416634959802246
80 0.0024209182693758005
81 0.00260661398720669
82 0.002423631380595519
83 0.0026061772424199685
84 0.002606586171515801
85 0.0026090518615746097
86 0.002610412778388917
87 0.002613326498966044
88 0.0028105219229143203
89 0.0028054665951250473
90 0.0028209582693758005
91 0.0028209582693758005
92 0.003004986572936874
93 0.0028241648033395577
94 0.0030058390051263227
95 0.0028223012774951273
96 0.0028209582693758005
97 0.002817067340350836
98 0.0028209582693758005
99 0.0028223012774951273
100 0.0030182703402294713
101 0.0028227964251872745
102 0.0028223012774951273
103 0.0028223012774951273
104 0.003004986572936874
105 0.003225169733887819
106 0.0034050265729368744
107 0.003410142129768025
108 0.003405158023177384
109 0.0034084015789209556
110 0.0038221177496886604
111 0.0034203926701983508
112 0.003406241929697227
113 0.003822090608541494
114 0.003605919135189681
115 0.0034110867379223437
116 0.004010202129768025
117 0.0038065277670609066
118 0.0038227520707213606
119 0.004005959135189681
120 0.0038236669399979153
121 0.004010641922914321
122 0.00481368071303882
123 0.004223716234965764
124 0.004223131587865054
125 0.005412432521924919
126 0.0048060959200588735
129 0.005423452912342741
