12 0.016300338650065947
13 0.008878335237717881
14 0.008595739971034227
15 0.008595739971034227
16 0.008595739971034227
17 0.008595739971034227
18 0.008741034474145244
19 0.008878335237717881
20 0.00908439219164724
21 0.00908439219164724
22 0.009573044412260253
23 0.009573044412260253
24 0.009573044412260253
25 0.009573044412260253
26 0.009573044412260253
27 0.009573044412260253
28 0.009573044412260253
29 0.009573044412260253
30 0.009573044412260253
31 0.009573044412260253
32 0.009573044412260253
33 0.00970024648531808
34 0.00970024648531808
35 0.00970024648531808
36 0.00970024648531808
37 0.00970024648531808
38 0.010085290576817698
39 0.009723890974643393
40 0.010085290576817698
41 0.010085290576817698
42 0.010085290576817698
43 0.010085290576817698
44 0.010085290576817698
45 0.010085290576817698
46 0.010085290576817698
47 0.010432086667095788
48 0.01179467227377891
49 0.01179467227377891
50 0.01179467227377891
