1 0.03276720614165435
2 0.017368502938906523
3 0.011426646670333239
4 0.010020175202687028
5 0.010020175202687028
6 0.010020175202687028
7 0.010020175202687028
8 0.010020175202687028
9 0.010020175202687028
10 0.010020175202687028
11 0.010020175202687028
12 0.010020175202687028
13 0.010020175202687028
14 0.010020175202687028
15 0.010020175202687028
16 0.01006188983740644
17 0.01006188983740644
18 0.01006188983740644
19 0.01006188983740644
20 0.01006188983740644
21 0.01006188983740644
22 0.01006188983740644
23 0.010135798700966293
24 0.012016535520721952
25 0.015252410711406313
26 0.018339978175039868
