25 0.0018901733013832415
26 0.0016793856274536733
27 0.0016561320420263885
28 0.001492695919536623
29 0.001492695919536623
30 0.001492695919536623
31 0.001422182799508518
32 0.0012891249555871287
33 0.0012891249555871287
34 0.0012687074606011002
35 0.0012687074606011002
36 0.0012687074606011002
37 0.0012687074606011002
38 0.0012336922972082396
39 0.0012336922972082396
40 0.0010488187893156933
41 0.0010488187893156933
42 0.0010492631130534715
43 0.0010492631130534715
44 0.001061557957024975
45 0.001061557957024975
46 0.001061557957024975
47 0.0010891342242431662
48 0.0008930988030011295
49 0.0008930988030011295
50 0.0008858627006684269
51 0.0008858627006684269
52 0.0008858627006684269
53 0.0008858627006684269
54 0.0008858627006684269
55 0.0008930988030011295
56 0.00109484724661516
57 0.001088785935787583
58 0.001088785935787583
