97 0.001424200144368413
98 0.0016057089227503576
99 0.0016094937529539841
100 0.0018049678845852787
101 0.001413187276010026
102 0.0014162649846512115
103 0.001614040007965074
104 0.0014251052646743415
105 0.0018104681797395893
106 0.0012095538179612252
107 0.0012183232850558503
108 0.001405663377596993
109 0.0012130997916314306
110 0.0014043984812713382
111 0.0012241992279879803
112 0.0012140000079650741
113 0.001405838239229518
114 0.0014056653767332797
115 0.001204945802281976
116 0.0014088157338788957
117 0.001405838239229518
118 0.0012212880912348557
119 0.0016143316600819417
