21 0.0036638579254621466
22 0.002887027832028583
23 0.0028637779254621462
24 0.0026894165183029423
25 0.0026894165183029423
26 0.0026894165183029423
27 0.0026894165183029423
28 0.0026894165183029423
29 0.0026894165183029423
30 0.0026894165183029423
31 0.0026894165183029423
32 0.0028637779254621462
33 0.002881617737375302
34 0.003079382688097438
35 0.0030333551269229268
36 0.0030610618471821407
37 0.0030333551269229268
38 0.003098161337599307
39 0.0032697901189949388
40 0.0032735584941714015
41 0.003270546014585728
42 0.0032816577373753018
43 0.0034158844914239286
44 0.0032161893778802587
45 0.0032161893778802587
46 0.0036701902313235313
47 0.0034705660145857285
48 0.0036628586909816237
49 0.004262918690981624
50 0.0038857495966164307
51 0.0038871278320285834
52 0.006895133120794323
53 0.00504853327582625
