33 0.002395513440487188
34 0.002395513440487188
35 0.0019243424474747039
36 0.0019164107523897507
37 0.0019164107523897507
38 0.0018353323653078862
39 0.0018633075048188697
40 0.0019164107523897507
41 0.001696653760060828
42 0.0014990762158316193
43 0.0014990762158316193
44 0.0014990762158316193
45 0.001487831693625679
46 0.0014751376770821933
47 0.0014675295549088265
48 0.0014675295549088265
49 0.0014675295549088265
50 0.0014675295549088265
51 0.0014675295549088265
52 0.0014675295549088265
53 0.0014675295549088265
54 0.0014751376770821933
55 0.0014675295549088265
56 0.0014751376770821933
57 0.001483419362382967
58 0.0014886352743040735
59 0.0014936440127979208
60 0.0014990762158316193
61 0.001832794435278447
62 0.0014936440127979208
63 0.0014936440127979208
64 0.0019837755915009052
