6 0.0022142894503967897
7 0.0019205399643105962
8 0.0014638382312924083
9 0.001260307365978533
10 0.001260307365978533
11 0.0012141894503967896
12 0.0010437840600261074
13 0.0010274509459697071
14 0.0010188601445646989
15 0.000975187440596822
16 0.0008958121831000414
17 0.0008940906442599355
18 0.0008680239908068015
19 0.0008796475798084738
20 0.0008796475798084738
21 0.000873479903707137
22 0.0008796475798084738
23 0.0008796475798084738
24 0.0008796475798084738
25 0.0008796475798084738
26 0.0010316889534857064
