8 0.008017051629910128
9 0.007362277157689753
10 0.005735392959434457
11 0.005673199105905148
12 0.005659095268171855
13 0.0050401846970157295
14 0.004779494132862047
15 0.0042682218178812445
16 0.004244321451128891
17 0.0038976761423063404
18 0.0038976761423063404
19 0.0038575832923132877
20 0.0038575832923132877
21 0.004009557530183628
22 0.003385262946826318
23 0.003385262946826318
24 0.0033011389064335817
25 0.0032439142873152025
26 0.0033011389064335817
27 0.002751926531984459
28 0.0027491916529176702
29 0.0027491916529176702
30 0.0027491916529176702
31 0.0024109895576958046
32 0.0024109895576958046
33 0.002751926531984459
34 0.0027048709031679934
35 0.00259845076153756
36 0.002425983000395574
37 0.0023496221634690495
38 0.002276320840876227
39 0.0023039092359107022
40 0.0023039092359107022
41 0.0021281798945898232
42 0.0021281798945898232
43 0.002349251156617655
44 0.0019407864003164591
45 0.0019407864003164591
46 0.0018677756355044992
47 0.0017797628017178152
48 0.0017797628017178152
49 0.0017797628017178152
50 0.0017797628017178152
51 0.002224703502147269
