6 0.0031182370247450895
7 0.002872673115083934
8 0.0024325340188848083
9 0.002237560062594386
10 0.001999091864367284
11 0.0018925072749614966
12 0.0017403854205447716
13 0.0017403854205447716
14 0.001594069230715231
15 0.0015922074077232354
16 0.0014324168359296553
17 0.001394049230715231
18 0.0012849381476718181
19 0.0012798754604655478
20 0.0012324140188848082
21 0.0012323968359296553
22 0.0011869012630498304
23 0.0011869012630498304
24 0.0010924272749614965
25 0.001045208869901863
26 0.001045208869901863
27 0.0010209314674594506
28 0.0010200326395423324
29 0.000994382161402259
30 0.000994382161402259
31 0.0009180170247450896
32 0.000909311031941776
33 0.000898328913960038
34 0.000884898147671818
35 0.0008743006875282161
36 0.0008743006875282161
37 0.0008743006875282161
38 0.0008743006875282161
