8 0.006613694566408357
9 0.00481895815734468
10 0.004489666793805362
11 0.004063071771141993
12 0.00403310791341887
13 0.003456327834940523
14 0.003231968898674049
15 0.00303300791341887
16 0.002849327740201921
17 0.002671009213523263
18 0.002618738157344679
19 0.0024859754178406116
20 0.002299487907732038
21 0.00227171413184187
22 0.002218568415871635
23 0.002081434538218274
24 0.002081434538218274
25 0.002081434538218274
26 0.002081434538218274
27 0.002081434538218274
28 0.002081434538218274
29 0.002081434538218274
30 0.002081434538218274
31 0.002081434538218274
32 0.0020859354178406116
33 0.002090987988254735
34 0.002090987988254735
35 0.002090987988254735
36 0.002090987988254735
37 0.002090987988254735
38 0.002231868898674049
39 0.002231868898674049
40 0.002231868898674049
41 0.002231868898674049
42 0.002231868898674049
43 0.002231868898674049
44 0.0026936387302765315
45 0.0028430234502238878
46 0.0026814945382182733
47 0.0024936187302765315
48 0.0026791388904440073
49 0.0026859954178406116
50 0.0028765982838020823
51 0.0032357512843021116
52 0.0028860154178406115
53 0.0032410481657762437
54 0.0064566278349405225
55 0.004491227988254735
56 0.004093778730276531
