25 0.0016858098390898017
26 0.0014720010572033396
27 0.0014720010572033396
28 0.0012959395589362819
29 0.0012857698390898017
30 0.0012959395589362819
31 0.0012430068849168668
32 0.0012430068849168668
33 0.0012430068849168668
34 0.001095919558936282
35 0.001095919558936282
36 0.0011000127688470089
37 0.0010908685050935614
38 0.001086554088685305
39 0.0010594761117236424
40 0.0010137533403537491
41 0.0010137533403537491
42 0.0010429868849168669
43 0.001057388986083738
44 0.001057388986083738
45 0.0010776942550648199
46 0.0010776942550648199
47 0.0010660671128977675
48 0.0010776942550648199
49 0.0010776942550648199
50 0.0010857498390898018
51 0.0010659878370575136
52 0.0010604798197059516
53 0.0010660671128977675
54 0.0010660671128977675
55 0.0010660671128977675
56 0.001072344170929096
57 0.001072344170929096
