14 0.00586726419335851
15 0.004867164193358511
16 0.004896403897875227
17 0.003837739066675113
18 0.0038367599312234732
19 0.003837739066675113
20 0.0036981003202739412
21 0.003837739066675113
22 0.003837739066675113
23 0.003837739066675113
24 0.003837739066675113
25 0.003837739066675113
26 0.003837739066675113
27 0.003837739066675113
28 0.0034134834456024145
29 0.0032962438978752263
30 0.0032394359895387484
31 0.0032394359895387484
32 0.0032394359895387484
33 0.0032394359895387484
34 0.0032394359895387484
35 0.0032394359895387484
36 0.0032394359895387484
37 0.0032394359895387484
38 0.0032962438978752263
39 0.0032962438978752263
40 0.0032962438978752263
41 0.0032962438978752263
42 0.0034628386909816237
43 0.0034628386909816237
44 0.0034628386909816237
45 0.0034628386909816237
46 0.0034628386909816237
47 0.0034628386909816237
48 0.0034628386909816237
49 0.0034663549984430535
50 0.004233475126922927
51 0.0054881518674231855
