28 0.040921353597145896
29 0.040921353597145896
30 0.040921353597145896
31 0.04042832524055377
32 0.04042832524055377
33 0.04042832524055377
34 0.03993529688396165
35 0.03993529688396165
36 0.03993529688396165
37 0.03993529688396165
38 0.03944226852736954
39 0.032539616910759656
40 0.03944226852736954
41 0.03593927837904798
42 0.03593927837904798
43 0.03545361245500679
44 0.034967946530965605
45 0.034967946530965605
46 0.03448228060692441
47 0.03545361245500679
48 0.034967946530965605
49 0.034967946530965605
50 0.036424944303089166
51 0.03593927837904798
52 0.036424944303089166
