1 0.03784260371964016
2 0.019394334406315585
3 0.013802508958150191
4 0.011825474059514299
5 0.008987618383414539
6 0.00846219997115587
7 0.0075685207439280325
8 0.006647690960944951
9 0.005915360982064368
10 0.005915360982064368
11 0.005915360982064368
12 0.005915360982064368
13 0.005915360982064368
14 0.005915360982064368
15 0.005915360982064368
16 0.005915360982064368
17 0.005915360982064368
18 0.006405465115570245
19 0.006405465115570245
20 0.006405465115570245
21 0.007160323052516505
22 0.007883649373009533
23 0.008869105544635724
24 0.00864095766923925
25 0.009606837801199615
27 0.014957304662126138
