1 0.016364406553306118
2 0.008563626553306117
3 0.005794134394765091
4 0.004563226553306117
5 0.0037631465533061173
6 0.0032746200015347873
7 0.002840656861796764
8 0.002517330081274307
9 0.0022637758850329536
10 0.0022637758850329536
11 0.0022637758850329536
12 0.0022637758850329536
13 0.0022637758850329536
14 0.0022637758850329536
15 0.0022637758850329536
16 0.0022637758850329536
17 0.0022637758850329536
18 0.0022637758850329536
19 0.0022637758850329536
20 0.0022637758850329536
21 0.0031634976587072085
22 0.0034468804592582307
23 0.003488504726437844
24 0.003993954394765091
