6 0.019898347916341166
11 0.014156726215412613
16 0.011963577753462904
21 0.009927398739635253
26 0.009371586341390232
30 0.01002237797872219
31 0.008962884573955705
33 0.01282619814261085
34 0.010559869716383678
35 0.01282619814261085
36 0.007942476566724074
37 0.009892758733401306
38 0.01205752054917788
39 0.010286277988507059
40 0.009946718764339916
41 0.007942476566724074
42 0.009470675250654906
43 0.010915327787892257
44 0.008962884573955705
45 0.007942476566724074
46 0.010301041082608337
47 0.01093248207495207
48 0.012423275085172804
49 0.0119360625172079
50 0.011417310064665856
