7 0.0030224885889952036
8 0.0018873638010097709
9 0.001745784188420032
10 0.0014922187112516808
11 0.0014158282122632465
12 0.0013115962256207646
13 0.0012854653265408817
14 0.0011457241884200318
15 0.0011453578504674585
16 0.0011453578504674585
17 0.0010921787112516809
18 0.0010921787112516809
19 0.0011115762256207647
20 0.001140876314846024
21 0.0011457241884200318
22 0.0011457241884200318
23 0.0012268575860854528
24 0.0012223085889952034
25 0.0012286764419064161
26 0.0014223285889952036
28 0.0019006429246791864
29 0.00205849554042988
