5 0.0031150839123802675
6 0.002892358711251681
7 0.0017409363148460238
8 0.0016158482122632465
9 0.001487323801009771
10 0.0014859120134868514
11 0.0014747526096474746
12 0.0012622423295279958
13 0.001140876314846024
14 0.0011115762256207647
15 0.0011115762256207647
16 0.0011115762256207647
17 0.001140876314846024
18 0.001140876314846024
19 0.0012223085889952034
20 0.0012854653265408817
21 0.0012625579573785472
22 0.0012625579573785472
23 0.001428696441906416
24 0.0016189808335183905
25 0.0018190008335183905
26 0.0017454178504674586
