6 0.019652082552509078
11 0.01440801105557227
16 0.011904834884513101
21 0.01012831726130942
26 0.009902923437818982
31 0.008963982459514127
34 0.013098977228913865
35 0.012062731611271272
36 0.008075754386088313
37 0.011092918905243651
38 0.010199237423257778
39 0.010915327787892257
40 0.008912631094037084
41 0.008075754386088313
42 0.008075754386088313
43 0.010559869716383678
44 0.008776514102793037
45 0.009431690922984839
46 0.008856371005400208
47 0.009797219014304108
48 0.009047674512229957
49 0.010358069114168152
