2 0.004692538711251681
3 0.0036225485889952035
4 0.0028277203781719514
5 0.0024224285889952036
6 0.0020223885889952033
7 0.0017409363148460238
8 0.001615816897656336
9 0.001615816897656336
10 0.0014922187112516808
11 0.0012650281422075748
12 0.0012171461389345554
13 0.0011457241884200318
14 0.0010872838010097708
15 0.0010171261389345552
16 0.0009902393903369828
17 0.0009457041884200319
18 0.0009408563148460238
19 0.000898071495512806
20 0.0008858520134868513
21 0.0008746926096474745
22 0.0008746926096474745
23 0.0008746926096474745
24 0.0008746926096474745
25 0.0008746926096474745
26 0.0012625579573785472
27 0.0014625779573785472
