3 0.008686246702315017
4 0.0045136025409493845
5 0.0045136025409493845
6 0.0045136025409493845
7 0.0045136025409493845
8 0.0045136025409493845
9 0.0045136025409493845
10 0.004655419220537139
11 0.004655419220537139
12 0.004655419220537139
13 0.004655419220537139
14 0.004655419220537139
15 0.004655419220537139
16 0.004655419220537139
17 0.004787071181207935
18 0.0048554392205371385
19 0.0050575458668133295
20 0.0048554392205371385
21 0.0048554392205371385
22 0.008261097547296297
23 0.008514002540949384
25 0.00865581922053714
