5 0.0037754767337825324
6 0.0032638758850329535
7 0.002775376733782532
8 0.0025634376587072086
9 0.0022637758850329536
10 0.0022637758850329536
11 0.0022637758850329536
12 0.0022637758850329536
13 0.0022637758850329536
14 0.0022637758850329536
15 0.0022637758850329536
16 0.0022637758850329536
17 0.0022637758850329536
18 0.0022637758850329536
19 0.0022637758850329536
20 0.0022637758850329536
21 0.0022637758850329536
22 0.0024637958850329536
23 0.0023634176587072086
24 0.003917470081274308
25 0.0030468404592582307
