1 0.020255598246133225
2 0.010261356933352044
3 0.00704020902099423
4 0.0052983813375993075
5 0.004298281337599307
6 0.0036539382461332225
7 0.00323982902099423
8 0.0028538582461332222
9 0.0026130558096304555
10 0.002299892071943873
11 0.0022242769338465577
12 0.002044498789188225
13 0.0018605169333520428
14 0.0018242369338465577
15 0.0016792426880974376
16 0.0016242169338465575
17 0.0014792226880974376
18 0.0014552818292689973
19 0.0014241969338465576
20 0.0012997920719438733
21 0.0012780494132862048
22 0.001254802304059726
23 0.0012314429064528268
24 0.0012129158096304555
25 0.0012088116884689103
26 0.0010892565183029423
27 0.0010700044326938099
28 0.0010661149984430532
29 0.0010552418292689974
30 0.0010396090209942297
31 0.0010314229064528268
32 0.0010133029677733294
33 0.0010045128500209776
34 0.0008892365183029422
35 0.0008892365183029422
36 0.000881145611868676
37 0.0008809011730723383
38 0.0008757824003095479
39 0.0008582586088196117
40 0.000854762304059726
41 0.0008395890209942296
42 0.0008383170765686462
43 0.0008331351269229266
44 0.0008256959789179647
45 0.0008202189017822146
46 0.0008156244914239283
47 0.0008128758096304554
48 0.0008102293009687842
49 0.0008066760636533698
50 0.000697800320273941
51 0.0006962517581013579
52 0.0006892165183029422
53 0.000686807832028583
54 0.0006852366000791147
55 0.0006852366000791147
56 0.0006813977373753018
57 0.000681125611868676
58 0.0006791426880974377
59 0.0006699644326938099
60 0.0006757624003095479
61 0.0006699644326938099
62 0.0006669839088761249
63 0.0006635579254621461
64 0.0006588730913269715
65 0.0006552018292689972
66 0.000654742304059726
67 0.000654742304059726
68 0.0006458131954779205
69 0.0006449807004294539
70 0.0006443587891882246
71 0.0006399394928801365
72 0.0006395690209942297
73 0.0006399394928801365
74 0.0006380370865270776
75 0.0006372034336684658
76 0.000681125611868676
77 0.0006372034336684658
78 0.000697921337599307
