52 0.002006586954999996
53 0.0018132203800301679
54 0.0018115930271143776
55 0.0018115930271143776
56 0.0018115930271143776
57 0.0018115930271143776
58 0.0018115930271143776
59 0.0018115930271143776
60 0.0016157940094189143
61 0.0016157940094189143
62 0.001610649216843672
63 0.0016096683838417371
64 0.0016096683838417371
65 0.0016096683838417371
66 0.001604879857640136
67 0.001604879857640136
68 0.001604608581032436
69 0.0014168576335291901
70 0.0014168576335291901
71 0.0014168576335291901
72 0.0014168576335291901
73 0.0014168576335291901
74 0.0014168576335291901
75 0.0014114529449226684
76 0.0014086199344409455
77 0.0014086199344409455
78 0.0014086199344409455
79 0.0014086199344409455
80 0.0014086199344409455
81 0.0014086199344409455
82 0.0014060559373539922
83 0.0014060559373539922
84 0.0014060559373539922
85 0.0014060559373539922
86 0.0014060559373539922
87 0.0014060559373539922
88 0.0014048725218730768
89 0.001221669780983439
90 0.001221669780983439
91 0.0012215399204395985
92 0.0012215399204395985
93 0.001221669780983439
94 0.00121975559063441
95 0.00121975559063441
96 0.00121975559063441
97 0.0012192145496084169
98 0.0012192145496084169
99 0.0012192145496084169
100 0.0012192145496084169
101 0.0012192145496084169
102 0.0012192145496084169
103 0.0012192145496084169
104 0.0012192145496084169
105 0.0012186722297239713
106 0.0012186722297239713
107 0.0012190106749624535
108 0.0012186722297239713
109 0.0012186722297239713
110 0.0012190106749624535
111 0.00121975559063441
112 0.001218885728732343
113 0.001218885728732343
114 0.001218885728732343
115 0.001218885728732343
116 0.0012239512166076813
117 0.0014116470120780415
118 0.0014091760794394418
119 0.0014235907125294068
120 0.0014164619745585623
121 0.001817449380806384
122 0.0020068372920450704
123 0.0018240112166076814
124 0.0018225713109161806
125 0.0018159982619041946
126 0.00200572537673328
127 0.002004648581032436
128 0.002004648581032436
129 0.00181981559063441
130 0.0022044449874635817
131 0.0026199447012109447
132 0.0024098450200658933
133 0.002415407589195798
136 0.002419488118744193
