3 0.00336838201005477
4 0.0026574823313404855
5 0.002292992910974244
6 0.0018929529109742442
7 0.0016573823313404852
8 0.0015466012217319755
9 0.0014929129109742438
10 0.00136818201005477
11 0.0012594732306824366
12 0.00116816201005477
13 0.0011465612217319756
14 0.0011465612217319756
15 0.0010807142924846992
16 0.0011610254322139517
17 0.0010807142924846992
18 0.0010807142924846992
19 0.0010807142924846992
20 0.0010869234599445907
21 0.0011413452438235998
22 0.0011413452438235998
23 0.0012928929109742439
24 0.0013921567546161416
25 0.0015159515896146936
26 0.0017159715896146936
