34 0.043816226260598994
35 0.043816226260598994
36 0.043816226260598994
37 0.0366959543655021
38 0.03540135947548448
39 0.04316892881559019
40 0.02551612099426622
41 0.024903832399164647
42 0.02312981122138764
43 0.02312981122138764
44 0.02312981122138764
45 0.02312981122138764
46 0.02312981122138764
47 0.019179290412789932
48 0.019179290412789932
49 0.018039332153214054
50 0.01839841666219529
51 0.01839841666219529
52 0.01839841666219529
53 0.019179290412789932
54 0.01839841666219529
55 0.01974926954257787
56 0.01974926954257787
57 0.01974926954257787
58 0.02031924867236581
59 0.02031924867236581
60 0.025837783327073406
