79 0.012607216286813112
80 0.010973025962894439
81 0.012607216286813112
82 0.010973025962894439
83 0.010973025962894439
84 0.010973025962894439
85 0.010973025962894439
86 0.008556801934563756
87 0.008288135612647952
88 0.008288135612647952
89 0.008288135612647952
90 0.008288135612647952
91 0.008288135612647952
92 0.008288135612647952
93 0.008288135612647952
94 0.008288135612647952
95 0.008288135612647952
96 0.008288135612647952
97 0.008288135612647952
98 0.008288135612647952
99 0.008288135612647952
100 0.008288135612647952
101 0.008288135612647952
102 0.010272760836679691
103 0.009238401957846688
104 0.009786041897232884
105 0.008778517086372228
106 0.008602952565665296
107 0.008602952565665296
108 0.008594365567679473
109 0.008602952565665296
110 0.008602952565665296
111 0.00843638293886579
112 0.008305963555510533
113 0.008305963555510533
114 0.008305963555510533
115 0.01091719093083166
116 0.010288432002628033
117 0.01028534399209453
118 0.009567675816238425
119 0.011098785724651106
120 0.011098785724651106
121 0.011098785724651106
122 0.011098785724651106
123 0.011098785724651106
124 0.010749361892311075
125 0.011162457020194758
126 0.017871099498568407
127 0.016993804363599513
128 0.011700783129259557
129 0.01564815933643817
130 0.017564495094728745
