19 0.007936284424487024
20 0.007936284424487024
21 0.007936284424487024
22 0.007755677477230811
23 0.007755677477230811
24 0.007755677477230811
25 0.007755677477230811
26 0.007755677477230811
27 0.007755677477230811
28 0.007465311822158724
29 0.0062576505858789235
30 0.00622476639558908
31 0.00622476639558908
32 0.00622476639558908
33 0.00622476639558908
34 0.006260836439636822
35 0.006260836439636822
36 0.006260836439636822
37 0.0064088066944438015
38 0.006577898150191016
39 0.006577898150191016
40 0.006577898150191016
41 0.006708039042468024
42 0.00688397582638357
43 0.0069226236911205125
44 0.0069226236911205125
45 0.007337647774544132
46 0.006946964613419008
47 0.007337647774544132
48 0.007337647774544132
49 0.009275626523189634
50 0.010061156450046191
51 0.010252769965747168
52 0.012692962610680553
