89 0.02543821239064932
91 0.027337339234401122
92 0.02591299410158727
93 0.02591299410158727
94 0.02591299410158727
95 0.024488648968773417
96 0.024963430679711372
97 0.016639733234880397
98 0.016639733234880397
99 0.01084569170279795
100 0.01084569170279795
101 0.01084569170279795
102 0.01084569170279795
103 0.01084569170279795
104 0.01084569170279795
105 0.010598178382792488
106 0.01084569170279795
107 0.011298660002086652
108 0.009529635386381016
109 0.009514382656725254
110 0.009529635386381016
111 0.009529635386381016
112 0.009529635386381016
113 0.009796818602295653
114 0.009529635386381016
115 0.010073978782578237
116 0.009529635386381016
117 0.009529635386381016
118 0.009529635386381016
119 0.010613220152486957
120 0.009529635386381016
121 0.010772088797509958
122 0.010772088797509958
123 0.021390952028342416
124 0.016068584871556248
126 0.01276987944685533
129 0.013204920983077182
130 0.013204920983077182
133 0.014006627151490807
