60 0.0034141257541319405
61 0.0034141257541319405
62 0.003406716884989282
63 0.0034044932734629933
64 0.0034044932734629933
65 0.0034044932734629933
66 0.0034044932734629933
67 0.0034044932734629933
68 0.0034044932734629933
69 0.0034044932734629933
70 0.0034044932734629933
71 0.0034044932734629933
72 0.003406716884989282
73 0.003406716884989282
74 0.003406716884989282
75 0.003406716884989282
76 0.003406716884989282
77 0.003406716884989282
78 0.003406716884989282
79 0.003406716884989282
80 0.003406716884989282
81 0.003406716884989282
82 0.003406716884989282
83 0.003406716884989282
84 0.003406716884989282
85 0.003406716884989282
86 0.0034162841746764048
87 0.0034223612774951276
88 0.0036223812774951276
89 0.003623646939997915
90 0.003623646939997915
91 0.003623646939997915
92 0.003806756884989282
93 0.003806756884989282
94 0.003806756884989282
95 0.003806756884989282
96 0.003806756884989282
97 0.0038152001038061073
98 0.0038152001038061073
99 0.0038152001038061073
100 0.0038152001038061073
101 0.0038152001038061073
102 0.0038152001038061073
103 0.0038152001038061073
104 0.0038152001038061073
105 0.0038152001038061073
106 0.0038152001038061073
107 0.0038152001038061073
108 0.0038163241746764047
109 0.005820547031867023
110 0.005605746595125048
111 0.004410324601331043
112 0.004410324601331043
113 0.004410324601331043
114 0.005019639738490053
115 0.005809149111002544
116 0.005405726595125048
117 0.005610801922914321
118 0.005022210608541494
119 0.007007959733954324
120 0.005811692139547587
121 0.007008651765323261
122 0.006812918259149769
123 0.0058213576766562095
126 0.008224820623344887
