81 0.0016218977496886603
82 0.0014218777496886603
83 0.0016057191351896807
84 0.0014080592826939057
85 0.0012209124154650974
86 0.0012209124154650974
87 0.0012209124154650974
88 0.001210468115149816
89 0.001210468115149816
90 0.0012103413357126842
91 0.0012103413357126842
92 0.0012103413357126842
93 0.0012103413357126842
94 0.0012103413357126842
95 0.001210468115149816
96 0.00121203180298389
97 0.0012055927965908088
98 0.0012103413357126842
99 0.0012041287813621408
100 0.0010241075373832711
101 0.0010241075373832711
102 0.0010241075373832711
103 0.0010166173999273946
104 0.0010166173999273946
105 0.0010199540200204345
106 0.0010199540200204345
107 0.0010104786014927013
108 0.0010104786014927013
109 0.0010104786014927013
110 0.0010104786014927013
111 0.0010110286702412006
112 0.0010110286702412006
113 0.0012050525110501727
114 0.001207379733954323
115 0.0012100046013310425
116 0.0010233869399979148
117 0.0012100046013310425
118 0.0012128639440779846
119 0.001223898492942094
121 0.0014230688209344662
