74 0.014759790560616881
75 0.013916373957153061
76 0.011386124146761593
77 0.010964415845029683
78 0.010542707543297773
79 0.010120999241565863
80 0.00969929093983395
81 0.00927758263810204
82 0.00921608963658756
83 0.00885587433637013
84 0.008797176471288127
85 0.00843416603463822
86 0.010120999241565863
87 0.00843416603463822
88 0.00885587433637013
89 0.00843416603463822
90 0.00843416603463822
91 0.00969929093983395
92 0.00843416603463822
93 0.00843416603463822
94 0.00885587433637013
95 0.00927758263810204
96 0.00969929093983395
97 0.010120999241565863
98 0.00927758263810204
99 0.010120999241565863
100 0.00969929093983395
101 0.00885587433637013
102 0.00927758263810204
103 0.00921608963658756
104 0.00927758263810204
105 0.00921608963658756
106 0.00885587433637013
107 0.00885587433637013
108 0.0029323921570960417
109 0.002094565826497173
110 0.002041970431987814
111 0.002041970431987814
112 0.002041970431987814
113 0.002041970431987814
114 0.002041970431987814
115 0.002041970431987814
116 0.0037953747155871987
117 0.0016851229818142422
118 0.0016851229818142422
119 0.002053504466681586
120 0.0020884873083286243
121 0.0016657875946472574
122 0.0016375915597164046
123 0.0016347362811967195
124 0.0016347362811967195
125 0.0016213579858058297
126 0.0016243009010979707
127 0.0016243009010979707
128 0.001688440590022429
129 0.0012742979536821786
130 0.0012742979536821786
131 0.0012742979536821786
132 0.0016902967300711099
135 0.0016760128486509427
136 0.0016756526611977382
138 0.0020654177496897616
