2 0.004345191253406337
3 0.0031344496406711746
4 0.002849914555090211
5 0.0020767122991448305
6 0.0018498145550902112
7 0.0016254482101074764
8 0.001532973339553175
9 0.0014497745550902112
10 0.0012580359288663267
11 0.0011829251996996232
12 0.0011383286390447083
13 0.0011218927830798137
14 0.0010497345550902113
15 0.0009957420934890136
16 0.0009342296406711745
17 0.0009329133395531749
18 0.000902608183677028
19 0.0008765922991448305
20 0.000871347085525784
21 0.0008579959288663268
22 0.0008165832029880944
23 0.0008068771340225091
24 0.0008253682101074763
25 0.0008497145550902112
