1 0.04023111323115683
2 0.020829173231156826
3 0.014028493231156822
4 0.010683515034589584
5 0.008427933231156823
6 0.007256252135339511
7 0.006079234620366628
8 0.005462713021375033
9 0.0048626530213750335
10 0.0048626530213750335
11 0.0048626530213750335
12 0.0048626530213750335
13 0.0048626530213750335
14 0.0048626530213750335
15 0.0048626530213750335
16 0.0048626530213750335
17 0.0048626530213750335
18 0.0048626530213750335
19 0.0048626530213750335
20 0.00487164721607051
21 0.00487164721607051
22 0.00487164721607051
23 0.005074766029416669
24 0.005056032135339511
25 0.005206173617855537
26 0.005023323042708599
27 0.005023323042708599
28 0.005023323042708599
29 0.005023323042708599
30 0.005023323042708599
31 0.005227613231156823
32 0.005246363490943147
33 0.005262693021375033
34 0.0052857640453918935
35 0.005462713021375033
36 0.005423363042708599
37 0.005462713021375033
38 0.0052982419832769715
39 0.005474806029416669
40 0.005489246292096225
41 0.005489246292096225
42 0.005683015034589584
43 0.005489246292096225
44 0.005873020549977526
45 0.006089306292096226
46 0.006099801889022902
47 0.007468447778469655
48 0.006288624882551203
49 0.005831144643907882
50 0.005831144643907882
51 0.009698681983276971
