8 0.0015006141881261888
9 0.0014300399554268326
10 0.001303776752013402
11 0.0011429834212433629
12 0.0011061380022080597
13 0.0010714437369544814
14 0.0010371958201136485
15 0.0009547583292265567
16 0.0008956158155788174
17 0.0008956158155788174
18 0.0008726257245918508
19 0.0008299799554268326
20 0.0008125176320693313
21 0.0007777946405912725
22 0.0007429434212433627
23 0.0007403199588126555
24 0.0007112361570309985
25 0.0007060980022080597
26 0.0006958165538128226
27 0.0006955958155788174
28 0.0006922059829506941
29 0.0007005341881261887
30 0.0007547383292265566
