4 0.002807771385641192
5 0.0021028785557975515
6 0.001841874175524068
7 0.0016418541755240678
8 0.0014551775748742257
9 0.0013132825409493834
10 0.0012603975472962967
11 0.0012603975472962967
12 0.0012551575748742257
13 0.0010631266267218042
14 0.0010603775472962968
15 0.0010045561133123007
16 0.000986691181207935
17 0.0009027585557975512
18 0.0009027585557975512
19 0.0008624506773325224
20 0.0008603575472962967
21 0.0008377686449044124
22 0.0008375369472683447
23 0.0008375369472683447
24 0.0008603575472962967
25 0.000856404382151498
26 0.0010075913856411917
27 0.0009119641937532575
