6 0.0028439640600261074
7 0.0018638782312924084
8 0.0018142494503967897
9 0.0014680839908068014
10 0.0012735199037071372
11 0.0012438040600261074
12 0.0012188801445646988
13 0.001062677258482179
14 0.001060287365978533
15 0.0010274509459697071
16 0.0009061573788233812
17 0.0009061573788233812
18 0.0009061573788233812
19 0.0010236893066487035
20 0.0011041439360438697
21 0.0010316889534857064
22 0.001062677258482179
23 0.002014520293246625
24 0.0011000464327431962
25 0.001367547602474245
26 0.0012141894503967896
