39 0.001406368264157219
40 0.001406368264157219
41 0.001224954634004522
42 0.001224954634004522
43 0.00140809176532326
44 0.0012115830589244745
45 0.0012103619229143206
46 0.0012109618949270504
47 0.0012120125219249192
48 0.0012120125219249192
49 0.0012050525110501727
50 0.0012060219296972266
51 0.0012094216561206093
52 0.001019125401586452
53 0.0010175968205152629
54 0.0010208583675080424
55 0.0010142001758852081
56 0.0010133007130388194
57 0.0010108049286193185
58 0.0010104786014927013
59 0.0010109418949270504
60 0.0010109418949270504
61 0.0010108467379223434
62 0.0010108467379223434
63 0.0010064539872066897
64 0.001005639005126323
65 0.0010050325110501728
66 0.0010042532734629932
67 0.000824929733887819
68 0.0008233929490645757
69 0.0008226306523860215
70 0.0008229929123427407
71 0.0008210691783282044
72 0.0008190180257049214
73 0.0008168276102562329
74 0.0008164749598022457
75 0.000815388074479706
76 0.0008146331995398759
77 0.000814180175885208
78 0.0008125236531605501
79 0.0008111921395475871
80 0.0008108267379223433
81 0.0008107849286193185
82 0.0008104586014927014
83 0.0008103328652914572
84 0.0008099646013310424
85 0.0008084941628902941
86 0.0008082592845266001
87 0.0008081415789209553
88 0.0008077326591830213
89 0.000806837905037554
90 0.0008067820531805237
91 0.0008065786047866091
92 0.0008064061715158005
93 0.0008060640053182769
94 0.0008059819296972266
95 0.0008056190051263229
96 0.0008055389173630919
97 0.0008048732779487465
98 0.000804233273462993
99 0.000804191439593946
100 0.000625031547255441
101 0.0006248435124858266
102 0.0006233729490645757
103 0.0006229729123427407
104 0.0006226111862516087
105 0.0006224320707213601
106 0.0006219485056035288
107 0.0006217977496886602
108 0.0006215194026224936
109 0.0006208183675080422
110 0.0006206549622165042
111 0.0006191414342016114
112 0.0006188356883875041
113 0.0006188262895831492
114 0.0006173850794517564
115 0.000616807610256233
116 0.0006164747602272031
117 0.0006165773999273945
118 0.0006164549598022457
119 0.0006159728265377161
120 0.000615809905112274
121 0.0006148243863009321
122 0.0006143203517914765
123 0.0006143203517914765
124 0.0006141601758852081
125 0.0006127002160597685
126 0.0006122982591497685
127 0.0006115230589244746
128 0.00061128232607688
129 0.0006111721395475871
130 0.0006109018949270503
131 0.000610770589531031
132 0.0006107649286193186
133 0.0006107334666644014
134 0.0006107334666644014
135 0.0006104386014927014
136 0.000610408115149816
137 0.0006103128652914572
138 0.0006103019229143204
139 0.000610408115149816
140 0.0006103019229143204
141 0.0006102127783889169
142 0.0006099446013310424
143 0.0006098258666740429
144 0.0006097126981715092
145 0.0006094418684471698
146 0.0006089286855288784
147 0.0006087711405767459
148 0.0006087711405767459
149 0.0006086291110025447
150 0.0006084741628902942
151 0.0006083812499132694
152 0.0006082833027763754
153 0.0006081903878778035
154 0.0006081230656849895
155 0.0006081215789209553
156 0.0006079792826939059
157 0.0006079588176769564
158 0.0006079427819929342
159 0.0006077126591830214
160 0.0006073197339543229
161 0.0006073197339543229
162 0.0006068940044946091
163 0.0006068179050375541
164 0.0006067620531805237
165 0.0006064925232127739
166 0.0006064825655178143
167 0.0006064368849892816
168 0.0006064139872066898
169 0.0006064104387084413
170 0.0006063957106286569
171 0.0006063861715158006
172 0.0006062882641572189
173 0.0006062077670609061
174 0.000606205619146202
175 0.0006060440053182769
176 0.0006059772424199685
177 0.0006059619296972267
178 0.0006059042117298399
179 0.0006056944751497948
180 0.0006056759200588726
181 0.0006056191351896808
182 0.0006055990051263229
183 0.0006055327965908087
184 0.0006055189173630919
185 0.0006052465951250474
186 0.0006051745162551509
187 0.0006049925110501727
188 0.0006048780231773837
189 0.0006048532779487465
190 0.000604746572936874
191 0.0006047422927552895
192 0.0006046861452760453
193 0.0006042132734629931
194 0.0006041773692760506
195 0.000604171439593946
196 0.0006041147275395516
197 0.0006040687813621408
198 0.0006040631829781896
199 0.0006040449470475356
200 0.00042501154725544104
