12 0.002629049325361941
13 0.0026240833861342783
14 0.0023321055156281098
15 0.0023321055156281098
16 0.0022828962966418556
17 0.0018516337862655536
18 0.0017493889240895188
19 0.0017493889240895188
20 0.0017493889240895188
21 0.0016943273536991607
22 0.0016943273536991607
23 0.0015159315896146938
24 0.0014783787329227319
25 0.0014783787329227319
26 0.0015159315896146938
27 0.0014783787329227319
28 0.0014783787329227319
29 0.001423304451538511
30 0.0015219308644279035
31 0.0017042460301643098
32 0.0019528153779590468
