6 0.0020276403781719515
7 0.001862302329527996
8 0.0017149439123802677
9 0.0016171861389345553
10 0.001345744188420032
11 0.001264222146164366
12 0.0012268575860854528
13 0.0012171461389345554
14 0.0012171461389345554
15 0.0012171461389345554
16 0.0012625579573785472
17 0.0012625579573785472
18 0.0012625579573785472
19 0.0012625579573785472
20 0.001415796897656336
21 0.001333577877528728
22 0.0013005829246791863
23 0.0013005829246791863
24 0.0013005829246791863
25 0.00185847554042988
26 0.00205849554042988
