8 0.006681454507194365
9 0.003804827161069759
10 0.003254692296598411
11 0.002851674405945909
12 0.0026892993877406903
13 0.0022828962966418556
14 0.0022813395247567275
15 0.0020419628774540977
16 0.0019711716438969755
17 0.0019528153779590468
18 0.001837492922729746
19 0.0015219308644279035
20 0.0014845355730413237
21 0.001423304451538511
22 0.0013737269198891816
23 0.0013145246626809705
24 0.001303280181249605
25 0.0012712842727273027
26 0.0012344225241770358
27 0.0011943589662760672
28 0.0011943589662760672
29 0.0011943589662760672
30 0.001200854725149952
31 0.001200854725149952
32 0.001200854725149952
