71 0.008419733165299436
72 0.007822468301731911
73 0.007606079496451458
74 0.006622348301731912
76 0.006805999496451458
77 0.006605979496451459
78 0.006605979496451459
79 0.006222308301731911
80 0.006605979496451459
81 0.006605979496451459
82 0.007222408301731912
83 0.007022388301731912
84 0.007622448301731912
85 0.006423194182517778
86 0.006423194182517778
87 0.0038223939475156335
88 0.0038223939475156335
89 0.0038223939475156335
90 0.0040224139475156335
91 0.0040224139475156335
92 0.0040224139475156335
93 0.004022088301731911
94 0.0040224139475156335
95 0.004022088301731911
96 0.0040224139475156335
97 0.0040224139475156335
98 0.005011130180970789
99 0.005424860963168692
100 0.004619067207023695
101 0.005417431024163257
102 0.0046208971683177865
103 0.005222208301731912
104 0.004619067207023695
105 0.004222433947515634
106 0.004819087207023696
107 0.004619067207023695
108 0.0050221883017319115
109 0.0050126195646719145
110 0.005019107207023695
111 0.005019107207023695
112 0.00482512194450801
113 0.0062080658449738405
114 0.006406822483152014
115 0.005817471024163258
116 0.00762000187519697
117 0.0058186731906959745
118 0.00641679599727357
119 0.006005016492250889
120 0.005809835541882541
121 0.005806687783391951
122 0.006420387843047542
123 0.007005404499133449
124 0.006019031626548411
125 0.00721258614261852
127 0.005213660633640238
129 0.0072179113043313245
