71 0.004085891110025447
72 0.0032820953833145637
73 0.003677301999022902
74 0.0032820953833145637
75 0.0032820953833145637
76 0.0032820953833145637
77 0.0028727902104489092
78 0.0028727902104489092
79 0.0028727902104489092
80 0.0028325230169323166
81 0.0025137481542295286
82 0.0025137481542295286
83 0.0025137481542295286
84 0.0024779710166995005
85 0.0024779710166995005
86 0.002100704105141165
87 0.002441124026967654
88 0.0024248242156563035
89 0.002424029682285214
90 0.002047009342235849
91 0.002047009342235849
92 0.002047009342235849
93 0.002047009342235849
94 0.002051364326457286
95 0.002051364326457286
96 0.002051364326457286
97 0.0020240663897437327
98 0.0020240663897437327
99 0.0020240663897437327
100 0.0020240663897437327
101 0.0020240663897437327
102 0.0016844323580079662
103 0.0016844323580079662
104 0.0016844323580079662
105 0.0016670704410249315
106 0.0016844323580079662
107 0.001699478935551276
108 0.0016426652778240341
109 0.0016426652778240341
110 0.0016543160184936182
111 0.0016543160184936182
112 0.002028272375748974
113 0.0017792513465025202
114 0.002020373637697758
115 0.0020317785531432844
116 0.0020939784419375202
117 0.0020952270079322597
118 0.002540468283573114
121 0.002871209448722418
