2 0.007704837665273939
3 0.0057361701342678525
4 0.0057361701342678525
5 0.0057361701342678525
6 0.0057361701342678525
7 0.0057361701342678525
8 0.00670473766527394
9 0.00670473766527394
10 0.00670473766527394
11 0.00674632140760562
12 0.006946341407605619
13 0.006946341407605619
14 0.008572767611548984
15 0.009772887611548983
16 0.009636907401630654
17 0.02073902011355112
18 0.02073902011355112
19 0.02193914011355112
20 0.02073902011355112
21 0.02093904011355112
22 0.07058959587630823
23 0.07098963587630823
