39 0.0010902151374316265
40 0.0008948272466151599
41 0.0008934021394000928
42 0.0008934021394000928
43 0.0008897414397322928
44 0.0008897414397322928
45 0.0008890660222553561
46 0.000888765935787583
47 0.000888765935787583
48 0.0008854522307746418
49 0.0008854522307746418
50 0.0008833672534687233
51 0.0008833672534687233
52 0.0008833672534687233
53 0.0008854522307746418
54 0.0008858627006684269
55 0.0008872405372559648
56 0.0008872405372559648
57 0.0008872405372559648
58 0.0008890660222553561
59 0.0008891142242431662
60 0.0008897414397322928
61 0.0008897414397322928
62 0.0008901951374316265
63 0.0008934021394000928
64 0.0008987162958007265
65 0.0008901951374316265
66 0.0008987162958007265
67 0.0008987162958007265
68 0.0008934021394000928
70 0.0012846405021175761
