19 0.010804676777022133
20 0.009990170406500505
21 0.009973547794174278
22 0.009660991769852467
23 0.00922185578031372
24 0.008910127844852508
25 0.00922185578031372
26 0.007911569932709157
27 0.007911569932709157
28 0.007417096811914835
29 0.007417096811914835
30 0.007417096811914835
31 0.007443176371520367
32 0.007443176371520367
33 0.007443176371520367
34 0.006237025128077706
35 0.006237025128077706
36 0.006237025128077706
37 0.006237025128077706
38 0.006237025128077706
39 0.006237025128077706
40 0.006237025128077706
41 0.006237025128077706
42 0.007301517480428745
43 0.0073273583418851885
44 0.007297940645163403
45 0.007911569932709157
46 0.007400299055705975
47 0.00745655997508885
48 0.00745655997508885
49 0.00745655997508885
50 0.00745655997508885
51 0.013048979956405488
52 0.012535141199624556
53 0.009310809313310112
