23 0.01728736592404119
24 0.01728736592404119
25 0.01728736592404119
26 0.01728736592404119
27 0.01728736592404119
28 0.017290405935787585
29 0.017290405935787585
30 0.017290405935787585
31 0.017290405935787585
32 0.017290405935787585
33 0.017290405935787585
34 0.017290405935787585
35 0.017290405935787585
36 0.017290405935787585
37 0.017290405935787585
38 0.017290405935787585
39 0.017290405935787585
40 0.017290405935787585
41 0.017290405935787585
42 0.017290405935787585
43 0.017290405935787585
44 0.017290405935787585
45 0.017290405935787585
46 0.017290405935787585
47 0.017290405935787585
48 0.01749649598603101
49 0.018700496295800728
