8 0.004617226488094033
10 0.0038579003960867004
11 0.0028193155159368325
12 0.0026824377631567086
13 0.002298739127621739
14 0.002298739127621739
15 0.002260880870194371
16 0.0020059521007401385
17 0.001886028937568276
18 0.001886028937568276
19 0.001886028937568276
20 0.001886028937568276
21 0.001886028937568276
22 0.001886028937568276
23 0.0016652195256110802
24 0.0016612521259840806
25 0.0016096762061285203
26 0.0016612521259840806
27 0.0016161798698002832
28 0.0016161798698002832
29 0.0016538095727953402
30 0.0016538095727953402
31 0.001448628528602771
32 0.0014034732008645601
33 0.0012537695727953403
34 0.0010618837024596655
35 0.0010618837024596655
36 0.0010527499044512938
37 0.0010527499044512938
38 0.0010527499044512938
39 0.0010527499044512938
40 0.0010611921259840807
41 0.0010611921259840807
42 0.0010611921259840807
43 0.0010611921259840807
44 0.0010765604092129323
45 0.0012510238739346482
46 0.0010986191276217388
47 0.0010986191276217388
48 0.0012168864880940336
49 0.0010986191276217388
50 0.0012168864880940336
51 0.0014845192135363662
52 0.0016160979056607965
53 0.0014959892101260065
