25 0.015305055407709904
26 0.015305055407709904
27 0.014249641601268171
28 0.012742886900141089
29 0.01198692380659333
30 0.009006079328285795
31 0.008760460161636138
32 0.007972015067064984
33 0.009006079328285795
34 0.008245070985299013
35 0.007485690543423059
36 0.007485690543423059
37 0.007485690543423059
38 0.007034130941527928
39 0.007390280997572054
40 0.007034130941527928
41 0.007034130941527928
42 0.0072515332223226595
43 0.007333724470428658
44 0.007485690543423059
45 0.007034130941527928
46 0.007034130941527928
47 0.008329154737787649
48 0.01342878024857226
49 0.009874229295296712
50 0.009874229295296712
