22 0.004266226876204718
23 0.0038871278320285834
24 0.0038871278320285834
25 0.003679442688097438
26 0.003287067832028583
27 0.0032765495443864137
28 0.0032765495443864137
29 0.002887027832028583
30 0.002887027832028583
31 0.002887027832028583
32 0.002887027832028583
33 0.0028919725590273978
34 0.003087047832028583
35 0.003087047832028583
36 0.003087047832028583
37 0.0030919925590273977
38 0.0030919925590273977
39 0.003098040320273941
40 0.003098040320273941
41 0.003098040320273941
42 0.003098040320273941
43 0.003098040320273941
44 0.003098040320273941
45 0.003098040320273941
46 0.003473578494171402
47 0.0034980803202739412
48 0.003666166876204718
49 0.003491855871805306
50 0.003437699066675113
51 0.004096323897875226
52 0.004266226876204718
53 0.0066923525590273985
