6 0.0344919917474583
11 0.026223127259643625
16 0.02800448853095025
21 0.02599154639550414
26 0.025079562311451364
31 0.025079562311451364
36 0.024623570269424973
37 0.034499428015684536
38 0.03911573227265968
39 0.02907243012705456
40 0.02757337847691076
41 0.024623570269424973
42 0.03103165104068129
43 0.029709792205903897
44 0.027706493586753762
45 0.0263427429153952
46 0.024167578227398588
47 0.02920415474931544
48 0.02531606591387582
49 0.03184620593489703
50 0.02982717817338356
51 0.02958015328358339
52 0.0417193130145673
53 0.032539616910759656
54 0.02958015328358339
55 0.04271262999110462
