18 0.002202586122073773
19 0.0018991136165201253
20 0.0018862432787807653
21 0.0018025461220737729
22 0.0016990936165201254
23 0.0016620388606789617
24 0.0016620388606789617
25 0.0016854145181529373
26 0.0016854145181529373
27 0.0014929990892381397
28 0.001476253735702082
29 0.0014620188606789617
30 0.0014510438739346481
31 0.0014510438739346481
32 0.0014510438739346481
33 0.0014510438739346481
34 0.0014510438739346481
35 0.001268166024528126
36 0.0012537695727953403
37 0.0012537695727953403
38 0.0012537695727953403
39 0.0012537695727953403
40 0.0010957111143647825
41 0.0010957111143647825
42 0.0010957111143647825
43 0.0010957111143647825
44 0.0012024861220737728
45 0.0010866989254343419
46 0.0012319730325924358
47 0.0012178428534968182
48 0.0012024861220737728
49 0.001274244202697035
50 0.0012597023366682676
51 0.0012929790892381398
52 0.0014537895727953403
53 0.0014619237024596655
54 0.002002566122073773
55 0.0012861832787807652
