26 0.005267357070615467
27 0.005267357070615467
28 0.002934149733522772
29 0.0028636465852395617
30 0.00279835612709299
31 0.00279835612709299
32 0.00279835612709299
33 0.0028636465852395617
34 0.0028636465852395617
35 0.0028636465852395617
36 0.002973437979437006
37 0.002367280423156404
38 0.0022810150125711403
39 0.0022810150125711403
40 0.0022810150125711403
41 0.0023705368282153716
42 0.0023705368282153716
43 0.0019703036781464926
44 0.0019581387908351408
45 0.0019581387908351408
46 0.0019790689864606394
47 0.0022979071383071002
48 0.0019866339530746333
49 0.0024450301112767803
50 0.0022713639611547727
51 0.0026924327358941592
52 0.002960052836400557
53 0.003691823656199799
