11 0.02385932531153867
21 0.01811822697366492
31 0.014110797047371282
41 0.013431971710104317
51 0.013425171696864736
61 0.012605666481686938
71 0.012246023252869566
81 0.011768929788422894
89 0.015148066895543676
91 0.010623749576297765
92 0.025247763060906724
93 0.010623749576297765
94 0.020966238462310306
95 0.01268791633552287
96 0.012605666481686938
97 0.014873782811048545
98 0.013425171696864736
99 0.0141741060292532
100 0.013078449614796445
101 0.011768929788422894
102 0.015692102302621448
103 0.014748955429146404
104 0.011768929788422894
105 0.01357324948224109
106 0.015463288121710854
107 0.015291899825886454
108 0.018730996306972152
109 0.014789992304072625
110 0.01568831282942298
111 0.013543276485545604
112 0.016008406877492116
113 0.01420889931701181
114 0.013543276485545604
115 0.021666621991546953
116 0.016888375072213153
117 0.016815898162399683
121 0.01879090578475321
