22 0.0014284699859562332
23 0.0012628745731198157
24 0.0012628745731198157
25 0.0012235510220149806
26 0.0010815783093458984
27 0.0010815783093458984
28 0.0010712140605138158
29 0.0010712140605138158
30 0.0010469030087225813
31 0.001044417090292093
32 0.001044417090292093
33 0.001009920673780682
34 0.0008934869621748987
35 0.0008934869621748987
36 0.0008815583093458982
37 0.0008789840471672902
38 0.0008769801907979949
39 0.0008700424438283211
40 0.0008700424438283211
41 0.0008557025129620133
42 0.0008482424343512144
43 0.0008482424343512144
44 0.0008400006023666852
45 0.0008383272527452934
46 0.0008271131418420526
47 0.0008228930442258592
48 0.0008228930442258592
49 0.000809900673780682
50 0.0006976623237325572
51 0.0006883902290122875
52 0.0006858330233355978
53 0.0006883902290122875
54 0.0006772960955424938
55 0.0006772960955424938
56 0.0006768845119774086
57 0.0006678731898007815
58 0.0006678731898007815
59 0.0006630950059266561
60 0.000661956499300861
61 0.0006652425226136089
62 0.0006616001978638245
63 0.0006616001978638245
64 0.0006628145731198158
65 0.0006612649723918033
66 0.0006612649723918033
67 0.0006563398638873449
68 0.0006444675033514889
69 0.0006443770902920929
70 0.0006437069718557599
71 0.0006444675033514889
72 0.0006444675033514889
73 0.0006407481522334568
74 0.0006407481522334568
75 0.0006407481522334568
76 0.0006372994666024804
77 0.0006361927846051311
78 0.0006302964370142329
79 0.0006283899859562332
80 0.0006270931418420527
81 0.0006270931418420527
82 0.0006234910220149804
83 0.0006232544842839287
84 0.0006228730442258592
85 0.0006228178684627563
86 0.0006220425470355729
87 0.0006203593248099185
88 0.0006628145731198158
