23 0.005217586256241433
24 0.005853942870087822
25 0.006614640651994562
26 0.003968784391196738
27 0.004114409356095284
28 0.004409760434663042
29 0.003902628580058548
30 0.0035278083477304333
31 0.003657252760973585
32 0.0035278083477304333
33 0.0035278083477304333
34 0.0031588440227205278
35 0.0035278083477304333
36 0.0036111751710985887
37 0.003407027430563452
38 0.003407027430563452
39 0.003086832304264129
40 0.0035278083477304333
41 0.003086832304264129
42 0.003288095895591689
43 0.0035278083477304333
44 0.0028312688058527934
45 0.0028312688058527934
46 0.002367280423156404
47 0.002367280423156404
48 0.002367280423156404
49 0.002367280423156404
50 0.0022398017410093394
51 0.0022398017410093394
52 0.00205354512344792
53 0.0017639041738652167
54 0.0017394246148129653
55 0.001551187766118225
56 0.001551187766118225
57 0.002278887242346588
58 0.002647348587386319
60 0.002443529678937915
