18 0.010485560502117576
19 0.009085420502117577
20 0.009085420502117577
21 0.009085420502117577
22 0.009085420502117577
23 0.009085420502117577
24 0.009085420502117577
25 0.009090414697708786
26 0.009090414697708786
27 0.009290434697708787
28 0.009090414697708786
29 0.009090414697708786
30 0.009685480502117576
31 0.009685480502117576
32 0.009685480502117576
33 0.009685480502117576
34 0.009689946022255355
35 0.009689946022255355
36 0.009689946022255355
37 0.009689946022255355
38 0.009689946022255355
39 0.009689946022255355
40 0.009689946022255355
41 0.010890066022255358
42 0.010890066022255358
43 0.010890066022255358
44 0.010890066022255358
45 0.010890066022255358
46 0.01789478835659212
47 0.01789478835659212
48 0.01789478835659212
49 0.01789478835659212
52 0.020100636295800726
53 0.019500576295800726
