2 0.011194674394765092
3 0.0058447532570881965
4 0.004563226553306117
5 0.003793934394765091
6 0.0033052277960698875
7 0.0027938343947650907
8 0.0024745400015347874
9 0.0023051277960698877
10 0.0023051277960698877
11 0.0023051277960698877
12 0.0023051277960698877
13 0.0023051277960698877
14 0.0023051277960698877
15 0.0023051277960698877
16 0.0023051277960698877
17 0.002363006553306117
18 0.002363006553306117
19 0.002363006553306117
20 0.002363006553306117
21 0.002363006553306117
22 0.0024884047264378444
23 0.002763046553306117
24 0.0031634976587072085
25 0.004789976578655486
