27 0.0014558974484693175
28 0.0012891249555871287
29 0.0012891249555871287
30 0.0012891060222553561
31 0.001288805935787583
32 0.0012891060222553561
33 0.0012891060222553561
34 0.0012891060222553561
35 0.0012138577866836761
36 0.0012211712297548621
37 0.0012211712297548621
38 0.0012247875828451979
39 0.0010846205021175761
40 0.0010846205021175761
41 0.0010846205021175761
42 0.0010846205021175761
43 0.001071958134308799
44 0.0010846205021175761
45 0.0010846205021175761
46 0.0010846205021175761
47 0.0010846205021175761
48 0.0010879085725073187
49 0.0010900933013832412
50 0.0010900933013832412
51 0.0010967384882686585
52 0.0014902551374316264
53 0.001685805924041189
54 0.0018834672534687234
