8 0.0029405054205447717
9 0.0029405054205447717
10 0.0026602783839027476
11 0.002140425420544772
12 0.0021220214852274563
13 0.002140425420544772
14 0.0019404054205447718
15 0.0018452888699018628
16 0.0018452888699018628
17 0.001862699311879095
18 0.001474360687528216
19 0.0014601583839027477
20 0.0014601583839027477
21 0.0014601583839027477
22 0.0014601583839027477
23 0.0014601583839027477
24 0.0014983889139600379
25 0.0016441072483567478
26 0.0017869612630498303
27 0.0017180970247450897
28 0.001684978147671818
29 0.0015219614852274564
30 0.0015219614852274564
31 0.0015219614852274564
32 0.0015219614852274564
33 0.0030257102600710125
