29 0.0018668641933585106
30 0.0016758624003095478
31 0.0016758624003095478
32 0.001282297911539161
33 0.0012240633859618086
34 0.0012240633859618086
35 0.001281688166290609
36 0.0012960438978752264
37 0.001085276600079115
38 0.0010780294132862048
39 0.0010780294132862048
40 0.0010780294132862048
41 0.0010780294132862048
42 0.001085276600079115
43 0.001085276600079115
44 0.001085276600079115
45 0.001085276600079115
46 0.0012132634456024141
47 0.0012885905561256794
48 0.001297860320273941
49 0.0012892765183029422
50 0.0014670639088761248
51 0.0018886505561256793
52 0.001297860320273941
