2 0.006870307604780232
3 0.0057361701342678525
4 0.0057361701342678525
5 0.0057361701342678525
6 0.0057361701342678525
7 0.0057361701342678525
8 0.0057361701342678525
9 0.0057361701342678525
10 0.0057361701342678525
11 0.0057361701342678525
12 0.0057361701342678525
13 0.0057361701342678525
14 0.0057361701342678525
15 0.0057361701342678525
16 0.0057361701342678525
17 0.00674632140760562
18 0.006904757665273939
19 0.009972907611548983
20 0.02073902011355112
21 0.02073902011355112
22 0.02113906011355112
23 0.021002855686370687
24 0.02093904011355112
