7 0.0047678592945069025
8 0.004367819294506903
9 0.002685078147671818
10 0.0025895740053187536
11 0.0025895740053187536
12 0.0025923074077232352
13 0.0020539128128535446
14 0.002044147248356748
15 0.0016844909487250088
16 0.0016844909487250088
17 0.0015990518643672841
18 0.0014452488699018629
19 0.0014452488699018629
20 0.0014452488699018629
21 0.0014452488699018629
22 0.0014452488699018629
23 0.0014798954604655478
24 0.0014798954604655478
25 0.0014849581476718181
26 0.0016021092903683945
27 0.0016673662870849632
28 0.0016324368359296553
29 0.0015219614852274564
30 0.0015219614852274564
31 0.0014924672749614964
32 0.0014924672749614964
33 0.0015219614852274564
