30 0.002947498608284035
31 0.002947498608284035
32 0.003012395328992879
33 0.0024298165157816236
34 0.0023547657552634616
35 0.0022300018282966627
36 0.0022300018282966627
37 0.00206878893341838
38 0.001979103944124047
39 0.001979103944124047
40 0.001938162008470304
41 0.001764899058257546
42 0.001764899058257546
43 0.001671706524323563
44 0.0016635746978440915
45 0.0016635746978440915
46 0.0016635746978440915
47 0.0016635746978440915
48 0.0016635746978440915
49 0.0016635746978440915
50 0.0014899754648059751
51 0.0014899754648059751
52 0.0014791164090033884
53 0.0014791164090033884
54 0.0014791164090033884
55 0.0014791164090033884
56 0.0014791164090033884
57 0.0014791164090033884
58 0.0014899754648059751
59 0.0014899754648059751
60 0.0014899754648059751
61 0.0014899754648059751
62 0.001693125637753883
63 0.001698750331380791
64 0.0019154025711328967
