1 0.016224849812864282
2 0.009224149812864282
3 0.005720475065620731
4 0.004423669812864281
5 0.003829929904124721
6 0.0031052077960698875
7 0.0027051677960698876
8 0.0024122315526592733
9 0.0022637758850329536
10 0.0022637758850329536
11 0.0022637758850329536
12 0.0022637758850329536
13 0.0022637758850329536
14 0.0022637758850329536
15 0.0022637758850329536
16 0.0022637758850329536
17 0.0022637758850329536
18 0.0023051277960698877
19 0.002375336733782532
20 0.0024637958850329536
21 0.0027938343947650907
22 0.0031898165786554853
23 0.0036885247264378442
24 0.003488504726437844
