16 0.00446590582291222
21 0.003982082562191527
22 0.003894142656228664
26 0.003933700472219182
27 0.0033695041616271125
31 0.002977270548608147
32 0.0029981524316632386
33 0.004962117581013578
36 0.0029111796004746885
37 0.0029981524316632386
38 0.002977270548608147
41 0.0024797194893761317
42 0.002975663387251358
46 0.002445882591514711
47 0.002481058790506789
48 0.002977270548608147
49 0.0024894066879965343
50 0.0019910412810957637
51 0.001991525350397228
52 0.0024797194893761317
53 0.001991525350397228
54 0.0024797194893761317
55 0.0019910412810957637
56 0.0019848470324054313
57 0.002445882591514711
58 0.0019848470324054313
59 0.002224703502147269
60 0.002481058790506789
61 0.0019848470324054313
62 0.0019848470324054313
