4 0.002662382329527996
5 0.002062322329527996
6 0.0018223685889952035
7 0.001765702215456232
8 0.0015149239123802677
9 0.0014158282122632465
10 0.0013149039123802678
11 0.001287303801009771
12 0.001186917549154619
13 0.001107519102155221
14 0.0010872838010097708
15 0.0010171261389345552
16 0.0009868975491546187
17 0.000933537877528728
18 0.000933537877528728
19 0.000898071495512806
20 0.0008746926096474745
21 0.0008746926096474745
22 0.0008746926096474745
23 0.0008746926096474745
24 0.0009457041884200319
25 0.0010921787112516809
26 0.0015453978504674584
27 0.0018190008335183905
