16 0.005458329339114935
21 0.004396415005131113
22 0.004978813375993069
23 0.003894142656228664
26 0.003485169363195148
27 0.003485169363195148
28 0.003894142656228664
31 0.0028195465961628596
32 0.003473482306709504
33 0.004962117581013578
36 0.0024723656039716117
37 0.002935059109817653
41 0.0024338391601429147
42 0.002966838724765934
46 0.002378612001547739
47 0.0024984603597193655
48 0.003473482306709504
49 0.002481058790506789
50 0.0023017846667602133
51 0.0019837755915009052
52 0.002481058790506789
53 0.002395513440487188
54 0.0019910412810957637
55 0.002442452780628396
56 0.0019837755915009052
57 0.0019910412810957637
58 0.0019910412810957637
59 0.0019233646922893533
60 0.001991525350397228
61 0.0024894066879965343
62 0.002977270548608147
65 0.002977270548608147
66 0.002977270548608147
