78 0.0024351852703790398
79 0.0024351852703790398
80 0.0024351852703790398
81 0.0024351852703790398
82 0.002438134263771941
83 0.0024351852703790398
84 0.0020317785531432844
85 0.0020317785531432844
86 0.0020293210586492
87 0.0020208663673149654
88 0.002031852193542206
89 0.002046608280603046
90 0.002031852193542206
91 0.002031852193542206
92 0.002020024735237678
93 0.0016956192133582308
94 0.002020024735237678
95 0.002020024735237678
96 0.0020317785531432844
97 0.0016824598488660168
98 0.0016823813713621465
99 0.0016794454927862347
100 0.0016426652778240341
101 0.0016611371782099126
102 0.0016426652778240341
103 0.0016426652778240341
104 0.001632363361583709
105 0.0016316111279717363
106 0.0016316111279717363
107 0.0016316111279717363
108 0.0016316111279717363
109 0.0016316111279717363
110 0.0016316111279717363
111 0.0016316111279717363
112 0.0016316111279717363
113 0.0016254817548337647
114 0.0012668547594891903
115 0.0012668547594891903
116 0.0012668547594891903
117 0.0012668547594891903
118 0.0012668547594891903
119 0.0012668547594891903
120 0.0012668547594891903
121 0.0012668547594891903
122 0.0012729504195990312
123 0.0012729504195990312
124 0.0012729504195990312
125 0.0016234568469193596
126 0.0012729504195990312
127 0.0012729504195990312
128 0.0012729504195990312
131 0.0016193520927095346
