16 0.013877661245234527
17 0.008277240868021106
18 0.008277240868021106
19 0.008277240868021106
20 0.008277240868021106
21 0.008277240868021106
22 0.008277240868021106
23 0.008277240868021106
24 0.008277240868021106
25 0.008277240868021106
26 0.008277240868021106
27 0.008277240868021106
28 0.008277240868021106
29 0.008277240868021106
30 0.008462550687257422
31 0.008277240868021106
32 0.008277240868021106
33 0.006934785045941676
34 0.006934785045941676
35 0.006934785045941676
36 0.006934785045941676
37 0.006934785045941676
38 0.006934785045941676
39 0.006969159389506112
40 0.006969159389506112
41 0.006969159389506112
42 0.006934785045941676
43 0.006934785045941676
44 0.007368209111313031
45 0.007368209111313031
46 0.007368209111313031
47 0.00823505724205574
48 0.00996042249651553
49 0.008701881602129535
50 0.009535329438169805
51 0.008668481307427096
52 0.010188740775410847
54 0.012699647883946306
