12 0.0020892342242431663
13 0.001893502139400093
14 0.0018892142242431663
15 0.0016896746977087852
16 0.0016793856274536733
17 0.0016665372676086154
18 0.0014891742242431661
19 0.001477384284195621
20 0.0012987562958007267
21 0.0012902351374316264
22 0.0012891060222553561
23 0.0012710531510526923
24 0.001234898854686786
25 0.0010987362958007267
26 0.0010934221394000927
27 0.0010891342242431662
28 0.0010793256274536733
29 0.0010771115381388147
30 0.0010761028033691427
31 0.0010514768963873237
32 0.0010304221898561256
33 0.0010211501277082751
34 0.0008987162958007265
35 0.0008948272466151599
36 0.0008901951374316265
37 0.000888765935787583
38 0.0008878885725073186
39 0.0008854522307746418
40 0.0008767814008006451
41 0.0008735160846312808
42 0.0008679661040847806
43 0.00085964142766142
44 0.000854633081284597
45 0.0008348588546867861
46 0.0008311157696189651
47 0.000822122799508518
48 0.0008147928770339604
49 0.0008133093842225811
50 0.0006986962958007265
51 0.0006948072466151599
52 0.0006933821394000928
53 0.0006926159195366232
54 0.0006901751374316265
55 0.0006897214397322928
56 0.0006890942242431663
57 0.000688745935787583
58 0.0006867582043662074
59 0.0006857059240411889
60 0.0006854322307746418
61 0.000684580502117576
62 0.0006833472534687233
63 0.0006818335183499866
64 0.0006792856274536734
65 0.0006948072466151599
66 0.0006966984882686584
67 0.0006956129965728344
68 0.0006966984882686584
69 0.0008735160846312808
70 0.0008987162958007265
