77 0.006419836323080227
78 0.006013343944077985
79 0.006013343944077985
80 0.005813323944077985
81 0.005813323944077985
82 0.005621469829083987
83 0.005813323944077985
84 0.005406890438708441
85 0.005406890438708441
86 0.005406890438708441
87 0.005406916884989282
88 0.005406890438708441
89 0.005206896884989282
90 0.005406916884989282
91 0.005406916884989282
92 0.005210761922914321
93 0.005210761922914321
94 0.005210761922914321
95 0.005210761922914321
96 0.0042083188176769565
97 0.005210761922914321
98 0.004608358817676956
99 0.0042083188176769565
100 0.004213598392537679
101 0.0042083188176769565
102 0.00400624421172984
103 0.00400624421172984
104 0.004004408781362141
105 0.004004408781362141
106 0.004004408781362141
107 0.004004408781362141
108 0.0040131439440779845
109 0.004225391547255442
110 0.004404448781362142
111 0.004210661922914321
112 0.004613638392537679
113 0.004410681922914321
114 0.004610776476134367
115 0.004404448781362142
116 0.004608358817676956
117 0.005419518109900463
118 0.005805398023177383
119 0.004611301894927051
120 0.0066073620531805245
121 0.005812701519143614
122 0.0046238513805955195
123 0.005606936884989282
125 0.008010565866674042
126 0.00822308491982973
