6 0.009483226931617232
11 0.0058461664470715775
16 0.004895346977087852
21 0.003787648677050246
26 0.0031754208795552576
31 0.0029380886383937564
36 0.0024651417829605962
38 0.005463243370955242
39 0.0035761116413463665
40 0.00370401354286329
41 0.001979103944124047
42 0.0029581701395527153
43 0.0033765023960681435
44 0.0025927135817369316
45 0.0026871559971460074
46 0.001979103944124047
47 0.001979103944124047
48 0.0027346646908159057
49 0.0024651417829605962
50 0.002285782975608491
51 0.0023547657552634616
52 0.0024290135033421343
53 0.002482546720102056
54 0.0028074366245086834
55 0.0029230832235357888
56 0.0025396884566308247
57 0.0025481254970711863
