21 0.007833291402096388
22 0.007375688385410967
23 0.007375688385410967
24 0.007375688385410967
25 0.007252320843794468
26 0.007252320843794468
27 0.007252320843794468
28 0.007252320843794468
29 0.007252320843794468
30 0.007252320843794468
31 0.007252320843794468
32 0.007252320843794468
33 0.0067003247437129754
34 0.0067003247437129754
35 0.0064088066944438015
36 0.0064088066944438015
37 0.0064088066944438015
38 0.0064088066944438015
39 0.0064088066944438015
40 0.0064088066944438015
41 0.0064088066944438015
42 0.0064088066944438015
43 0.0064088066944438015
44 0.006784296518085653
45 0.006784296518085653
46 0.006784296518085653
47 0.006784296518085653
48 0.006784296518085653
49 0.006784296518085653
50 0.006784296518085653
51 0.006784296518085653
52 0.009254828766088498
55 0.00824834220134495
