8 0.003492032559027398
9 0.002698121337599307
10 0.002491932559027398
11 0.0022223203314294584
12 0.002096391758101358
13 0.001898041337599307
14 0.001896371758101358
15 0.001891872559027398
16 0.0016548423040597259
17 0.001498001337599307
18 0.001491832559027398
19 0.0014604769333520428
20 0.001410289300968784
21 0.0012960438978752264
22 0.001275822400309548
23 0.001264078100713586
24 0.0012435637444043555
25 0.0012222203314294583
26 0.001091792559027398
27 0.0010892565183029423
28 0.001085276600079115
29 0.001075802400309548
30 0.001060436933352043
31 0.0010450207004294538
32 0.001037243433668466
33 0.0010102493009687841
34 0.0008962717581013579
35 0.0008960038978752264
36 0.0008876918674231854
37 0.0008871329468449897
38 0.0008852566000791147
39 0.0008791626880974377
40 0.0008757824003095479
41 0.0008699102313235311
42 0.0008640381007135858
43 0.000854762304059726
44 0.0008455663922426254
45 0.0008435237444043554
46 0.0008380570865270776
47 0.000830426143907281
48 0.0008221803314294581
49 0.0008102293009687842
50 0.0006997320719438732
51 0.0006962517581013579
52 0.0006962517581013579
53 0.0006962517581013579
54 0.0006962517581013579
55 0.0006962517581013579
56 0.000697800320273941
57 0.000697921337599307
58 0.0006997320719438732
59 0.000697921337599307
60 0.0008571261409869115
61 0.0008372234336684657
62 0.0006962517581013579
63 0.0008809011730723383
64 0.0010962917581013578
65 0.0010962917581013578
66 0.0010962917581013578
67 0.0010962917581013578
68 0.0010885705561256794
