31 0.021749879282133885
32 0.02126349820795284
33 0.02126349820795284
34 0.021749879282133885
35 0.02126349820795284
36 0.021749879282133885
37 0.02126349820795284
38 0.02121451637281355
39 0.02121451637281355
40 0.02126349820795284
41 0.02126349820795284
42 0.02126349820795284
43 0.02126349820795284
44 0.021749879282133885
45 0.021749879282133885
46 0.021749879282133885
47 0.021749879282133885
48 0.022285242191454224
49 0.02126349820795284
50 0.022285242191454224
51 0.022820605100774567
52 0.022820605100774567
53 0.022285242191454224
54 0.04046163132232195
55 0.04186146155242755
56 0.030593512804550207
57 0.04150423725366354
