2 0.006870307604780232
3 0.0057361701342678525
4 0.0057361701342678525
5 0.0057361701342678525
6 0.0057361701342678525
7 0.0057361701342678525
8 0.0057361701342678525
9 0.0057361701342678525
10 0.0057361701342678525
11 0.0057361701342678525
12 0.0057361701342678525
13 0.0057361701342678525
14 0.005936190134267853
15 0.00670473766527394
16 0.006904757665273939
17 0.007972707611548984
18 0.008372747611548983
19 0.009636907401630654
20 0.020594581636350532
21 0.021602915686370686
22 0.07058959587630823
23 0.020802835686370688
