4 0.0028143494503967896
5 0.002120559964310596
6 0.0020142694503967897
7 0.0016317489534857063
8 0.0016142294503967895
9 0.001320479964310596
10 0.0012255605860242765
11 0.0012141894503967896
12 0.0010981472483771822
13 0.0011000464327431962
14 0.0010316889534857064
15 0.0010188601445646989
16 0.000963992437796422
17 0.0010144202932466247
18 0.000963992437796422
19 0.000963992437796422
20 0.000963992437796422
21 0.0009541212476348368
22 0.0009197012071932851
23 0.0009197012071932851
24 0.0009197012071932851
26 0.0012141894503967896
