65 0.012788536854247209
66 0.012788536854247209
67 0.012788536854247209
68 0.012788536854247209
69 0.012788536854247209
70 0.012788536854247209
71 0.012788536854247209
72 0.012788536854247209
73 0.012788536854247209
74 0.012788536854247209
75 0.013787655073804687
76 0.010218310752525522
77 0.010218310752525522
78 0.010218310752525522
79 0.010218310752525522
80 0.010218310752525522
81 0.010218310752525522
82 0.010592469888418388
83 0.010592469888418388
84 0.010592469888418388
85 0.010592469888418388
86 0.010592469888418388
87 0.010592469888418388
88 0.010592469888418388
89 0.010592469888418388
90 0.010592469888418388
91 0.010592469888418388
92 0.010592469888418388
93 0.010592469888418388
94 0.010592469888418388
95 0.010592469888418388
96 0.010592469888418388
97 0.010592469888418388
98 0.010592469888418388
99 0.010592469888418388
100 0.010592469888418388
101 0.010592469888418388
102 0.010592469888418388
103 0.010592469888418388
104 0.010592469888418388
105 0.010592469888418388
106 0.010592469888418388
107 0.010592469888418388
108 0.010592469888418388
109 0.010592469888418388
110 0.010592469888418388
111 0.010592469888418388
112 0.010592469888418388
113 0.010592469888418388
114 0.010592469888418388
115 0.010592469888418388
116 0.010592469888418388
117 0.010592469888418388
118 0.010592469888418388
119 0.010592469888418388
120 0.010592469888418388
121 0.010592469888418388
122 0.010592469888418388
123 0.014460007132153101
124 0.014298212880722385
125 0.015515016462109626
126 0.013480983854513937
127 0.011451781227137324
128 0.011451781227137324
