5 0.00262135248326638
6 0.002164955784566387
7 0.0018950051910137748
8 0.0016064231509845175
9 0.0015117522257692556
10 0.0014573623313404852
11 0.0013413652438236
12 0.0012319354697670252
13 0.0012212124832663798
14 0.0011413452438235998
15 0.0011413452438235998
16 0.0011413452438235998
17 0.001194378966276067
18 0.001194378966276067
19 0.001194378966276067
20 0.0012704552035345553
21 0.0012510184593196823
22 0.0013691468291415904
23 0.0012510184593196823
24 0.0014517400906248026
25 0.0013921567546161416
26 0.001571453489315545
