25 0.017290405935787585
26 0.017290405935787585
27 0.017290405935787585
28 0.017290405935787585
29 0.017290405935787585
30 0.017290405935787585
31 0.017490425935787583
32 0.018690545935787586
33 0.018890565935787584
34 0.018890565935787584
35 0.018890565935787584
36 0.018890565935787584
37 0.019090585935787583
38 0.019090585935787583
39 0.019090585935787583
40 0.019090585935787583
41 0.019090585935787583
42 0.019090585935787583
43 0.019290605935787585
44 0.019290605935787585
45 0.019491454697708785
46 0.019300556295800728
47 0.019500576295800726
48 0.019500576295800726
49 0.019500576295800726
