26 0.013363170638296253
27 0.013363170638296253
28 0.009978954202656078
29 0.009652208188765247
30 0.009652208188765247
31 0.009652208188765247
32 0.009652208188765247
33 0.009459046861122719
34 0.009923025261720234
35 0.007922338750255185
36 0.008417484922146135
37 0.008417484922146135
38 0.008571481116849433
39 0.007837164181719664
40 0.007922338750255185
41 0.007657257018764189
42 0.007730408133032237
43 0.007286488445478925
44 0.007286488445478925
45 0.007730408133032237
46 0.007741552362309725
47 0.007683972823592707
48 0.007683972823592707
49 0.007730408133032237
50 0.008611499038133024
51 0.014920078146509875
52 0.0099673507843782
53 0.014213555522180888
