52 0.012729476099536983
53 0.012229540750225417
54 0.011310655463084733
55 0.010542707543297773
56 0.010542707543297773
57 0.010607896749614152
58 0.010964415845029683
59 0.010964415845029683
60 0.011386124146761593
61 0.010964415845029683
62 0.010964415845029683
63 0.00969929093983395
64 0.010607896749614152
65 0.010964415845029683
66 0.010542707543297773
67 0.01099434400237637
68 0.01095127110644356
69 0.010964415845029683
70 0.00927758263810204
71 0.010952083936589804
72 0.010120999241565863
73 0.00927758263810204
74 0.009745986032888062
75 0.011386124146761593
76 0.011330983084148165
77 0.011456528489583284
78 0.01208069361987823
79 0.011386124146761593
80 0.010416046525880854
81 0.009582762803810386
82 0.008680963006674161
83 0.008680963006674161
84 0.008680963006674161
85 0.008680963006674161
86 0.008680963006674161
87 0.00885587433637013
88 0.00885587433637013
89 0.00885587433637013
90 0.00885587433637013
91 0.009526769007309796
92 0.009779202210930007
93 0.010542707543297773
94 0.011409069246085007
95 0.010542707543297773
96 0.01182067618173704
97 0.014013844168764295
98 0.010757757385029218
99 0.010757757385029218
100 0.01176885955239676
101 0.011485771258207482
102 0.012229540750225417
103 0.0108917422977853
104 0.012229540750225417
105 0.011032212619598719
106 0.012229540750225417
107 0.010552999820955809
108 0.010757757385029218
109 0.010757757385029218
110 0.01771519166823285
111 0.010551391322838475
112 0.01182744022171925
113 0.011363036809210664
114 0.01095721406602457
115 0.011023552824971677
116 0.01261811719327563
117 0.013769711306189519
118 0.013432570977521333
119 0.013094735431266488
120 0.018334180132090365
121 0.019194182459690935
122 0.015144359309583286
123 0.02477301306181981
124 0.01602467503580734
125 0.01644426683399652
126 0.017297287565304353
127 0.017235612961099253
131 0.013195551100330397
