64 0.00661386071303882
65 0.005823131186251608
66 0.0062046747275395515
67 0.0058098816561206095
68 0.005823131186251608
69 0.005822601277495127
70 0.005823131186251608
71 0.005823131186251608
72 0.006023151186251609
73 0.006023151186251609
74 0.006023151186251609
75 0.006023151186251609
76 0.006023151186251609
77 0.006023151186251609
78 0.006023151186251609
79 0.006023151186251609
80 0.005808650840395928
81 0.005808650840395928
82 0.005808650840395928
83 0.005808650840395928
84 0.004612903653160551
85 0.004612903653160551
86 0.004612903653160551
87 0.004612903653160551
88 0.004612903653160551
89 0.004612903653160551
90 0.004612903653160551
91 0.004612903653160551
92 0.004612903653160551
93 0.004612903653160551
94 0.004612903653160551
95 0.004612903653160551
96 0.004612903653160551
97 0.004612903653160551
98 0.004612903653160551
99 0.004612903653160551
100 0.004612903653160551
101 0.004612903653160551
102 0.004612903653160551
103 0.004612903653160551
104 0.004612903653160551
105 0.004612903653160551
106 0.004612903653160551
107 0.004612903653160551
108 0.004612903653160551
109 0.004612903653160551
110 0.004612903653160551
111 0.004813621422100798
112 0.004813621422100798
113 0.004624344803339558
114 0.004624344803339558
115 0.004624344803339558
116 0.004624344803339558
117 0.004624344803339558
118 0.004624344803339558
119 0.004624344803339558
120 0.006624660623344887
121 0.006806314475149795
122 0.005613626498966044
123 0.010017517399927395
124 0.006411018601492702
125 0.0052153401038061075
127 0.0074197654015864525
128 0.008606475920058873
