26 0.027117134165062125
27 0.023318206322628557
28 0.01922851331704405
29 0.01922851331704405
30 0.023283848705617217
31 0.025270091764128887
32 0.027594243835833747
33 0.023849192013944163
34 0.019955446379014502
35 0.017702696764417013
36 0.017702696764417013
37 0.017702696764417013
38 0.017702696764417013
39 0.017702696764417013
40 0.019650777228491616
41 0.020435358989735284
42 0.020447980961756096
43 0.01933229013874893
44 0.018848982885280207
45 0.01795951669644165
46 0.01878911940338108
47 0.01933229013874893
48 0.020435358989735284
49 0.022875755605211746
50 0.021698240722179636
51 0.021164137289931356
52 0.021698240722179636
53 0.021698240722179636
54 0.02309942880942884
55 0.02309942880942884
56 0.032381585982404454
57 0.04447022992537508
58 0.04447022992537508
61 0.03555042863493355
