6 0.003822568588995204
7 0.0020172261389345553
8 0.0018873638010097709
9 0.0016268975860854527
10 0.0013357709921157914
11 0.0013357709921157914
12 0.0012921987112516809
13 0.001287303801009771
14 0.0012158082122632466
15 0.001190259390336983
16 0.0012171461389345554
17 0.0012171461389345554
18 0.0012625579573785472
19 0.0012921987112516809
20 0.0014171661389345554
21 0.0014171661389345554
22 0.0015006029246791863
23 0.0014268775860854527
24 0.0016189808335183905
25 0.00225851554042988
26 0.00205849554042988
