6 0.002861582306257917
7 0.001838080119624222
8 0.0016969051241449474
9 0.0014360807426066283
10 0.0013093198635295237
11 0.0014214186480912378
12 0.0012667009758616037
13 0.0012380201196242218
14 0.0011043205418501453
15 0.0010578215691913414
16 0.0010578215691913414
17 0.0010578215691913414
18 0.001012403250370941
19 0.0009043005418501451
20 0.0008840528841247894
21 0.0008891267290296143
22 0.0008976260661531308
23 0.0008891267290296143
24 0.0008613823062579171
25 0.0008613823062579171
26 0.0008613823062579171
27 0.0010462009759213357
