28 0.011918979772602735
29 0.011918979772602735
30 0.011918979772602735
31 0.011918979772602735
32 0.011918979772602735
33 0.009578480943345805
34 0.009578480943345805
35 0.009578480943345805
36 0.009578480943345805
37 0.009578480943345805
38 0.009578480943345805
39 0.009578480943345805
40 0.009578480943345805
41 0.009578480943345805
42 0.009578480943345805
43 0.009578480943345805
44 0.010278017967994463
45 0.011990181662519037
46 0.011388777040131411
47 0.012471745481123245
48 0.013351646335367437
49 0.012243265064869452
53 0.02098101990954917
