105 0.012821150770355318
106 0.009622973947515634
107 0.007213031199873878
108 0.00622404143511268
109 0.006604427429681223
110 0.008622873947515635
111 0.008609414543376466
112 0.005021760745453561
113 0.006808367470432568
114 0.0070171674261175964
115 0.005024821292424419
116 0.007217341861035235
117 0.006022678599379026
118 0.006820831523193588
119 0.006808416204455205
120 0.005608247470432568
121 0.006221176279775246
122 0.008422853947515635
123 0.00900889727308428
124 0.007025120905813484
125 0.008821216766242963
126 0.00681499715357694
127 0.0048144918294278196
