1 0.008216552096067245
2 0.0042274988265061505
3 0.0030160320960672437
4 0.002256544382151498
5 0.0018565043821514983
6 0.0016564843821514981
7 0.00147852094144372
8 0.0013542800683530314
9 0.0012378086449044126
10 0.0011378655917047213
11 0.0010816562081312948
12 0.0010194592052595111
13 0.0010045561133123007
14 0.0008603575472962967
15 0.000850341814994688
16 0.0008399361898834399
17 0.0008271588265061499
18 0.0008158120960672435
19 0.0008075713856411917
20 0.0007542200683530315
21 0.0007039744220345336
22 0.0006707216588079934
23 0.0006624306773325224
24 0.0006607581227711952
25 0.0006603375472962967
26 0.0006571058668133295
27 0.000656384382151498
28 0.0006550975748742257
29 0.000650321814994688
30 0.0006417541755240679
31 0.00063991618988344
32 0.0006377486449044125
33 0.0006375169472683447
34 0.0006271388265061499
35 0.0006194192052595111
36 0.0006550192205371382
