1 0.04137332512301889
2 0.02124602256320373
3 0.01474213810508014
4 0.011273399727414224
5 0.009310252726281582
6 0.007804661349748309
7 0.006846759139404326
8 0.005868650690917994
9 0.005375524178422415
10 0.004890542242431661
11 0.004407132957590635
12 0.0040316431338168115
13 0.0037235992610717
14 0.0033725546284499065
15 0.0032000961658518873
16 0.002973437979437006
17 0.0029139955442471334
18 0.0028116447636066006
19 0.002601553783249436
20 0.002473879930155059
21 0.002435902686279824
22 0.0023430373030055005
23 0.002243693946578466
24 0.002214897176446724
25 0.002015943865039063
26 0.0019562168969726648
27 0.001943853212625299
28 0.0018789119403381082
29 0.0018170911689238184
30 0.0017487395970661903
31 0.0017035791053668032
32 0.0016635746978440915
33 0.0016329788541484802
34 0.0014686040931263555
35 0.0014561766923239254
36 0.0014365519283496726
37 0.0014091839552535811
38 0.0013851985832814505
39 0.0013608946626665391
40 0.0013438810446056038
41 0.0013252662705032627
42 0.0013043965640603583
43 0.0012776843290251024
44 0.0012698442283154124
45 0.0012637132894348754
46 0.001263210383124825
47 0.0012537798932426723
48 0.001241273360051028
49 0.0012375243189129952
50 0.0009911459931456687
51 0.000986077606002259
52 0.000980270274863253
53 0.0009743610745119296
54 0.0009703603204958068
55 0.0009584912549073467
56 0.000958124537401468
57 0.000954063076277629
58 0.0009584912549073467
59 0.0009545488617465207
60 0.0009213894409086214
61 0.0009153189259051816
62 0.0009147997914781294
63 0.0009115548969386351
64 0.0009085455844619092
65 0.0009027937927746472
66 0.0009025268636344364
67 0.0009003414482066136
68 0.0008974775786313863
69 0.0008959206964037358
70 0.0008957186657153357
71 0.0008957186657153357
72 0.0008859588705786897
73 0.0008835108470021751
74 0.0008819520869326083
75 0.0008704170850065151
76 0.0008695977093735722
77 0.0008623776320042937
78 0.0008606843797122512
79 0.0008517895526834016
80 0.0008493751656903955
81 0.0008465628188769415
82 0.0008457910711129684
83 0.0008441255990170359
84 0.0008424979118917247
85 0.0008424755262899169
86 0.0008421424595097243
87 0.00084214025541655
88 0.0008385945413197044
89 0.0008378374863314145
90 0.0008358532621617815
91 0.0008317873489220457
92 0.0008302133929663193
93 0.0008294657540679208
94 0.000827515573367352
95 0.0008274665024603778
96 0.000826498768445162
97 0.0008250876909545494
98 0.0008250162126086636
99 0.0008164894270742401
100 0.0004986562958007265
