32 0.0028536588052585138
33 0.0028536588052585138
34 0.0026458562607978254
35 0.0024651417829605962
36 0.0024452711212158305
37 0.0024391428625365925
38 0.0024391428625365925
39 0.002435902686279824
40 0.002435902686279824
41 0.0024391428625365925
42 0.002435902686279824
43 0.0019703036781464926
44 0.0019703036781464926
45 0.0019703036781464926
46 0.0019703036781464926
47 0.001941568923098567
48 0.0019721134263684767
49 0.001941568923098567
50 0.0017639041738652167
51 0.0017639041738652167
52 0.0014790850697763576
53 0.0014671626727294986
54 0.0014671626727294986
55 0.0014671626727294986
56 0.0014671626727294986
57 0.0014671626727294986
58 0.0014671626727294986
59 0.0014671626727294986
60 0.0014671626727294986
61 0.0014777277586098694
62 0.0014777277586098694
63 0.0014899754648059751
64 0.0014899754648059751
65 0.001973368557600371
66 0.0014843279580930354
