1 0.0163264949265292
2 0.010525914926529198
3 0.005935597436649991
4 0.0049253549265291996
5 0.004050034555090212
6 0.003325194926529199
7 0.002696832865677312
8 0.0026715270855257843
9 0.0026715270855257843
10 0.0026715270855257843
11 0.0026715270855257843
12 0.0026715270855257843
13 0.0026715270855257843
14 0.0026715270855257843
15 0.0026715270855257843
16 0.0027251349265291986
17 0.0027251349265291986
18 0.0027251349265291986
19 0.002908404248315847
20 0.0030955925245292983
21 0.003108424248315847
22 0.003249954555090211
23 0.0034499745550902114
24 0.003249954555090211
25 0.003725234926529199
26 0.005708684248315847
