22 0.04368409448996738
23 0.02854391388778334
24 0.02854391388778334
25 0.024051736428666183
26 0.02275919139875621
27 0.02275919139875621
28 0.020316724228675764
29 0.020316724228675764
30 0.020316724228675764
31 0.020316724228675764
32 0.012767777176738875
33 0.01268690078669977
34 0.01268690078669977
35 0.01268690078669977
36 0.01268690078669977
37 0.01268690078669977
38 0.012864175636806308
39 0.012864175636806308
40 0.013223769218765264
41 0.014944619653755802
42 0.015565641853945114
43 0.01668083118248295
44 0.01668083118248295
45 0.01668083118248295
46 0.020425531137579698
47 0.020425531137579698
48 0.01885900294796462
49 0.01824222163400754
50 0.01824222163400754
51 0.01969539299949754
52 0.019866160586820614
53 0.020614972107618968
54 0.020614972107618968
55 0.024625825226521618
56 0.02892086947903033
57 0.03138918638464978
58 0.02778155371756132
59 0.027032057228146358
60 0.02962562136651252
61 0.03932472531331394
