7 0.007257942331340486
8 0.003893088085813096
9 0.003893088085813096
10 0.0038011347251499517
11 0.002761185432213952
12 0.002761185432213952
13 0.002601014725149952
14 0.002492948085813096
15 0.0024574623313404855
16 0.002492948085813096
17 0.002854143073143408
18 0.003201074725149952
19 0.0032930280858130957
20 0.0030575223313404854
21 0.0034575623313404854
22 0.0032575423313404854
23 0.0032575423313404854
24 0.0036512584593196827
25 0.003817551262088518
26 0.003493048085813096
27 0.005093208085813096
