55 0.002022514204975091
56 0.002028167066372596
57 0.0016601148026025676
58 0.0016493247994955108
59 0.0016472563063715377
60 0.0016602797687372806
61 0.0016347362811967195
62 0.0016328031003826089
63 0.001624809932608051
64 0.0016235384339932013
65 0.0016285818066823473
66 0.0016285818066823473
67 0.0016285818066823473
68 0.0016285818066823473
69 0.0012656033838759594
70 0.001264943602615117
71 0.00126257461661656
72 0.0012617288393257365
73 0.0012713841067108515
74 0.0012560462465234874
75 0.0012528895830639156
76 0.001251237611815399
77 0.0012494622783527877
78 0.0012452098265529603
79 0.0012399678581461477
80 0.0012381630326451125
81 0.0012367648378661552
82 0.0012356584278555589
83 0.0012354422297786534
84 0.0012319715478473355
85 0.001231450121324858
86 0.0012293502380114798
87 0.0012289198666469716
88 0.0012278266256476231
89 0.001226387579678898
90 0.0012260522108975395
91 0.0012251822591926886
92 0.0012223975349215223
93 0.0012190732331508168
94 0.0012183833501758514
95 0.0012182256758234782
96 0.0012176538254949011
97 0.0012172065458178642
98 0.0012136501883346046
99 0.0012113622890436665
100 0.0008488818116269675
101 0.0008486819263373835
102 0.0008486317399691322
103 0.0008459432815745096
104 0.000844964825734439
105 0.0008440678950312664
106 0.0008434166034638218
107 0.0008427082313332522
108 0.0008425302542973866
109 0.000841818403036741
110 0.0008417503889563616
111 0.0008411099572308684
112 0.0008410748059149719
113 0.0008409143366355725
114 0.000839793664445698
115 0.0008395374823831272
116 0.0008393320803072715
117 0.0008386895309218489
118 0.0008384458085880628
119 0.0008375312723024361
120 0.0008357611810693663
121 0.0008338220483265141
122 0.0008332837220704684
123 0.0008329748522351918
124 0.0008319718101076891
125 0.0008309678432623845
126 0.0008301398843686403
127 0.0008315073553542211
128 0.0008309678432623845
129 0.0008300574013012838
130 0.0008297047801964552
131 0.0008286743071538795
132 0.0008280636588556379
133 0.0008278630089825526
134 0.0008277308096812216
135 0.0008266452387640984
136 0.000826536773078853
137 0.0008254420217634084
138 0.0008251459790882026
139 0.0008242791293438289
140 0.0008239652324424187
141 0.0008237722852370392
142 0.0008236522826498749
143 0.000822735355570299
144 0.0008220950589927954
145 0.0008214457068122431
146 0.0008251459790882026
147 0.0008214017866726344
148 0.0008213143652315571
149 0.000821123192453588
150 0.0008236522826498749
151 0.0008213003619415764
152 0.0008212904326854842
153 0.0008220950589927954
154 0.000843638293886579
155 0.0008261444589999509
156 0.0012144128854167523
157 0.0008441971987580498
