1 0.053991235416245974
2 0.020213399196786226
3 0.01473893691432329
4 0.010527812081659493
5 0.00911313843047555
6 0.007883649373009533
7 0.006509384593196822
8 0.0056808201005477
9 0.005554901358796661
10 0.005420008943944054
11 0.005420008943944054
12 0.005420008943944054
13 0.005420008943944054
14 0.005420008943944054
15 0.005912737029757149
16 0.005637358688341165
17 0.005420008943944054
18 0.005420008943944054
19 0.005420008943944054
20 0.005420008943944054
21 0.005420008943944054
22 0.005858446133877141
23 0.006509384593196822
24 0.006789323882973696
25 0.006898193201383341
26 0.014971584564352691
27 0.013578647765947392
