1 0.008366362215456233
2 0.004365962215456232
3 0.0030270375860854525
4 0.0023657622154562323
5 0.0020269375860854527
6 0.0016873438010097709
7 0.0016268975860854527
8 0.001498131495512806
9 0.0014859120134868514
10 0.0013149039123802678
11 0.0012268575860854528
12 0.0011357509921157915
13 0.0010268375860854528
14 0.0010157568976563358
15 0.0010157568976563358
16 0.0009656222154562319
17 0.0009457041884200319
18 0.000933537877528728
19 0.0009074991021552211
20 0.0008854253265408818
21 0.0008854253265408818
22 0.0009074991021552211
23 0.000898674776727506
24 0.0009074991021552211
25 0.0010222885889952034
26 0.0011457241884200318
27 0.00185847554042988
