6 0.02029107463851662
11 0.013715565426401271
16 0.010134979144276156
21 0.009817910721091878
26 0.00848221148084213
31 0.007695388375671991
32 0.015677812283458735
34 0.017112286051029737
35 0.010276218630383027
36 0.007695388375671991
37 0.011161313917517558
38 0.01014446677164977
39 0.008175505171720318
40 0.007025031363415809
41 0.007695388375671991
42 0.009053127775045713
43 0.008581251763365588
44 0.0072427184712206966
45 0.007933907362016105
46 0.008104515554289721
47 0.00883611964898269
48 0.007813239723360546
49 0.009979072330402504
50 0.00953472418151732
