1 0.016284013997298022
2 0.00828321399729802
3 0.005669545028274812
4 0.004296549229293512
5 0.0034964692292935124
6 0.0030387321558966425
7 0.0026692450282748115
8 0.002296349229293512
9 0.0020925220065094244
10 0.0018963092292935122
11 0.0018497122039594456
12 0.0016691450282748114
13 0.001617380609502473
14 0.0014876671459373059
15 0.0014691250282748115
16 0.001297267256378717
17 0.0012889838938216051
18 0.001282523107203116
19 0.001282523107203116
20 0.001282523107203116
21 0.0014888248644165582
22 0.0014395453702618476
23 0.0032937493970147426
