20 0.0016362927846051312
21 0.0014408281522334569
22 0.0014191022869288552
23 0.0014099606737806819
24 0.0012469230087225813
25 0.0012650746989633964
26 0.0010884302290122875
27 0.0010884302290122875
28 0.0010802183625233902
29 0.0010700624438283212
30 0.0010469030087225813
31 0.001056379863887345
32 0.001028973544858682
33 0.0010190622869288553
34 0.001028973544858682
35 0.0008884102290122875
36 0.0008884102290122875
37 0.0008720766874891852
38 0.0008616201978638245
39 0.0008616201978638245
40 0.0008720766874891852
41 0.0008745923766721421
42 0.0008482424343512144
43 0.0008482424343512144
44 0.0008482424343512144
45 0.0008400006023666852
46 0.0008284099859562332
47 0.0008228930442258592
48 0.0008228930442258592
49 0.000809900673780682
50 0.0008119916177981282
51 0.0006858330233355978
52 0.0006856530263414024
53 0.0006776271889952913
54 0.0006776271889952913
55 0.0006776271889952913
56 0.0006742257575952632
57 0.0006739111852572309
58 0.0006700224438283211
59 0.0006616001978638245
60 0.0006616001978638245
61 0.0006612649723918033
62 0.000661365333729241
63 0.0006584622989462591
64 0.0006569922840327922
65 0.0006556825129620133
66 0.0006553591152131458
67 0.0006553591152131458
68 0.0006543851626417325
69 0.0006468630087225812
70 0.0006468630087225812
71 0.0006443770902920929
72 0.0006437069718557599
73 0.0006406411993555409
74 0.0006406411993555409
75 0.0006399806023666852
76 0.0006398147395732461
77 0.0006361927846051311
78 0.0006348280102699217
79 0.0006289335448586819
80 0.0006289335448586819
81 0.0006289335448586819
82 0.0006234910220149804
83 0.0006234910220149804
84 0.0006234910220149804
85 0.0006234910220149804
86 0.0006234910220149804
87 0.0006234910220149804
88 0.0006779720357145214
