85 0.006211548670241201
86 0.006211548670241201
87 0.0052153401038061075
88 0.0052153401038061075
89 0.005011173466664401
90 0.004815300103806108
91 0.004415260103806108
92 0.004415260103806108
93 0.004415260103806108
94 0.004415260103806108
95 0.0034236269399979154
96 0.0034236269399979154
97 0.0034236269399979154
98 0.0034236269399979154
99 0.0034236269399979154
100 0.0034151601038061074
101 0.0034151601038061074
102 0.0034151601038061074
103 0.0034236269399979154
104 0.003419479738490053
105 0.003605994475149795
106 0.0034236269399979154
107 0.0036151801038061073
108 0.0034151601038061074
109 0.0034151601038061074
110 0.003613000216059769
111 0.003613000216059769
112 0.0036141457541319405
113 0.003613000216059769
114 0.003613000216059769
115 0.003819519738490053
116 0.004415260103806108
117 0.005610801922914321
118 0.005220640821028234
119 0.005417308094395186
120 0.00621768640308402
121 0.005806038917363092
122 0.005620401373196559
123 0.005817905079451757
124 0.012618007610256233
125 0.00920775400449461
127 0.007424740623344887
