6 0.030296167784388157
11 0.02592809480004303
16 0.027317099878616764
21 0.022269794182041374
26 0.022269794182041374
31 0.022269794182041374
36 0.022269794182041374
37 0.03916277581670281
38 0.04870924248292018
40 0.043190197702297706
41 0.022269794182041374
42 0.029750536733374883
43 0.02868010487677937
44 0.022269794182041374
45 0.02835569801394716
46 0.02501093277617206
47 0.032559541311473754
48 0.030124702253716225
49 0.02501093277617206
50 0.033272873598704886
51 0.027942436587354853
52 0.027942436587354853
53 0.04691576983560797
54 0.0402547525943226
55 0.03631341554581723
56 0.032412659227047225
