11 0.023973934541910588
21 0.015053197657345325
31 0.013400921355459599
41 0.013004075662378628
51 0.012371695370167536
61 0.011852854579041363
71 0.010607191890366042
81 0.010607191890366042
84 0.027557365083693573
87 0.017438492307624245
90 0.012745798119064997
91 0.010607191890366042
92 0.012608279700765012
93 0.013533853194967702
94 0.015212562705057914
95 0.012500957707711115
96 0.012186943268155944
97 0.011336257076307085
98 0.011785509664689168
99 0.010607191890366042
100 0.01362719258304761
101 0.011557390434183568
102 0.012879447412878784
103 0.013054350774561739
104 0.012390591507413489
105 0.01223411581588653
106 0.013202575169496175
107 0.013174975043444042
108 0.012526779296538157
109 0.011322660485873007
110 0.01304518487941802
111 0.011261747947505639
112 0.011261747947505639
113 0.015312439992032812
114 0.013066269306919346
117 0.019367578212792298
