1 0.016221552639542332
2 0.008394749230715232
3 0.005637900062594386
4 0.004420372639542333
5 0.0035942692307152314
6 0.0030376400625943857
7 0.002794189230715231
8 0.0024674462870849633
9 0.0022256302600710126
10 0.002021031467459451
11 0.001844127248356748
12 0.001799071864367284
13 0.0016209914674594505
14 0.0015400986440852063
15 0.0014440872483567479
16 0.0014284467091674373
17 0.0013921874077232354
18 0.0012844509487250088
19 0.0012440672483567479
20 0.0012374600625943857
21 0.0011921674077232354
22 0.0011400586440852064
23 0.0011400586440852064
24 0.0010673062870849633
25 0.0010538128128535443
26 0.0010323940188848083
27 0.0010209314674594506
28 0.0010209314674594506
29 0.000998991864367284
30 0.000967479294506902
31 0.0009400386440852064
32 0.0009180170247450896
33 0.000909311031941776
34 0.000909311031941776
35 0.000909311031941776
36 0.000909311031941776
37 0.0009403054205447716
