11 0.0036023177619189627
12 0.004202377761918963
13 0.002799171864367284
14 0.0024925672749614965
15 0.0024726331150839343
16 0.002298468913960038
17 0.002002157761918963
18 0.0018725731150839343
19 0.0020256102600710126
20 0.0018601983839027479
21 0.001672553115083934
22 0.0016940978230405909
23 0.0016284667091674373
24 0.0015000672284734722
25 0.0014849581476718181
26 0.0014284467091674373
27 0.0014924672749614964
28 0.0014538528128535443
29 0.001402097761918963
30 0.001602117761918963
31 0.0016255702600710123
32 0.0015219614852274564
33 0.0016538728128535443
