1 0.0454573081284597
2 0.023637800226799045
3 0.015910057844960895
4 0.012369181165378997
5 0.009902802613045889
6 0.008293085732624415
7 0.006926741452612238
8 0.006173664608528258
9 0.005442439712766759
10 0.004900133013832412
11 0.0044529052195364386
12 0.004073061800287616
13 0.003804878407011351
14 0.003463370726306119
15 0.0033765023960681435
16 0.003179909545616682
17 0.0029230832235357888
18 0.002912353384647851
19 0.002708929909307965
20 0.002473836233075799
21 0.0024494682812227202
22 0.002408967591749933
23 0.0022713639611547727
24 0.002116407047192354
25 0.0019822919862913374
26 0.001958725758929171
27 0.0019487221490238592
28 0.0019271740733999465
29 0.001893824338525123
30 0.0018170911689238184
31 0.0017242230784758603
32 0.0016549330049207556
33 0.0016329788541484802
34 0.0014843017398454795
35 0.0014700399041497236
36 0.0014578899094689743
37 0.0014453805550499598
38 0.0014310946144164434
39 0.0014156344029263967
40 0.0013576872667625387
41 0.001353933705564421
42 0.0013537902954516546
43 0.0013404533842838247
44 0.0013289383058680345
45 0.0012931673088568954
46 0.0012637132894348754
47 0.0012537798932426723
48 0.0012441986311018812
49 0.001237631536431824
50 0.0009911459931456687
51 0.0009860567131842384
52 0.0009851518390732463
53 0.0009800266027664823
54 0.0009780499111742573
55 0.0009774118715751659
56 0.0009734364087324147
57 0.000954063076277629
58 0.0009534428016012902
59 0.0009520456067382852
60 0.0009482147312861486
61 0.0009469121692625615
62 0.0009437562686175978
63 0.0009419063021053847
64 0.0009260033857158225
65 0.0009213894409086214
66 0.0009153189259051816
67 0.0009124060050284561
68 0.0009124060050284561
69 0.0009143131902433963
70 0.0009072631084443593
71 0.0009072631084443593
72 0.0009051248445083591
73 0.0009025268636344364
74 0.0008974775786313863
75 0.0008835108470021751
76 0.0008835108470021751
77 0.0008835108470021751
78 0.0008835108470021751
79 0.0008835108470021751
80 0.000969081004235152
81 0.0008835108470021751
82 0.0009743610745119296
