77 0.0014087421204812033
78 0.0014087421204812033
79 0.0012122395646719144
80 0.0012244158699845661
81 0.0012084545731298052
82 0.0012087221204812033
83 0.001206214861601388
84 0.0010224478472200598
85 0.0010224478472200598
86 0.0010224478472200598
87 0.0010224478472200598
88 0.0010224478472200598
89 0.0010221194601113246
90 0.0010144171535769399
91 0.0010144171535769399
92 0.0010144171535769399
93 0.0010144171535769399
94 0.0010120080163094564
95 0.0010082807750956522
96 0.0010082807750956522
97 0.0010082807750956522
98 0.001004516492250888
99 0.0008244589556253223
100 0.001004516492250888
101 0.001004516492250888
102 0.0008244589556253223
103 0.0008244589556253223
104 0.0008244589556253223
105 0.0008244589556253223
106 0.0008244589556253223
107 0.001004516492250888
108 0.0010082807750956522
109 0.0010111275294963978
110 0.0010111275294963978
111 0.0010206572490674003
112 0.0010151499421843203
113 0.0010163623151101756
114 0.0010187620821744958
115 0.0010107808933363174
116 0.0010190394322088987
117 0.0010111275294963978
118 0.0010141897537579252
119 0.0010141897537579252
120 0.0010141897537579252
121 0.0012093755418825412
122 0.001018845636151218
123 0.001210306116364553
125 0.0010247279764357016
