11 0.00307020443269381
12 0.0028903025954373743
13 0.0026669441933585103
14 0.002446669331688545
15 0.0024401194928801366
16 0.002446669331688545
17 0.002097940320273941
18 0.001858358608819612
19 0.001858358608819612
20 0.0016901825954373745
21 0.0016901825954373745
22 0.001663657925462146
23 0.0016703860145857279
24 0.0014659468762047174
25 0.0014659468762047174
26 0.0014659468762047174
27 0.0014467227941971418
28 0.0012871729468449898
29 0.0012871729468449898
30 0.0012871729468449898
31 0.001281185611868676
32 0.001281185611868676
33 0.001281185611868676
34 0.001281185611868676
35 0.0012372634336684659
36 0.001081165611868676
37 0.0010659068762047174
38 0.0010659068762047174
39 0.0010659068762047174
40 0.001081165611868676
41 0.001081165611868676
42 0.001097840320273941
43 0.001097840320273941
44 0.001097840320273941
45 0.0012450407004294538
46 0.0012450407004294538
47 0.0012450407004294538
48 0.0012450407004294538
49 0.0012450407004294538
50 0.0016604969333520428
