2 0.011272387085525786
3 0.006071867085525784
4 0.004871747085525784
5 0.003735377436649992
6 0.003535357436649992
7 0.002849914555090211
8 0.0026715270855257843
9 0.0026715270855257843
10 0.0026715270855257843
11 0.0026715270855257843
12 0.0026715270855257843
13 0.0026715270855257843
14 0.0026715270855257843
15 0.0026715270855257843
16 0.0026715270855257843
17 0.0026715270855257843
18 0.0027251349265291986
19 0.002733093339553175
20 0.002733093339553175
21 0.002733093339553175
22 0.0027251349265291986
23 0.0030715670855257842
24 0.003108424248315847
25 0.003533173339553175
26 0.005125374926529199
27 0.0045332733395531755
