6 0.0034202726395423325
7 0.003437680062594386
8 0.002994582161402259
9 0.002460258383902748
10 0.002394149230715231
11 0.0020925272749614966
12 0.002045308869901863
13 0.001898428913960038
14 0.0016673662870849632
15 0.0016324368359296553
16 0.0016324368359296553
17 0.001852852478658112
18 0.0021870012630498302
19 0.001704460535162678
20 0.0015869412630498303
21 0.0015219614852274564
22 0.0015869412630498303
23 0.0014209714674594505
24 0.0014200726395423324
25 0.0014200726395423324
26 0.0014200726395423324
27 0.0014200726395423324
28 0.0014499149833688539
29 0.0014284467091674373
30 0.0014284467091674373
31 0.0014499149833688539
32 0.0015219614852274564
33 0.0021299228440149584
