113 0.0012120280163094564
114 0.0010221901475056074
115 0.0010206572490674003
116 0.0010206572490674003
117 0.0010111275294963978
118 0.0008230316407872547
119 0.0008230316407872547
120 0.0008230316407872547
121 0.0008230316407872547
122 0.0008230316407872547
123 0.0008230316407872547
124 0.0008230316407872547
125 0.001007418651517942
126 0.0010058155152726214
127 0.0010058155152726214
128 0.0010058155152726214
129 0.0010175156821685338
130 0.001021788301731911
131 0.0012053762122966078
132 0.001204536492250888
133 0.0010100829643686143
135 0.0010153130851735888
137 0.001017291304331324
