30 0.0018792626880974378
31 0.0018792626880974378
32 0.0018792626880974378
33 0.0016604969333520428
34 0.0014133429677733293
35 0.0014133429677733293
36 0.0010868478320285831
37 0.0010868478320285831
38 0.0012133229677733293
39 0.0012450407004294538
40 0.0012450407004294538
41 0.0012792026880974377
42 0.001223561782477225
43 0.001223561782477225
44 0.0010962917581013578
45 0.001081668166290609
46 0.001081668166290609
47 0.001081668166290609
48 0.001081668166290609
49 0.001081668166290609
50 0.001081668166290609
51 0.001081668166290609
52 0.001081668166290609
55 0.0012885905561256794
