5 0.008657905866813332
6 0.0045136025409493845
7 0.0045136025409493845
8 0.0045136025409493845
9 0.0045136025409493845
10 0.0045136025409493845
11 0.0045136025409493845
12 0.0045136025409493845
13 0.0045136025409493845
14 0.0045136025409493845
15 0.0045136025409493845
16 0.0045136025409493845
17 0.0045136025409493845
18 0.0045136025409493845
19 0.004655419220537139
20 0.00465750586681333
21 0.00465750586681333
22 0.0045136025409493845
23 0.0045136025409493845
24 0.0045136025409493845
25 0.0050575458668133295
26 0.0071138625409493846
27 0.007313882540949384
