2 0.010256161829268999
3 0.007054278246133223
4 0.005255661829268998
5 0.004255561829268998
6 0.003648023614272306
7 0.0032382970865270774
8 0.002845200700429454
9 0.0026254648447135796
10 0.002299892071943873
11 0.0022254248447135796
12 0.0020548823040597262
13 0.0018553218292689973
14 0.0018384170765686463
15 0.0016548423040597259
16 0.0016383970765686462
17 0.0014886105561256794
18 0.001454822304059726
19 0.0014253448447135795
20 0.0012997920719438733
21 0.001297860320273941
22 0.0012552618292689974
23 0.0012450407004294538
24 0.001223561782477225
25 0.0012048516559200603
26 0.0010871529468449899
27 0.0010814377373753019
28 0.0010700044326938099
29 0.0010667841933585105
30 0.0010396090209942297
31 0.0010242434400152072
32 0.001015969377880259
33 0.0010087916884689103
34 0.0008885505561256792
35 0.0008871329468449897
36 0.0008854495966164303
37 0.0008699844326938099
38 0.0008608418471821405
39 0.000854762304059726
40 0.0008530255823514274
41 0.0008477436142723055
42 0.0008395890209942296
43 0.0008314029064528266
44 0.0008252848447135795
45 0.0008241369338465575
46 0.0008235217824772247
47 0.0008128758096304554
48 0.0008102293009687842
49 0.0008087716884689101
50 0.0008044928500209774
51 0.0006962517581013579
52 0.0006945131207943224
53 0.0006852366000791147
54 0.0006816281662906089
55 0.0006816281662906089
56 0.0006816281662906089
57 0.0006716312723476546
58 0.000670286014585728
59 0.0006667441933585103
60 0.0006660749984430532
61 0.0006625586909816234
62 0.0006608218471821405
63 0.0006588730913269715
64 0.0006582386088196117
65 0.0006571061409869116
66 0.0006536382461332221
67 0.0006466427941971419
68 0.0006449807004294539
69 0.0006443587891882246
70 0.0006382970765686462
71 0.0006395690209942297
72 0.0006380370865270776
73 0.0006380370865270776
74 0.0006372034336684658
75 0.0006304061439072811
76 0.0006279256663974458
77 0.000624203440015207
78 0.000624203440015207
79 0.0006241169338465576
80 0.0006240033859618087
