12 0.0018493253263312732
13 0.0012958765538128225
14 0.0011112761570309985
15 0.0010082203287515538
16 0.0009778146405912723
17 0.0009279775723052496
18 0.0008922259829506941
19 0.0008308085536911789
20 0.0008299799554268326
21 0.0008082003287515538
22 0.0007629544144096055
23 0.0007403199588126555
24 0.0007279575723052496
25 0.0007060980022080597
26 0.0006958165538128226
27 0.0006955958155788174
28 0.0006922059829506941
29 0.0006922059829506941
30 0.0007005341881261887
31 0.0009037367520134021
