25 0.009636756143037438
26 0.009636756143037438
27 0.008869520988735247
28 0.008191242721581822
29 0.008091953511379202
30 0.00770940491442995
31 0.00770940491442995
32 0.00770940491442995
33 0.00770940491442995
34 0.007227567107278079
35 0.00693470176955896
36 0.007227567107278079
37 0.007227567107278079
38 0.007227567107278079
39 0.00770940491442995
40 0.00770940491442995
41 0.007419021413301076
42 0.00772144631275945
43 0.007735005868559587
44 0.00772144631275945
45 0.00772144631275945
46 0.00772144631275945
47 0.008139211681574339
48 0.008139211681574339
49 0.008273174895750754
50 0.008139211681574339
51 0.008438634488486611
52 0.00927026566846918
53 0.00927026566846918
54 0.009101905372798452
55 0.00927026566846918
56 0.009669931203372811
57 0.013780413795193906
58 0.01903378584647602
59 0.016067731858354195
