7 0.0026224485889952036
8 0.0018223685889952035
9 0.001692238711251681
10 0.001692238711251681
11 0.0012854653265408817
12 0.001264222146164366
13 0.001264222146164366
14 0.0012171461389345554
15 0.0012171461389345554
16 0.0012171461389345554
17 0.0012171461389345554
18 0.0012171461389345554
19 0.0012223085889952034
20 0.0013357709921157914
21 0.0012223085889952034
22 0.0013005829246791863
23 0.0015453978504674584
24 0.0016332912979891885
25 0.0020223885889952033
26 0.0016332912979891885
27 0.00205849554042988
