15 0.009094577665381461
16 0.008464428262543103
17 0.007867400944438364
18 0.00788762771213096
19 0.00788762771213096
20 0.007867400944438364
21 0.007543776674530682
22 0.007543776674530682
23 0.00688397582638357
24 0.006658491018753618
25 0.006658491018753618
26 0.006475261673742728
27 0.006475261673742728
28 0.0064701435967924
29 0.0064701435967924
30 0.006076586774285803
31 0.005954541097216294
32 0.005954541097216294
33 0.005954541097216294
34 0.005954541097216294
35 0.005954541097216294
36 0.005954541097216294
37 0.005954541097216294
38 0.006076586774285803
39 0.007400299055705975
40 0.007400299055705975
41 0.008464428262543103
42 0.008461925444656996
43 0.007964165124383055
44 0.007964165124383055
45 0.007964165124383055
46 0.007964165124383055
47 0.007964165124383055
48 0.010241295750136947
51 0.01483419362382967
