14 0.009310718654246429
15 0.00922891038604646
16 0.00922891038604646
17 0.00922891038604646
18 0.00922891038604646
19 0.00922891038604646
20 0.00922891038604646
21 0.00922891038604646
22 0.00922891038604646
23 0.00922891038604646
24 0.00922891038604646
25 0.00922891038604646
26 0.00922891038604646
27 0.00922891038604646
28 0.00922891038604646
29 0.00922891038604646
30 0.00922891038604646
31 0.009230067443376358
32 0.00922891038604646
33 0.00922891038604646
34 0.00922891038604646
35 0.00922891038604646
36 0.00922891038604646
37 0.00922891038604646
38 0.009715860466711955
39 0.009397924303577474
40 0.00922891038604646
41 0.00922891038604646
42 0.009715860466711955
43 0.009715860466711955
44 0.009715860466711955
45 0.009715860466711955
46 0.009715860466711955
47 0.012829101016547365
48 0.012717713759239652
49 0.012717713759239652
50 0.021126087951029167
51 0.014389292465653573
52 0.013072083595092588
