85 0.007405524295138918
86 0.007405524295138918
87 0.006805464295138917
88 0.006205404295138917
89 0.006205404295138917
90 0.006205404295138917
91 0.0064054242951389175
92 0.006807017744383606
93 0.004619947819296497
94 0.004619947819296497
95 0.004617875682168534
96 0.004617875682168534
97 0.004622297014605003
98 0.004418759171548067
99 0.004409215859892967
100 0.0042187391715480665
101 0.0042187391715480665
102 0.0042187391715480665
103 0.0042187391715480665
104 0.0042187391715480665
105 0.004217541988569152
106 0.004017521988569152
107 0.004018719171548067
108 0.004018719171548067
109 0.004018719171548067
110 0.0042091958598929665
111 0.004409215859892967
112 0.0042091958598929665
113 0.0042091958598929665
114 0.0042187391715480665
115 0.004018719171548067
116 0.0042091958598929665
117 0.0042187391715480665
118 0.0042187391715480665
119 0.0042187391715480665
120 0.0042187391715480665
121 0.0046187791715480665
122 0.005809355859892966
123 0.004810205693004278
124 0.007025078955625323
125 0.005221590245130878
126 0.010416048700650642
127 0.0046092358598929664
132 0.006611123373774954
