24 0.01074662177216244
25 0.01074662177216244
26 0.01074662177216244
27 0.009363708214504397
28 0.009363708214504397
29 0.008923328233032771
30 0.008923328233032771
31 0.008923328233032771
32 0.008923328233032771
33 0.008923328233032771
34 0.008923328233032771
35 0.009363708214504397
36 0.009363708214504397
37 0.009363708214504397
38 0.009363708214504397
39 0.009693124114638959
40 0.009880175972592236
41 0.009880175972592236
42 0.010298845864989005
43 0.010298845864989005
44 0.010298845864989005
45 0.010374184771221848
46 0.010410549605204902
47 0.011010622273756423
48 0.011010622273756423
49 0.011010622273756423
50 0.011010622273756423
51 0.01279029450431922
52 0.017579298172016682
53 0.015371450354735612
