12 0.008840822925957916
13 0.005840618452394489
14 0.004936126682472625
15 0.004936126682472625
16 0.004320411462978958
17 0.004320411462978958
18 0.0035680029252746605
19 0.0035680029252746605
20 0.0036111751710985887
21 0.0031597782747112653
22 0.0033048764668653172
23 0.003141171525209852
24 0.0030922879645076127
25 0.0030180426293559505
26 0.0030922879645076127
27 0.0029157798189379486
28 0.0029157798189379486
29 0.0027207303890544312
30 0.0026877620892112077
31 0.002490640178898958
32 0.002490640178898958
33 0.0023851576906940724
34 0.0023851576906940724
35 0.002490640178898958
36 0.002490640178898958
37 0.002490640178898958
38 0.0020412235676856003
39 0.0020412235676856003
40 0.0020412235676856003
41 0.0020412235676856003
42 0.0018789119403381082
43 0.0018286263804867925
44 0.0018286263804867925
45 0.0018286263804867925
46 0.0018286263804867925
47 0.0018286263804867925
48 0.0018789119403381082
49 0.0018789119403381082
50 0.001979103944124047
51 0.001972155212004518
52 0.0019068856032025804
53 0.0019068856032025804
54 0.0019068856032025804
55 0.0019068856032025804
56 0.001972155212004518
57 0.001972155212004518
58 0.0026378228584588662
59 0.002524906111498935
