1 0.016239076947268345
2 0.00825786586681333
3 0.00565760586681333
4 0.0045136025409493845
5 0.0045136025409493845
6 0.0045136025409493845
7 0.0045136025409493845
8 0.0045136025409493845
9 0.0045136025409493845
10 0.0045136025409493845
11 0.0045136025409493845
12 0.0045136025409493845
13 0.0045136025409493845
14 0.0045136025409493845
15 0.0045136025409493845
16 0.0045136025409493845
17 0.0045136025409493845
18 0.0045136025409493845
19 0.0045136025409493845
20 0.0045136025409493845
21 0.0045136025409493845
22 0.004913642540949384
23 0.005113662540949384
24 0.006713822540949385
25 0.006255579220537139
26 0.008099690640252857
27 0.00825786586681333
