20 0.019639596378675954
21 0.019639596378675954
22 0.019639596378675954
23 0.019639596378675954
24 0.019931373779623573
25 0.019931373779623573
26 0.019931373779623573
27 0.019931373779623573
28 0.020135586288142854
29 0.020135586288142854
30 0.020135586288142854
31 0.020135586288142854
32 0.02043465812411416
33 0.02043465812411416
34 0.02043465812411416
35 0.02043465812411416
36 0.02043465812411416
37 0.02043465812411416
38 0.021049992001477762
39 0.02043465812411416
40 0.021452463036029032
41 0.021722853002498224
42 0.021929184436829674
43 0.021929184436829674
44 0.022792260466034726
45 0.022405905837630323
46 0.023326964197802974
47 0.023326964197802974
48 0.02386321130832381
49 0.02386321130832381
50 0.02493107539310772
51 0.02493107539310772
52 0.02493107539310772
53 0.04774933971300778
54 0.04170229204786029
55 0.03380607965569674
56 0.043938441473882525
62 0.04317442579231897
