3 0.007349971690918984
4 0.010348651130459123
5 0.005420008943944054
6 0.013115549321567414
7 0.004948451910137746
8 0.009695692980216091
9 0.004159377348835126
10 0.01750220494092089
11 0.0033886547073983214
12 0.013802508958150191
13 0.0031782106818182567
14 0.00864095766923925
15 0.002846608903077022
16 0.003043861728855807
17 0.0027226171699387966
18 0.0032863116567024265
19 0.0025425685454546054
20 0.0026892993877406903
21 0.0025425685454546054
22 0.002463640429065479
23 0.002276187316566361
24 0.002585265119145525
25 0.002276187316566361
26 0.0022826504876471997
27 0.0021859248869279023
28 0.0021859248869279023
