6 0.029307720216507065
11 0.027678034126123952
16 0.026197720624130342
21 0.023706679113669
26 0.023706679113669
31 0.023706679113669
36 0.023706679113669
40 0.053789316987655836
41 0.023706679113669
42 0.026197720624130342
43 0.0322301372731574
44 0.023706679113669
45 0.024119136152576215
46 0.024295038411802576
47 0.03065422286524622
48 0.024295038411802576
49 0.030896972058612603
50 0.027084884463865998
51 0.02479993433182969
52 0.03540135947548448
53 0.02479993433182969
54 0.04437349227010166
55 0.0332693507591366
56 0.037910380243874275
57 0.03905933274509869
58 0.04665882331837856
