20 0.012590972453370446
21 0.012518212683450772
22 0.012518212683450772
23 0.012590972453370446
24 0.012590972453370446
25 0.012887588922560183
26 0.012887588922560183
27 0.012887588922560183
28 0.01379003395179585
29 0.014111233390921733
30 0.0157327169492037
31 0.018008819370518514
32 0.01857784497584722
33 0.018241408391003622
34 0.02473432211922625
35 0.019660495497287735
36 0.02000978035722182
37 0.024004978887319426
38 0.01914687058117592
39 0.020123439606383485
40 0.01876496588081443
41 0.018207172766672827
42 0.01932275899495603
43 0.01887731902517616
44 0.018282024014059952
45 0.01932275899495603
46 0.0195132296593487
47 0.022056872196038853
48 0.027223155718446884
49 0.0277800679035917
50 0.02801368335772864
51 0.022918652042694006
52 0.022918652042694006
53 0.022918652042694006
54 0.025651849718473854
55 0.03271869263542883
56 0.0371481454885323
57 0.026433643220393436
58 0.05205680548077431
59 0.04367717955963302
60 0.05104128725874893
61 0.023995212746928698
