11 0.02353997890960588
21 0.016124956600410287
31 0.015829499731433713
41 0.01381650871175836
51 0.013808344635326314
61 0.011818367778197406
71 0.011818367778197406
81 0.010886606208188813
91 0.010886606208188813
92 0.0224036258334868
93 0.019054864580070607
94 0.014044368251976653
95 0.02840364735739554
96 0.014186745532809804
97 0.015490304944554861
98 0.013707313464035847
99 0.016374648964904384
100 0.011818367778197406
101 0.010886606208188813
102 0.014653686441321647
103 0.013808344635326314
104 0.011797907059024799
105 0.012336925933157189
106 0.013249259009675688
107 0.013860782283275926
108 0.012778809504816298
109 0.014283575200453515
110 0.015629324332382302
111 0.01292690759306775
112 0.0129615089115752
113 0.013501648546959772
114 0.01292690759306775
115 0.014691905941704726
116 0.017943179277979036
118 0.027102888601153778
120 0.017226015647551593
