7 0.018516337862655535
8 0.008376377458822628
9 0.006868634599445908
10 0.006868634599445908
11 0.006172112620885179
12 0.006172112620885179
13 0.006172112620885179
14 0.006172112620885179
15 0.006172112620885179
16 0.006405465115570245
17 0.006789323882973696
18 0.007229885644745339
19 0.007811261511836187
20 0.008376377458822628
21 0.009528931147235273
22 0.008069591475149983
23 0.009764076889795234
24 0.010415015349114915
25 0.013303658316953586
26 0.009858934970107279
27 0.016047492814301463
