5 0.0029150639123802675
6 0.0018873638010097709
7 0.0018172061389345553
8 0.0017075791021552212
9 0.0015075591021552212
10 0.0014268775860854527
11 0.0013408963148460239
12 0.0012747326096474746
13 0.001215776897656336
14 0.001107519102155221
15 0.0010921787112516809
16 0.0010921787112516809
17 0.0010921787112516809
18 0.0011519519794568073
19 0.0012686196994612002
20 0.0012686196994612002
21 0.0013408963148460239
22 0.001428696441906416
23 0.0016332912979891885
24 0.0016332912979891885
25 0.00185847554042988
26 0.002500702924679186
27 0.00205849554042988
