34 0.0019601703817494973
35 0.0019601703817494973
36 0.0019567060732117686
37 0.001947071328114332
38 0.0018668167734340415
39 0.0014886352743040735
40 0.0014886352743040735
41 0.0014886352743040735
42 0.0014886352743040735
43 0.0014886352743040735
44 0.0014886352743040735
45 0.0014886352743040735
46 0.0014886352743040735
47 0.0014886352743040735
48 0.0014886352743040735
49 0.0014886352743040735
50 0.0014886352743040735
51 0.0014886352743040735
52 0.0014886352743040735
53 0.0014886352743040735
54 0.0014932809608218228
55 0.0014886352743040735
56 0.0014886352743040735
57 0.0014886352743040735
58 0.0014886352743040735
59 0.0014886352743040735
60 0.0014886352743040735
61 0.0014886352743040735
62 0.0014886352743040735
63 0.0014886352743040735
64 0.0019837755915009052
65 0.0018188092162389037
67 0.0019987682877754924
68 0.0019837755915009052
