1 0.04020967361785554
2 0.020607713617855537
3 0.013865075126592899
4 0.010464735126592897
5 0.008646425087576508
6 0.007206373617855537
7 0.006246185087576507
8 0.005289365664979561
9 0.005068207778469654
10 0.004289265664979561
11 0.004250205763926501
12 0.0036936424170352306
13 0.003487897018021412
14 0.003285564045391893
15 0.00307146721607051
16 0.00307146721607051
17 0.00307146721607051
18 0.00307146721607051
19 0.00307146721607051
20 0.00307146721607051
21 0.00307146721607051
22 0.00307146721607051
23 0.00307146721607051
24 0.00307146721607051
25 0.00307146721607051
26 0.00307146721607051
27 0.00307146721607051
28 0.00307146721607051
29 0.00307146721607051
30 0.00307146721607051
31 0.00307146721607051
32 0.0030855440453918933
33 0.003205973617855537
34 0.003285564045391893
35 0.0036883648825512027
36 0.0036976326938787094
37 0.0036980819832769713
38 0.0038746460294166694
39 0.0036472498283617516
40 0.003431148510943761
41 0.0034332226296169784
42 0.0034558721353395113
43 0.0034980619832769714
44 0.004031208510943761
45 0.004033282629616978
46 0.004285664045391893
47 0.004485684045391894
48 0.004033282629616978
49 0.005088504882551203
50 0.005489246292096225
51 0.006273060549977526
52 0.012855246234410646
53 0.006089306292096226
