15 0.0016977623237325573
16 0.0016977623237325573
17 0.0016229730442258593
18 0.0014977423237325573
19 0.0014586711531487506
20 0.0014099606737806819
21 0.0012977223237325573
22 0.0012920325808134805
23 0.0012920325808134805
24 0.0012815983093458984
25 0.0012815983093458984
26 0.00109967090260496
27 0.001209940673780682
28 0.0010628545731198157
29 0.0010628545731198157
30 0.0010628545731198157
31 0.0010628545731198157
32 0.0010229130442258594
33 0.0010144231282014427
34 0.0008980707579843385
35 0.0008779920357145214
36 0.0008776471889952913
37 0.0008779920357145214
38 0.0008677250701943092
39 0.0008652625226136089
40 0.0008677250701943092
41 0.0008678931898007814
42 0.0008628345731198158
43 0.0008407681522334567
44 0.0008235110220149804
45 0.0008228378684627562
46 0.0008228378684627562
47 0.0008148228826519274
48 0.0008122615386633289
49 0.000809900673780682
50 0.0007000394950092506
51 0.0006934669621748987
52 0.0006926173229173751
53 0.0006934669621748987
54 0.0006815383093458983
55 0.0006776271889952913
56 0.0006772960955424938
57 0.0006763854809914269
58 0.0006687878220478931
59 0.0006687878220478931
60 0.0006628145731198158
61 0.0006616001978638245
62 0.0006616001978638245
63 0.0006616001978638245
64 0.0006616001978638245
65 0.0006530322999008973
66 0.000649430497229362
67 0.0006485133755670285
68 0.0006482224343512144
69 0.0006482224343512144
70 0.0006468630087225812
71 0.0006468630087225812
72 0.0006443770902920929
73 0.0006443770902920929
74 0.0006406411993555409
75 0.0006399806023666852
76 0.0006398147395732461
77 0.0006372994666024804
78 0.0006361927846051311
79 0.0006348280102699217
80 0.0006289335448586819
81 0.0006270931418420527
82 0.0006232544842839287
83 0.0006228730442258592
84 0.0006228730442258592
85 0.0006228730442258592
86 0.0006232544842839287
87 0.0006232544842839287
