1 0.008205276113312301
2 0.00425746586681333
3 0.0030047561133123004
4 0.0022572658668133295
5 0.0019133425409493835
6 0.0016572058668133296
7 0.00143999618988344
8 0.0013132825409493834
9 0.0012418141755240679
10 0.0011542600683530314
11 0.0010571458668133297
12 0.0010158320960672435
13 0.0010045561133123007
14 0.0008816362081312948
15 0.0008571258668133295
16 0.000850341814994688
17 0.0008377686449044124
18 0.0008158120960672435
19 0.0008075713856411917
20 0.0007542200683530315
21 0.0007030820539258278
22 0.0006707216588079934
23 0.0006624306773325224
24 0.0006607581227711952
25 0.0006603375472962967
26 0.0006571058668133295
27 0.000656384382151498
28 0.0006550975748742257
29 0.000650321814994688
30 0.0006417541755240679
31 0.00063991618988344
32 0.0006377486449044125
33 0.0006375169472683447
34 0.0006271388265061499
35 0.0006194192052595111
36 0.0006550192205371382
