34 0.02785008898648066
35 0.02844689939044833
36 0.019174172107641586
37 0.018549198813846698
38 0.019174172107641586
39 0.017383047089403043
40 0.017299252226256917
41 0.017383047089403043
42 0.017383047089403043
43 0.017383047089403043
44 0.017299252226256917
45 0.017383047089403043
46 0.017383047089403043
47 0.017383047089403043
48 0.0178797055776717
49 0.0178797055776717
50 0.017383047089403043
51 0.0178797055776717
52 0.01837636406594036
53 0.01837636406594036
54 0.019174172107641586
55 0.01905900082616404
56 0.01960925799262587
57 0.024698621149499667
58 0.04430941040032299
59 0.027747411146551253
60 0.025321086678237157
61 0.0446175180690994
