75 0.0016057191351896807
76 0.0014226564251872747
77 0.0012240048033395577
78 0.0012240048033395577
79 0.0012217088646257661
80 0.0012104986014927013
81 0.0012077726591830213
82 0.0012077726591830213
83 0.0012077726591830213
84 0.0012077726591830213
85 0.0012077726591830213
86 0.0012085341628902942
87 0.0010191814342016116
88 0.0010191814342016116
89 0.0010191814342016116
90 0.0010191814342016116
91 0.0010191814342016116
92 0.0010191814342016116
93 0.0010191814342016116
94 0.0010219240221145149
95 0.0010219240221145149
96 0.0010158523957111843
97 0.0010158523957111843
98 0.0010158523957111843
99 0.0010158523957111843
100 0.0010113809560719923
101 0.0010068020531805238
102 0.0010068020531805238
103 0.0008239648033395577
104 0.0008233929490645757
105 0.0008233929490645757
106 0.0008233929490645757
107 0.0008233929490645757
108 0.0008233929490645757
109 0.0008233929490645757
110 0.0008233929490645757
111 0.0008233929490645757
112 0.0008239648033395577
113 0.0008233929490645757
114 0.0008233929490645757
115 0.0008239648033395577
116 0.0010142001758852081
117 0.0010108049286193185
118 0.001014920103806107
119 0.0010146531995398759
120 0.0010190781099004623
121 0.0010190781099004623
122 0.0010183011348236899
123 0.0012192597384900528
124 0.001022462309814704
