5 0.0020715437369544813
6 0.001830908553691179
7 0.0016308885536911789
8 0.0014958965538128225
9 0.0013112961570309984
10 0.0012503594593696358
11 0.0011536995103313514
12 0.0010714437369544814
13 0.001049245326331273
14 0.0010082203287515538
15 0.0009547583292265567
16 0.0008922259829506941
17 0.0008808482853317404
18 0.0008503194593696359
19 0.0008308085536911789
20 0.0008125176320693313
21 0.0007536595103313512
22 0.0007429434212433627
23 0.0007279575723052496
24 0.0007112361570309985
25 0.0007060980022080597
26 0.0006958165538128226
27 0.0006955958155788174
28 0.0006922059829506941
29 0.0006922059829506941
30 0.0007547383292265566
