33 0.00367665142129136
34 0.002968603479690959
35 0.002912353384647851
36 0.002968603479690959
37 0.002912353384647851
38 0.002912353384647851
39 0.0022300018282966627
40 0.0018789119403381082
41 0.0018789119403381082
42 0.001865589070434462
43 0.0018231097938772702
44 0.0018231097938772702
45 0.0018231097938772702
46 0.001865589070434462
47 0.0018789119403381082
48 0.0017571387397927235
49 0.0016329788541484802
50 0.001693125637753883
51 0.001693125637753883
52 0.001693125637753883
53 0.0018875125372351956
54 0.0018875125372351956
55 0.001938162008470304
56 0.0018231097938772702
57 0.0019581387908351408
58 0.0019426636961647555
59 0.0022300018282966627
60 0.0022810150125711403
61 0.002473879930155059
