12 0.007038937076568647
13 0.005463038690981623
14 0.004285596600079115
15 0.0036385970765686467
16 0.0036385970765686467
17 0.0036383370865270778
18 0.0036385970765686467
19 0.0036663749984430535
20 0.0036663749984430535
21 0.0036663749984430535
22 0.0036663749984430535
23 0.0036663749984430535
24 0.003446093195477921
25 0.003446093195477921
26 0.003446093195477921
27 0.003446093195477921
28 0.003446093195477921
29 0.003469810118994939
30 0.003469810118994939
31 0.003469810118994939
32 0.003469810118994939
33 0.003469810118994939
34 0.003469810118994939
35 0.003469810118994939
36 0.003469810118994939
37 0.003469810118994939
38 0.003469810118994939
39 0.0034702444326938104
40 0.0034702444326938104
41 0.0034702444326938104
42 0.003653305582351428
43 0.0034980803202739412
44 0.003492032559027398
45 0.0034980803202739412
46 0.0034980803202739412
47 0.0034980803202739412
48 0.0034980803202739412
49 0.0034980803202739412
51 0.0062950731207943224
