17 0.010082905612991196
18 0.008710023679978921
19 0.008710023679978921
20 0.008710023679978921
21 0.008710023679978921
22 0.008936460174451622
23 0.008936460174451622
24 0.008936460174451622
25 0.008936460174451622
26 0.008936460174451622
27 0.007190247955669792
28 0.007031217330718396
29 0.0069458250888998424
30 0.0069458250888998424
31 0.0069458250888998424
32 0.0070890892312913956
33 0.0070890892312913956
34 0.0070890892312913956
35 0.0070890892312913956
36 0.007408880094826499
37 0.007408880094826499
38 0.007408880094826499
39 0.007408880094826499
40 0.007408880094826499
41 0.008371422787755278
42 0.007930821588399736
43 0.00816676386304365
44 0.008482225748214212
45 0.00816676386304365
46 0.008482225748214212
47 0.008964571623115002
48 0.008444122563678288
49 0.011348820130022669
53 0.02098101990954917
