6 0.020160738788062918
11 0.014204156873407963
16 0.010761883402664728
21 0.009499635817083248
26 0.009059311647028548
30 0.015396475701743392
31 0.0072808439492464535
32 0.012950523347485456
33 0.010386954419634735
34 0.010538568002851068
35 0.009429689894679209
36 0.0072808439492464535
37 0.010695650953773752
38 0.009272831620297356
39 0.006968644483835173
40 0.008603089439151685
41 0.007887762085469294
42 0.007887762085469294
43 0.008639343777134791
44 0.00849684945379283
45 0.009140784317633014
46 0.01073970990415087
47 0.012607284615982085
50 0.02065192747915071
