1 0.016238704835808537
2 0.008276870009381567
3 0.005676610009381566
4 0.00433470823837418
5 0.0036261735645915275
6 0.0030763500093815657
7 0.0026763100093815657
8 0.0024786766074669435
9 0.0021403948389684614
10 0.0020343209587601182
11 0.0018406624013287411
12 0.0017259193483717746
13 0.0016499205843887115
14 0.0015147726446342476
15 0.0014539559750567739
16 0.001425953564591527
17 0.0012988667406235131
18 0.0012988667406235131
19 0.0012372048358085359
20 0.0012131125305787386
21 0.00113438823837418
22 0.0011258593483717747
23 0.0010751753540362424
24 0.001053915975056774
25 0.0010414112161622794
26 0.001034220958760118
27 0.001034220958760118
28 0.001034220958760118
29 0.001025913564591527
30 0.0011689069416685677
