24 0.00225383155422218
25 0.0016789906427832242
26 0.001490133301383241
27 0.001490133301383241
28 0.0012793456274536733
29 0.0012793456274536733
30 0.0012793456274536733
31 0.0012793456274536733
32 0.0012793456274536733
33 0.0012793456274536733
34 0.0012868182043662075
35 0.0012353085425032577
36 0.0012868182043662075
37 0.0010879085725073187
38 0.0010789306427832243
39 0.0010789306427832243
40 0.0010789306427832243
41 0.0010551320990193546
42 0.0010551320990193546
43 0.0010551320990193546
44 0.0010768014008006453
45 0.0010768014008006453
46 0.0010551320990193546
47 0.0010551320990193546
48 0.0010768014008006453
49 0.0010768014008006453
50 0.0010768014008006453
51 0.0010768014008006453
52 0.0010793256274536733
53 0.0010846205021175761
54 0.0010846205021175761
55 0.0010846205021175761
56 0.0010768014008006453
57 0.0010768014008006453
58 0.0010902151374316265
59 0.001461597957024975
60 0.0012967584882686584
