1 0.08869274888087107
2 0.046563693162457315
3 0.03267133511735342
4 0.023522044580993967
5 0.017825579498489546
6 0.015964694798556795
7 0.013231150076809107
8 0.01161988588549659
9 0.010328787453774746
10 0.009059311647028548
11 0.008311289828478563
12 0.007840681526997989
13 0.0073144780113477805
14 0.0067422343280685235
15 0.006476026494720963
16 0.005819886985539972
17 0.005681827260658363
18 0.005238744988250551
19 0.004900425954373743
20 0.004808411730723383
21 0.004701522717215303
22 0.004436866173076478
23 0.004256384456855749
24 0.003955761188948067
25 0.0038235953062896377
26 0.003818805606908641
27 0.003817470960136863
28 0.004082384215198999
29 0.004082384215198999
30 0.004082384215198999
31 0.004082384215198999
32 0.004082384215198999
33 0.004082384215198999
34 0.004082384215198999
35 0.004082384215198999
36 0.004082384215198999
37 0.004132999455446377
38 0.004132999455446377
39 0.004632480817457707
40 0.004779364609984742
41 0.005357802415294887
42 0.005683124637690055
43 0.005629976649998047
44 0.00684847125624119
45 0.006820534560895888
46 0.007819463556042903
47 0.008637852449589277
48 0.008297430100874673
49 0.008487665553982513
50 0.009631763325812177
51 0.011090551965400701
52 0.00980701030051425
54 0.012784526534712343
