80 0.0036727342102885977
81 0.0036727342102885977
82 0.002875114126717217
83 0.002875114126717217
84 0.002875114126717217
85 0.002455929936723655
86 0.002455929936723655
87 0.002455929936723655
88 0.002455929936723655
89 0.0021073970131124677
90 0.0020543094746352515
91 0.0020519930074635066
92 0.0020543094746352515
93 0.0020960816154011307
94 0.0020429455550127233
95 0.0020706008794260404
96 0.0016881651099805084
97 0.0016881651099805084
98 0.0016881651099805084
99 0.0016881651099805084
100 0.0016881651099805084
101 0.0016960824933795456
102 0.0020241901158869185
103 0.002020373637697758
104 0.0016960824933795456
105 0.002020373637697758
106 0.002020686846380253
107 0.001689524134056983
108 0.001689524134056983
109 0.001689524134056983
110 0.0020417062495663467
111 0.001689524134056983
112 0.0016909263514602148
113 0.00203598372580881
114 0.002073921931504661
115 0.0024297150663010357
116 0.00212427317002261
117 0.0020690287706597007
118 0.002086725397258782
119 0.0033326880454900825
