1 0.09577012855664484
2 0.046990861486339686
3 0.03265521507804678
4 0.024173764830604544
5 0.018604229987413765
6 0.016759772497412846
7 0.016759772497412846
8 0.016759772497412846
9 0.016759772497412846
10 0.016759772497412846
11 0.016759772497412846
12 0.016759772497412846
13 0.017974699924731795
14 0.016759772497412846
15 0.017974699924731795
16 0.016759772497412846
17 0.017717473782979297
18 0.017717473782979297
19 0.017717473782979297
20 0.017717473782979297
21 0.017717473782979297
22 0.01819632442576252
23 0.01819632442576252
24 0.01819632442576252
25 0.01819632442576252
26 0.01819632442576252
27 0.01819632442576252
28 0.01819632442576252
29 0.01819632442576252
30 0.01819632442576252
31 0.018675175068545744
32 0.018675175068545744
33 0.019560240890214242
34 0.02070719097686901
35 0.021693247690053243
36 0.022186276046645366
37 0.022679304403237482
38 0.022983283046001737
39 0.022679304403237482
40 0.023473440675726237
41 0.0363603709148154
42 0.028126562647238063
43 0.03212340148816969
44 0.03351954499482569
45 0.02762715980640519
46 0.03818127302402914
47 0.02842340886064141
48 0.038396534776655944
49 0.036900565889253764
50 0.03989250366405812
51 0.043386495380106485
52 0.03391783514823032
53 0.047330722232843445
55 0.04898282261707017
