44 0.013045525093856682
45 0.013453197753039704
46 0.011007161797941575
47 0.007745780524477405
48 0.008153453183660427
49 0.007745780524477405
50 0.006522762546928341
51 0.007338107865294385
52 0.00611508988774532
53 0.00611508988774532
54 0.006522762546928341
55 0.0052997445693792776
56 0.0044843992510132345
57 0.0052997445693792776
58 0.0036690539326471924
59 0.0040797176532326
60 0.0028537086142811493
61 0.0037835161055792743
62 0.0033631254271815772
63 0.0028537086142811493
64 0.003252148838292873
65 0.0028537086142811493
66 0.0028537086142811493
67 0.0024478305919395605
68 0.0024460359550981282
69 0.0024391116287196548
70 0.0024460359550981282
71 0.0024391116287196548
72 0.0024391116287196548
73 0.0021136579393252683
74 0.0024374895849433127
75 0.0021136579393252683
76 0.0024241390978691373
77 0.0020398588266163
78 0.0020398588266163
79 0.0020383632959151067
80 0.0020383632959151067
81 0.0020325930239330457
82 0.00203388952518777
83 0.0020325930239330457
84 0.002031241320786094
85 0.002031241320786094
86 0.0020208663673149654
87 0.002031241320786094
88 0.0020208663673149654
89 0.002031241320786094
90 0.0020208663673149654
91 0.002031241320786094
92 0.0020208663673149654
93 0.0020208663673149654
94 0.0020308388353045305
95 0.0020308388353045305
96 0.00203388952518777
97 0.00203388952518777
98 0.00203388952518777
99 0.00203388952518777
100 0.00203388952518777
101 0.00203388952518777
102 0.0024370066023654364
103 0.0024890406228366413
104 0.0025204360211901027
105 0.0020820747990112284
106 0.0020820747990112284
107 0.0024308070975309053
108 0.0024312395707502842
109 0.00207966413268858
110 0.00207966413268858
111 0.002519168239179352
112 0.0020742005190305343
113 0.0020742005190305343
114 0.002061949228361256
115 0.0033791365657708803
117 0.0025170474242486858
118 0.0028537086142811493
121 0.002871209448722418
