26 0.00185379155422218
27 0.001689146022255356
28 0.001860854720454311
29 0.00185379155422218
30 0.0016537715542221797
31 0.0014631216928579112
32 0.0014631216928579112
33 0.0014631216928579112
34 0.0014631216928579112
35 0.0014561120420263885
36 0.0012846405021175761
37 0.0012891060222553561
38 0.0012891060222553561
39 0.0012854922307746419
40 0.0012671795032681411
41 0.0012671795032681411
42 0.0012664972676086155
43 0.0012572565951216982
44 0.0012572565951216982
45 0.0012572565951216982
46 0.0012671795032681411
47 0.0012860633031563247
48 0.001469847985084527
49 0.0012860633031563247
50 0.0018493431130534714
51 0.001287280537255965
53 0.001469847985084527
