22 0.0018698879850845272
23 0.0016931683565921192
24 0.0016931683565921192
25 0.0016931683565921192
26 0.001687320537255965
27 0.001641116043466304
28 0.0012987562958007267
29 0.0012902351374316264
30 0.001288805935787583
31 0.001288805935787583
32 0.001288805935787583
33 0.001288805935787583
34 0.001288805935787583
35 0.0012902351374316264
36 0.0014768414008006453
37 0.0014410960434663041
38 0.00129486724661516
39 0.0012410760434663042
40 0.0010931188030011297
41 0.0010931188030011297
42 0.001087260537255965
43 0.001088785935787583
44 0.001087260537255965
45 0.0010931083565921193
46 0.0012742073656430743
47 0.0012846405021175761
48 0.001285765924041189
49 0.0012563030025142283
50 0.0012514968963873237
51 0.0012514968963873237
52 0.0012735560846312808
55 0.001269827985084527
