34 0.02249427702374638
35 0.02249427702374638
36 0.02249427702374638
37 0.02249427702374638
38 0.02249427702374638
39 0.02249427702374638
40 0.02249427702374638
41 0.02249427702374638
42 0.02249427702374638
43 0.02249427702374638
44 0.02249427702374638
45 0.02249427702374638
46 0.022983283046001737
47 0.022983283046001737
48 0.025702715446821706
49 0.034566714131294723
50 0.029970284141673117
51 0.025510762199486305
52 0.03244034089192212
53 0.028984281513006423
54 0.028984281513006423
55 0.04721044650834347
56 0.0473193715332099
