88 0.0008233669399979148
89 0.0008149001038061069
90 0.0008143403517914765
91 0.0008130551694499168
92 0.0008130551694499168
93 0.0008130551694499168
94 0.0008130551694499168
95 0.0008130551694499168
96 0.0008130551694499168
97 0.0008130551694499168
98 0.0008130551694499168
99 0.0008130551694499168
100 0.0008130551694499168
101 0.0008130551694499168
102 0.0008130551694499168
103 0.0008130551694499168
104 0.0008130551694499168
105 0.0008130551694499168
106 0.0008130551694499168
107 0.0008130551694499168
108 0.0008149001038061069
109 0.0008149001038061069
110 0.0008149001038061069
111 0.0008149001038061069
112 0.0008188462895831492
113 0.0008188462895831492
114 0.0008164749598022457
115 0.0008188462895831492
116 0.0008164749598022457
117 0.0008164749598022457
118 0.0008188462895831492
119 0.0008188462895831492
120 0.0008164749598022457
121 0.0008188462895831492
122 0.0008199340200204344
123 0.0008188462895831492
124 0.0008188462895831492
125 0.0008188462895831492
126 0.0008199340200204344
127 0.0008188462895831492
128 0.0008188462895831492
129 0.0008199213731965587
130 0.0008188462895831492
131 0.0008199213731965587
132 0.0008199213731965587
133 0.0008199213731965587
134 0.0008224520707213601
135 0.0010065986047866093
136 0.0008204506783976971
137 0.001010252778388917
