80 0.0016164603956985127
81 0.0012249035124858266
82 0.001220240821028233
83 0.0012160641746764044
84 0.0012160641746764044
85 0.0010226164251872748
86 0.0010226164251872748
87 0.001022462309814704
88 0.0010226164251872748
89 0.0010195315602270201
90 0.0010195315602270201
91 0.0010195315602270201
92 0.0010195315602270201
93 0.0010195315602270201
94 0.0010195315602270201
95 0.0010195315602270201
96 0.0010195315602270201
97 0.0010195315602270201
98 0.0010107463194560086
99 0.001010448115149816
100 0.001010448115149816
101 0.001010448115149816
102 0.0010082303878778036
103 0.0010077526591830213
104 0.0010082303878778036
105 0.0010081708403959274
106 0.0010081708403959274
107 0.0010081615789209555
108 0.001006084005318277
109 0.001006084005318277
110 0.0010052865951250475
111 0.0010052865951250475
112 0.0010052865951250475
113 0.0010052865951250475
114 0.0010052865951250475
115 0.0010052865951250475
116 0.0010052865951250475
117 0.0010052865951250475
118 0.0010052865951250475
119 0.001006084005318277
120 0.001006084005318277
121 0.0010081708403959274
122 0.0010131664989660439
123 0.0010136590046234046
124 0.0010081615789209555
125 0.0010103213357126842
126 0.0010081615789209555
127 0.0012083433027763753
