25 0.016497962092222034
26 0.01605207122486468
27 0.01074662177216244
28 0.01074662177216244
29 0.00985106995781557
30 0.0089555181434687
31 0.0089555181434687
32 0.009062008633982573
33 0.009062008633982573
34 0.009062008633982573
35 0.009062008633982573
36 0.00985106995781557
37 0.009403294050642136
38 0.00985106995781557
39 0.009809599081861749
40 0.00985106995781557
41 0.009363708214504397
42 0.009363708214504397
43 0.00985106995781557
44 0.00953895645682376
45 0.010134498981471406
46 0.010298845864989005
47 0.00985106995781557
48 0.01001590427966495
49 0.010326907020176216
50 0.0107158672206021
51 0.014820263958888353
53 0.02191830338320641
