5 0.0022419141755240677
6 0.002007691385641192
7 0.0016376169472683447
8 0.0014564643821514981
9 0.0014076313856411916
10 0.0012418141755240679
11 0.0012375769472683447
12 0.0010551375748742257
13 0.0010375569472683447
14 0.00102717882650615
15 0.000850341814994688
16 0.000850341814994688
17 0.0008417741755240678
18 0.0008377686449044124
19 0.0008375369472683447
20 0.0008375369472683447
21 0.0008377686449044124
22 0.000850341814994688
23 0.000850341814994688
24 0.000850341814994688
25 0.0009039944220345336
26 0.0010096700767706795
