9 0.0038893660222553564
10 0.0036433194352893453
11 0.002689774697708785
12 0.002689774697708785
13 0.002493562139400093
14 0.0022632016928579115
15 0.0020687874606011
16 0.002243179435289345
17 0.0020687874606011
18 0.0018461603656593328
19 0.001843139435289345
20 0.001843139435289345
21 0.001843139435289345
22 0.0016834472534687232
23 0.0016608347204543107
24 0.0014896546977087853
25 0.0014896546977087853
26 0.001490133301383241
27 0.0014931483565921192
28 0.001490133301383241
29 0.0016561320420263885
30 0.0012948759860310119
31 0.0012948759860310119
32 0.0012948759860310119
33 0.0012934421394000927
34 0.0012934421394000927
35 0.0012934421394000927
36 0.0012901133013832411
37 0.0012901133013832411
38 0.0012901133013832411
39 0.0012789506427832243
40 0.0012461003656593327
41 0.0012461003656593327
42 0.0012461003656593327
43 0.0012461003656593327
44 0.0012461003656593327
45 0.0012461003656593327
46 0.0012461003656593327
47 0.0012901133013832411
48 0.0012896346977087853
49 0.0012931388030011297
50 0.0012891249555871287
51 0.0012891249555871287
52 0.0012879285725073187
53 0.0012879285725073187
54 0.0012879285725073187
55 0.0012492831130534714
56 0.0014461203656593326
