1 0.09477599389471461
2 0.04596635703893658
3 0.030228686080790233
4 0.022746238534731504
5 0.018573579878036192
6 0.015596844650378146
7 0.013492810518411332
8 0.012101282684838562
9 0.010251981774073894
10 0.009959379823348179
11 0.008509373537538563
12 0.007738199789015355
13 0.007232967506907778
14 0.006943894061671842
15 0.006943894061671842
16 0.006943894061671842
17 0.006943894061671842
18 0.006943894061671842
19 0.006943894061671842
20 0.006943894061671842
21 0.006943894061671842
22 0.007410131979444176
23 0.007377887440526333
24 0.007377887440526333
25 0.007377887440526333
26 0.007377887440526333
27 0.007377887440526333
28 0.00751047783285543
29 0.00751047783285543
30 0.00751047783285543
31 0.00751047783285543
32 0.0077944075170018915
33 0.0077944075170018915
34 0.0077944075170018915
35 0.00791787626980653
36 0.008398149576703401
37 0.01086819356985146
38 0.011897770977377028
39 0.01136220236848107
40 0.009653730320962848
41 0.009653730320962848
42 0.009700258945148511
43 0.009700258945148511
44 0.009700258945148511
45 0.009731845806715952
46 0.010681903913511037
47 0.010326907020176216
48 0.011138083606930298
49 0.011343159778710327
50 0.0165033495249465
51 0.012040782452275203
52 0.013669309032098526
53 0.015490360530264324
