27 0.01179330951222991
28 0.010607214001267054
29 0.01179330951222991
30 0.010607214001267054
31 0.008047510370040334
32 0.009500887513045075
33 0.008047510370040334
34 0.008047510370040334
35 0.008047510370040334
36 0.008047510370040334
37 0.0075623627012144316
38 0.0075623627012144316
39 0.0075623627012144316
40 0.00760071001043606
41 0.0075623627012144316
42 0.0075623627012144316
43 0.00760071001043606
44 0.008047510370040334
45 0.008047510370040334
46 0.008047510370040334
47 0.008047510370040334
48 0.008047510370040334
49 0.012423275085172804
50 0.010458787474102439
51 0.013809608466035198
53 0.019349899260354457
