24 0.0018553218292689973
25 0.0012960438978752264
26 0.001291812559027398
27 0.0012716912723476546
28 0.0012716912723476546
29 0.0012716912723476546
30 0.0012716912723476546
31 0.001059302161716264
32 0.001059302161716264
33 0.0010481332758262496
34 0.0010472826028312017
35 0.0010472826028312017
36 0.001059302161716264
37 0.001059302161716264
38 0.0010608618471821406
39 0.0010661149984430532
40 0.0010661149984430532
41 0.0010661149984430532
42 0.0010661149984430532
43 0.0010661149984430532
44 0.0010661149984430532
45 0.0010661149984430532
46 0.001081668166290609
47 0.0012885905561256794
48 0.0016980213375993069
49 0.001215989377880259
50 0.001215989377880259
51 0.001215989377880259
52 0.0012892765183029422
