81 0.0016219970146050026
82 0.0016219970146050026
83 0.0016219970146050026
84 0.0014063224831520128
85 0.0014063224831520128
86 0.001404844499133448
87 0.0014063224831520128
88 0.0012108228534061217
89 0.0012108228534061217
90 0.001404844499133448
91 0.0012194447654609245
92 0.0012119861426185198
93 0.0012059227431860952
94 0.0012059227431860952
95 0.0012059227431860952
96 0.0012059227431860952
97 0.0012059227431860952
98 0.001022397600390616
99 0.0012059227431860952
100 0.0010155639216311923
101 0.0010209382055388534
102 0.0010209382055388534
103 0.0010163623151101756
104 0.0010185316265484098
105 0.0010163623151101756
106 0.0010185316265484098
107 0.0010202727414971248
108 0.0010187072070236946
109 0.0010187072070236946
110 0.0012057334132745193
111 0.0010244789556253225
112 0.001203431538085917
113 0.0012082021485843863
114 0.0012100364285318123
115 0.0012162929701758805
116 0.0012075667587887503
117 0.0012122395646719144
118 0.0012122395646719144
120 0.0012171792039384665
