15 0.007335813363647492
16 0.005451273506771455
17 0.0054167627566478836
18 0.004217467145409901
19 0.003614703235462001
20 0.003386251275507766
21 0.0035340433880087004
22 0.0033831507742810626
23 0.0031934210175995964
24 0.0030173903873327557
25 0.0027459567777155447
26 0.0024290135033421343
27 0.0022713639611547727
28 0.0022087771175054375
29 0.0021552788480948253
30 0.0021552788480948253
31 0.002114477677782421
32 0.0019701669006669635
33 0.0019468728174648294
34 0.0019468728174648294
35 0.0019468728174648294
36 0.0019468728174648294
37 0.0019468728174648294
38 0.0019468728174648294
39 0.0019468728174648294
40 0.0019468728174648294
41 0.0019468728174648294
42 0.0019487221490238592
43 0.001951314290029274
44 0.001951314290029274
45 0.0022569844819366183
46 0.0022569844819366183
47 0.002288297314762954
48 0.0023547657552634616
49 0.0023547657552634616
50 0.0023836070040032255
51 0.0023836070040032255
52 0.002426961153873209
53 0.002307389785124874
54 0.002307389785124874
55 0.0038864216053474147
56 0.0028074366245086834
