1 0.02022616344001521
2 0.010259198608819613
3 0.007010849300968785
4 0.005300192071943874
5 0.004300092071943874
6 0.003658538608819612
7 0.003224463440015207
8 0.0028382570865270774
9 0.0026104093009687843
10 0.0024103893009687844
11 0.0022103693009687844
12 0.00202291670911694
13 0.001858358608819612
14 0.0018103293009687842
15 0.0016780894132862048
16 0.0016157044914239282
17 0.0014886105561256794
18 0.001454822304059726
19 0.0014383770765686462
20 0.0014088316884689103
21 0.0012780494132862048
22 0.0012608818471821406
23 0.001246549331688545
24 0.0012222203314294583
25 0.0010962917581013578
26 0.0010877118674231855
27 0.001063597925462146
28 0.0010589130913269717
29 0.0010428886454880034
30 0.0010240433859618086
31 0.0010205797929481815
32 0.0010133029677733294
33 0.0010045128500209776
34 0.0008962717581013579
35 0.0008854495966164303
36 0.0008763095443864138
37 0.0008658868762047175
38 0.0008608418471821405
39 0.0008536582461332221
40 0.0008465093316885449
41 0.0008395890209942296
42 0.0008374390666751128
43 0.0008331351269229266
44 0.0008221803314294581
45 0.0008196096045168149
46 0.0008159493778802588
47 0.0008102293009687842
48 0.0008098210144268331
49 0.0008066760636533698
50 0.0008044928500209774
51 0.0006962517581013579
52 0.0006959838978752264
53 0.0006885305561256793
54 0.0006791426880974377
55 0.0006762895443864138
56 0.0006716312723476546
57 0.0006695301189949389
58 0.0006660749984430532
59 0.0006635579254621461
60 0.0006625586909816234
61 0.0006608218471821405
62 0.0006588730913269715
63 0.0006582386088196117
64 0.0006552018292689972
65 0.000654742304059726
66 0.0006536382461332221
67 0.0006530055823514274
68 0.0006472426028312016
69 0.0006464893316885449
70 0.0006395690209942297
71 0.0006387784315657886
72 0.0006374190666751129
73 0.0006372034336684658
74 0.0006395690209942297
75 0.0006464893316885449
76 0.0006716312723476546
77 0.0006331151269229267
78 0.0006252648447135795
79 0.0006241169338465576
80 0.0006380370865270776
