24 0.008639867913388971
25 0.008185138023210603
26 0.007891862182223354
27 0.00778029146488692
28 0.00778029146488692
29 0.007475521034345816
30 0.006453262210463311
31 0.006453262210463311
32 0.006453262210463311
33 0.006453262210463311
34 0.006453262210463311
35 0.006453262210463311
36 0.006453262210463311
37 0.006453262210463311
38 0.006453262210463311
39 0.006549095934351032
40 0.006549095934351032
41 0.006549095934351032
42 0.006549095934351032
43 0.006549095934351032
44 0.00697714554906474
45 0.006634260638100777
46 0.006949666995883565
47 0.00647877800984583
48 0.00647877800984583
49 0.00647877800984583
50 0.00647877800984583
51 0.00647877800984583
52 0.00647877800984583
53 0.006681585319148127
54 0.00747551308828365
55 0.00747551308828365
