2 0.009864535885032954
3 0.006150420922894547
4 0.004917570081274308
5 0.0037501809228945465
6 0.0035174300812743074
7 0.002775376733782532
8 0.0025051477960698876
9 0.0023051277960698877
10 0.0023051277960698877
11 0.0023051277960698877
12 0.0023051277960698877
13 0.0023051277960698877
14 0.0023051277960698877
15 0.0023051277960698877
16 0.0023051277960698877
17 0.0023051277960698877
18 0.0023051277960698877
19 0.0023051277960698877
20 0.0023051277960698877
21 0.0023051277960698877
22 0.002517330081274307
23 0.0027051677960698876
24 0.0026638158850329535
