26 0.010319191136860629
27 0.0101947544973645
28 0.009827801082724408
29 0.009681746151479228
30 0.009681746151479228
31 0.008759675089433587
32 0.008759675089433587
33 0.008759675089433587
34 0.00826265681932302
35 0.00826265681932302
36 0.007989534560179699
37 0.00826265681932302
38 0.007989534560179699
39 0.007989534560179699
40 0.007989534560179699
41 0.007989534560179699
42 0.007862240866179525
43 0.007862240866179525
44 0.007862240866179525
45 0.007862240866179525
46 0.007862240866179525
47 0.008548874761196699
48 0.009258263503949257
49 0.009756066846262375
50 0.010848490753153662
51 0.011613583331915176
54 0.02392830373562812
