27 0.15706292654456694
28 0.14989366647087923
29 0.14104412946708014
30 0.14104412946708014
31 0.14104412946708014
32 0.16498101690957387
33 0.16498101690957387
34 0.16498101690957387
35 0.16498101690957387
36 0.16498101690957387
37 0.16498101690957387
38 0.16498101690957387
39 0.16498101690957387
40 0.16498101690957387
41 0.16498101690957387
42 0.18038618825999536
43 0.16498101690957387
44 0.18038618825999536
45 0.16498101690957387
46 0.16498101690957387
47 0.18038618825999536
48 0.18038618825999536
49 0.18038618825999536
50 0.18038618825999536
51 0.18038618825999536
52 0.18038618825999536
53 0.18038618825999536
54 0.20326999673083299
55 0.36518488432000723
56 0.40230676175421387
57 0.40230676175421387
58 0.40230676175421387
59 0.40230676175421387
