5 0.002351839932025222
6 0.0020035973501023293
7 0.0020864589140807857
8 0.0015919286147636144
9 0.001545865724732876
10 0.0014352901640957657
11 0.0013919086147636144
12 0.001345845724732876
13 0.0012352701640957657
14 0.0012035173501023292
15 0.0011753173720745035
16 0.0011066048210509655
17 0.0010324047704045435
18 0.001011733966747968
19 0.0010324047704045435
20 0.0010324047704045435
21 0.0010262016104402305
22 0.0011916522687197722
23 0.001287739619295506
24 0.001483295846567518
26 0.0016833158465675182
