9 0.42988545730143524
11 0.41774346752103225
12 0.5758973973300787
13 0.28946225367753475
14 0.26167575763680273
15 0.3006247789033236
16 0.3141258530891339
17 0.23709764372815342
18 0.2801247616234207
19 0.1806458237928788
20 0.2540137215103323
21 0.22625858611886274
22 0.34030300751322834
23 0.36116857905400035
24 0.40230676175421387
25 0.3399695522940193
26 0.5342264121149316
27 0.40230676175421387
28 0.40230676175421387
29 0.40767071047556325
30 0.4773582586458547
31 0.40230676175421387
32 0.40230676175421387
33 0.40230676175421387
34 0.4769176563626653
35 0.4773582586458547
36 0.40230676175421387
37 0.40230676175421387
38 0.40230676175421387
39 0.4773582586458547
41 0.40230676175421387
42 0.40230676175421387
43 0.5342264121149316
45 0.4259718653868147
46 0.36518488432000723
47 0.40230676175421387
48 0.40230676175421387
49 0.40230676175421387
50 0.40230676175421387
51 0.40230676175421387
52 0.40230676175421387
53 0.40230676175421387
54 0.40230676175421387
55 0.40230676175421387
56 0.40230676175421387
57 0.40767071047556325
58 0.40230676175421387
59 0.5342264121149316
60 0.5342264121149316
61 0.5035932305874604
