2 0.011333953339553176
3 0.005933413339553175
4 0.005017003202988095
5 0.003933213339553175
6 0.0032168232029880944
7 0.002908404248315847
8 0.0027251349265291986
9 0.0027251349265291986
10 0.0027251349265291986
11 0.0027251349265291986
12 0.0027251349265291986
13 0.0027251349265291986
14 0.0027251349265291986
15 0.0027251349265291986
16 0.0027251349265291986
17 0.0027251349265291986
18 0.0027251349265291986
19 0.002733093339553175
20 0.002733093339553175
21 0.0028955725245292984
22 0.0027352774366499917
23 0.002908404248315847
24 0.0031251749265291985
25 0.00507660318102537
26 0.004295712524529299
