2 0.00461903013878015
3 0.00321889013878015
4 0.0026579815691913414
5 0.002066378834593625
6 0.0016769837322435938
7 0.0016605408240585788
8 0.001466318834593625
9 0.0013474595617651256
10 0.0012082869566180953
11 0.0012186901387801498
12 0.0010578215691913414
13 0.00105448210537149
14 0.001004853592214811
15 0.001004853592214811
16 0.0008840528841247894
17 0.0008449706416410064
18 0.0008360207426066281
19 0.0008360207426066281
20 0.0008115363367990054
21 0.0007961806155454901
22 0.0007961806155454901
23 0.0007961806155454901
24 0.0007961806155454901
25 0.0007961806155454901
26 0.0007961806155454901
27 0.0007961806155454901
