11 0.02491448393630794
21 0.017133449873144045
31 0.01358066497329898
41 0.01309970677379987
51 0.01309970677379987
61 0.012587239066913117
71 0.011799427075359607
81 0.011018452690690034
87 0.020352989920554548
90 0.015896915147882218
91 0.011018452690690034
92 0.015614412380888964
93 0.01309970677379987
94 0.013972897759684622
95 0.015803057209876847
96 0.01411914780382549
97 0.01162645771639934
98 0.015498941566111476
99 0.011799427075359607
100 0.013355477817498709
101 0.011018452690690034
102 0.013719160862201048
103 0.012595279317331051
104 0.011018452690690034
105 0.013135269048034824
106 0.014368210905468906
107 0.012638265666663148
108 0.014338840690410783
109 0.017726502285870808
110 0.012648141901639508
111 0.012796351662833362
112 0.012796351662833362
113 0.023559208349106662
114 0.01730113572532338
115 0.021876310007541616
