1 0.0421070127708275
2 0.021474576513122026
3 0.014806490973275192
4 0.011246579054426402
5 0.00911984084052777
6 0.007755451042741878
7 0.006560504448415401
8 0.005827991088494267
9 0.0051726692354275815
10 0.004686074606011001
11 0.004217467145409901
12 0.003913189692181075
13 0.0037192444580032295
14 0.0034484461569517207
15 0.003275342728593464
16 0.0030173903873327557
17 0.002912353384647851
18 0.0027372180150853683
19 0.0025863346177137907
20 0.002473879930155059
21 0.0024283296202059447
22 0.0022810150125711403
23 0.002204880217331521
24 0.002116407047192354
25 0.001979103944124047
26 0.0019487221490238592
27 0.001941568923098567
28 0.0018286263804867925
29 0.0017968045613528656
30 0.0017391954187471444
31 0.0016771890826394087
32 0.0016635746978440915
33 0.001652997536890324
34 0.0014800264182002784
35 0.0014615416117678944
36 0.0014561766923239254
37 0.001422322096929223
38 0.0014012385098044232
39 0.001389005078573734
40 0.0013651562970580634
41 0.0013608946626665391
42 0.0013537902954516546
43 0.0013441825274816738
44 0.0013056256275097728
45 0.0012910265695683769
46 0.0012740627485355932
47 0.0012567562294971218
48 0.0012476810233830685
49 0.0012397481526677432
50 0.0009933169765373167
51 0.0009790693954175704
52 0.0009781084484863324
53 0.000975657145014637
54 0.0009743610745119296
55 0.0009719266063126495
56 0.0009713318480823777
57 0.0009635870366999733
58 0.0009437562686175978
59 0.0009394559701690541
60 0.000932794535217231
61 0.00091916285532284
62 0.0009124060050284561
63 0.0009119840840527769
64 0.0009115548969386351
65 0.0009085455844619092
66 0.0009072631084443593
67 0.0009025268636344364
68 0.0008983662261069425
69 0.0008962563154267641
70 0.0008957186657153357
71 0.0008920806955689919
72 0.0008859588705786897
73 0.0008835108470021751
74 0.000882449529128773
75 0.0008819520869326083
76 0.0008711250002603361
77 0.0008695977093735722
78 0.0008671845944164787
79 0.0008621115392379302
80 0.0008517895526834016
81 0.0008493751656903955
82 0.0008457910711129684
83 0.0008441255990170359
84 0.0008424979118917247
85 0.0008424755262899169
86 0.0008421424595097243
87 0.00084214025541655
88 0.0008385945413197044
89 0.0008378374863314145
90 0.0008358532621617815
91 0.0008317873489220457
92 0.0008302133929663193
93 0.0008294657540679208
94 0.000827515573367352
95 0.0008274665024603778
96 0.000826498768445162
97 0.0008250876909545494
98 0.0008250162126086636
99 0.0008164894270742401
100 0.0004986562958007265
