4 0.0026950851910137745
5 0.0021906149155818577
6 0.0019649357845663872
7 0.0016949851910137747
8 0.0014949651910137747
9 0.0014064031509845175
10 0.0013117322257692556
11 0.001170414881189182
12 0.001092872910974244
13 0.0010749504427030746
14 0.0010357021363636514
15 0.0009703948811891818
16 0.0009648357845663869
17 0.0008949051910137746
18 0.0008927880858130958
19 0.0008594332306824364
20 0.0008539430731434077
21 0.0008509784593196823
22 0.0008356821363636514
23 0.000817251262088518
24 0.0008063431509845175
25 0.0007703748811891818
26 0.0007697458636965046
27 0.0007697458636965046
28 0.0007904749155818575
29 0.0012008747251499518
