63 0.0010099021297680247
64 0.0010052865951250475
65 0.0010052865951250475
66 0.0010065986047866093
67 0.0008238584929420938
68 0.000823376234965763
69 0.0008226311862516086
70 0.0008219040221145149
71 0.0008216688646257662
72 0.0008195441058540362
73 0.0008224520707213601
74 0.000815829905112274
75 0.0008149001038061069
76 0.0008148443863009321
77 0.0008138657541319402
78 0.0008130077799592779
79 0.0008124498456722512
80 0.0008122015191436143
81 0.0008110086702412006
82 0.0008103013357126842
83 0.0008084941628902941
84 0.0008082592845266001
85 0.0008081430656849894
86 0.0008081415789209553
87 0.0008081415789209553
88 0.0008077326591830213
89 0.000806837905037554
90 0.0008065025655178143
91 0.0008064157106286568
92 0.0008059819296972266
93 0.0008056391351896808
94 0.0008055527965908087
95 0.0008052665951250473
96 0.0008050125110501727
97 0.000804233273462993
98 0.000804191439593946
99 0.0008040831829781896
100 0.0006248826853920359
101 0.0006243568065330105
102 0.0006229729123427407
103 0.0006220812774951272
104 0.0006218699848572125
105 0.000620969829083986
106 0.0006208524154650975
107 0.0006201808210282332
108 0.0006194820634438581
109 0.0006191997384900527
110 0.0006190381099004624
111 0.0006191997384900527
112 0.0006192563230802262
113 0.000619085401586452
114 0.0006182611348236898
115 0.0006182399494423697
116 0.0006168473403508357
117 0.0006168280943951857
118 0.0006166260056862604
119 0.0006158123957111843
120 0.000615635813081457
121 0.0006146131995398759
122 0.0006143883724143342
123 0.0006138457541319402
124 0.0006136190046234046
125 0.0006129877799592779
126 0.0006128039440779846
127 0.0006124298456722512
128 0.0006122982591497685
129 0.00061197180298389
130 0.0006119525219249193
131 0.0006118852783866483
132 0.00061128232607688
133 0.0006109886702412007
134 0.0006109886702412007
135 0.0006108067379223433
136 0.0006107649286193186
137 0.0006104386014927014
138 0.000610408115149816
139 0.0006103764761343667
140 0.0006103019229143204
141 0.0006098621297680247
142 0.0006098258666740429
143 0.0006099446013310424
144 0.0006098621297680247
145 0.0006098258666740429
146 0.0006097126981715092
147 0.0006094418684471698
148 0.0006088518615746095
149 0.0006086291110025447
150 0.0006084741628902942
151 0.0006082833027763754
152 0.0006081903878778035
153 0.0006081308403959272
154 0.0006081230656849895
155 0.0006081215789209553
156 0.0006080117653232602
157 0.0006079588176769564
158 0.0006079427819929342
159 0.0006077126591830214
160 0.0006073197339543229
161 0.0006072367451617621
162 0.0006077126591830214
163 0.0006072367451617621
165 0.0006224210335142458
166 0.0006143203517914765
