28 0.0018668641933585106
29 0.0016668441933585104
30 0.0014668241933585104
31 0.0014240833859618086
32 0.0012854895966164302
33 0.0012854895966164302
34 0.0012792026880974377
35 0.0012668041933585105
36 0.0012240633859618086
37 0.0010962917581013578
38 0.0010962917581013578
39 0.0010892565183029423
40 0.0010892565183029423
41 0.0010871529468449899
42 0.0010791826880974377
43 0.0010791826880974377
44 0.0010791826880974377
45 0.0010791826880974377
46 0.0010791826880974377
47 0.0010791826880974377
48 0.0010791826880974377
49 0.0010791826880974377
50 0.0010854695966164302
51 0.0010885705561256794
52 0.0010854695966164302
53 0.0010885705561256794
54 0.0010854695966164302
55 0.0010854695966164302
56 0.001081668166290609
57 0.001081165611868676
58 0.001081165611868676
59 0.001081165611868676
60 0.001081165611868676
61 0.001081165611868676
62 0.001081165611868676
64 0.001097840320273941
65 0.001097840320273941
67 0.001097840320273941
