1 0.016265175885032956
2 0.00830388313052029
3 0.005664115885032954
4 0.004664015885032954
5 0.0036407368617967645
6 0.0031938743947650906
7 0.0027033231305202904
8 0.0024745400015347874
9 0.0022637758850329536
10 0.0022637758850329536
11 0.0022637758850329536
12 0.0022637758850329536
13 0.0022745200015347874
14 0.0022745200015347874
15 0.0022637758850329536
16 0.0023051277960698877
17 0.002363006553306117
18 0.0023634176587072086
19 0.002363006553306117
20 0.0025051477960698876
21 0.0025051477960698876
22 0.0032638758850329535
23 0.003646900459258231
24 0.005717650081274308
