15 0.011627267673611243
16 0.006970338726390296
17 0.006844837729956416
18 0.006819715421086009
19 0.006819715421086009
20 0.006819715421086009
21 0.006819715421086009
22 0.00688397582638357
23 0.00688397582638357
24 0.00688397582638357
25 0.00688397582638357
26 0.00688397582638357
27 0.00688397582638357
28 0.006976689187853611
29 0.0071521959612749035
30 0.0071521959612749035
31 0.0071521959612749035
32 0.0071521959612749035
33 0.007306094202674846
34 0.007306094202674846
35 0.007306094202674846
36 0.007306094202674846
37 0.007306094202674846
38 0.007306094202674846
39 0.007394776955127463
40 0.008767313043209815
41 0.007551892881302667
42 0.008767313043209815
43 0.00780677674917649
44 0.00780677674917649
45 0.00780677674917649
46 0.00780677674917649
47 0.00849684945379283
48 0.009428023403925798
49 0.010418208394082829
50 0.012732964353386673
51 0.012289369390262924
