17 0.008063748501427126
18 0.0073273583418851885
19 0.007000562900377655
20 0.007186540321461565
21 0.007212617596085075
22 0.007443176371520367
23 0.0073273583418851885
24 0.007212617596085075
25 0.007568996273067266
26 0.007568996273067266
27 0.0078021098787709655
28 0.007568996273067266
29 0.007568996273067266
30 0.007223822494359132
31 0.007223822494359132
32 0.007223822494359132
33 0.0064236632785776016
34 0.006359294737938248
35 0.006359294737938248
36 0.006359294737938248
37 0.006359294737938248
38 0.006359294737938248
39 0.00637226560976596
40 0.0063922632673561715
41 0.006968644483835173
42 0.006968644483835173
43 0.007105533514419686
44 0.008351605812844545
45 0.010144150260605847
46 0.010258301678639264
47 0.008316000811150017
48 0.008994457294989716
49 0.009081038852437889
51 0.008616305339297211
52 0.011740236439270612
