32 0.001487300537255965
33 0.0014896546977087853
34 0.001487300537255965
35 0.0012771315381388147
36 0.0012901133013832411
37 0.00125968142766142
38 0.00125968142766142
39 0.0010902151374316265
40 0.0010902151374316265
41 0.00125968142766142
42 0.0012410760434663042
43 0.0010902151374316265
44 0.0012410760434663042
45 0.0010891342242431662
46 0.0010773544308732605
47 0.0010771115381388147
48 0.0010771115381388147
49 0.0010771115381388147
50 0.0008897414397322928
51 0.0008897414397322928
52 0.0008897414397322928
53 0.0008897414397322928
54 0.0008897414397322928
55 0.0008897414397322928
56 0.0008900733013832412
57 0.0008956329965728344
58 0.0008956329965728344
59 0.0008956329965728344
60 0.0008956329965728344
61 0.0010771115381388147
62 0.0010987362958007267
63 0.0008987162958007265
64 0.0010934221394000927
65 0.0010931083565921193
66 0.0010948559860310119
68 0.0016855322307746418
