1 0.008378554640591273
2 0.004378154640591273
3 0.0030708670679429222
4 0.002421107639477596
5 0.0020424818592461114
6 0.0017702407651727487
7 0.0015702207651727487
8 0.0013778546405912725
9 0.001286563520462166
10 0.0012091247800398493
11 0.0011112761570309985
12 0.001072645724591851
13 0.0010299999554268327
14 0.0009701607651727486
15 0.0009536795103313512
16 0.0009061180022080597
17 0.0008808482853317404
18 0.0008503194593696359
19 0.0008299799554268326
20 0.0008090847800398492
21 0.0007701407651727486
22 0.0007629544144096055
23 0.0007429434212433627
24 0.0007279575723052496
25 0.0007060980022080597
26 0.0007005341881261887
27 0.0007005341881261887
28 0.0007547383292265566
29 0.0007547383292265566
