1 0.016285507109245756
2 0.008484727109245757
3 0.005839012155896642
4 0.0044828339972980205
5 0.003487867145937306
6 0.0030768440561114063
7 0.0026768040561114064
8 0.002297367256378717
9 0.002089063893821605
10 0.001893609397014743
11 0.001893609397014743
12 0.0018691650282748116
13 0.0018691650282748116
14 0.0018782018439941124
15 0.0018925020065094242
16 0.0018836633828171
17 0.0022889048644165583
18 0.0024936693970147427
19 0.002889143893821605
20 0.003650383815529405
21 0.0038927020065094246
