21 0.005450325763926501
22 0.005282975034589584
23 0.005282975034589584
24 0.005282975034589584
25 0.005282975034589584
26 0.005282975034589584
27 0.004489146292096226
28 0.004489146292096226
29 0.004489146292096226
30 0.004489146292096226
31 0.004489146292096226
32 0.004489146292096226
33 0.004489146292096226
34 0.004489146292096226
35 0.004489146292096226
36 0.004489146292096226
37 0.004489146292096226
38 0.004489146292096226
39 0.004489146292096226
40 0.004489146292096226
41 0.004489146292096226
42 0.004489146292096226
43 0.0046891662920962255
44 0.0046891662920962255
45 0.0046891662920962255
46 0.004689383934165546
47 0.0052860973565184224
48 0.005683015034589584
49 0.006283075034589584
50 0.006861001848264276
51 0.007684838030243351
