29 0.012714479381004918
30 0.012478576158568205
31 0.012478576158568205
32 0.010696440145576802
33 0.009354687709093132
34 0.010454568362367904
35 0.010454568362367904
36 0.008793719878628741
37 0.008842784838198215
38 0.00996046367938622
39 0.009948816441568715
40 0.008463222007631159
41 0.008463222007631159
42 0.008463222007631159
43 0.008463222007631159
44 0.008463222007631159
45 0.008463222007631159
46 0.008463222007631159
47 0.008463222007631159
48 0.008961058596315345
49 0.010857138048588063
50 0.010454568362367904
51 0.013921473439370152
52 0.02017856920425149
53 0.011875958088746768
55 0.017785150425311213
