51 0.015181498862348795
52 0.013824134454881341
53 0.013824134454881341
54 0.012229540750225417
55 0.012229540750225417
56 0.012148481793683604
57 0.011729568628384167
58 0.011729568628384167
59 0.011807832448493505
60 0.011857831019557941
61 0.012148481793683604
62 0.011729568628384167
63 0.011729568628384167
64 0.013072957353689237
65 0.014243047620180777
66 0.013072957353689237
67 0.012651249051957327
68 0.012651249051957327
69 0.013405221289581905
70 0.013072957353689237
71 0.013405221289581905
72 0.013072957353689237
73 0.013380326215258387
74 0.0108917422977853
75 0.010624175132511283
76 0.010570603550032514
77 0.010472829132485865
78 0.010472829132485865
79 0.0108917422977853
80 0.00885587433637013
81 0.008012457732906307
82 0.007996305905238213
83 0.007959350140689256
84 0.007959350140689256
85 0.008012457732906307
86 0.008012457732906307
87 0.008012457732906307
88 0.008523770890862724
89 0.008063580156881123
90 0.008293053175244086
91 0.008063580156881123
92 0.008293053175244086
93 0.008063580156881123
94 0.00843416603463822
95 0.00843416603463822
96 0.008293053175244086
97 0.008293053175244086
98 0.008293053175244086
99 0.008523770890862724
100 0.008293053175244086
101 0.009292235901743391
102 0.00927758263810204
103 0.009961035865840791
104 0.009499170599211664
105 0.009906569077604106
106 0.008792644538493738
107 0.009906569077604106
108 0.00969929093983395
109 0.009346784873052707
110 0.009251190554975912
111 0.012732227465615552
112 0.010542707543297773
113 0.0130862809807899
114 0.010947040582769036
115 0.009292235901743391
116 0.014165466558346194
117 0.011631388850181843
118 0.014742897438616703
119 0.012305887931892062
120 0.010947040582769036
121 0.01531842655549012
122 0.011950611041743532
123 0.012239983349780159
124 0.01340896364032335
125 0.014706685081677454
126 0.017423093262984597
