5 0.004451338459319682
6 0.004057622331340486
7 0.0038321954697670257
8 0.0038321954697670257
9 0.0032930280858130957
10 0.0028010347251499522
11 0.002754214246745413
12 0.0026574823313404855
13 0.0026511584593196824
14 0.0026574823313404855
15 0.0029542342467454128
16 0.0032575423313404854
17 0.003161225432213952
18 0.0034512384593196823
19 0.0034512384593196823
20 0.004401194725149952
21 0.005093208085813096
22 0.004051298459319683
23 0.004257642331340485
24 0.005457762331340486
27 0.008601614725149953
