53 0.0012047461452760453
54 0.0010166660056862603
55 0.0010166173999273946
56 0.0010190781099004623
57 0.0010115630589244745
58 0.0010128439440779847
59 0.0010164949598022457
60 0.0010083233027763754
61 0.00100805176532326
62 0.0010068579050375541
63 0.0010064768849892818
64 0.0010088918615746094
65 0.0010080192826939058
66 0.0010047261452760454
67 0.0008243768065330104
68 0.0008233669399979148
69 0.000822442309814704
70 0.0008218899848572125
71 0.0008208273380146418
72 0.0008200470318670222
73 0.0008195020634438581
74 0.0008192197384900527
75 0.0008166460056862604
76 0.0008158323957111843
77 0.0008136390046234045
78 0.0008130077799592779
79 0.0008119725219249193
80 0.0008166460056862604
81 0.0008115425177356857
82 0.0008108267379223433
83 0.0008107534666644013
84 0.0008103219229143204
85 0.0008089486855288783
86 0.0008084012499132694
87 0.0008081508403959272
88 0.0008080317653232601
89 0.0008079788176769564
90 0.0008063082641572188
91 0.0008059972424199685
92 0.0008056391351896808
93 0.0008055389173630919
94 0.0008050125110501727
95 0.0008048732779487465
96 0.0008047061452760453
97 0.0008041973692760506
98 0.000804191439593946
99 0.0008041347275395516
100 0.000624909733887819
101 0.0006243568065330105
102 0.0006239448033395577
103 0.0006233729490645757
104 0.0006229729123427407
105 0.0006224320707213601
106 0.0006223249198297301
107 0.0006208376766562099
108 0.0006206353428405367
109 0.0006202012844114685
110 0.0006200270318670223
111 0.0006196672144710428
112 0.00061949156022702
113 0.000619085401586452
114 0.0006177599745838356
115 0.0006173850794517564
116 0.0006168280943951857
117 0.0006165773999273945
118 0.0006164549598022457
119 0.0006164549598022457
120 0.0006163603956985126
121 0.0006153242945524781
122 0.0006148801038061069
123 0.0006148243863009321
124 0.0006129877799592779
125 0.0006128039440779846
126 0.0006125036531605501
127 0.0006121815191436143
128 0.00061197180298389
129 0.0006118852783866483
130 0.0006115112053326576
131 0.0006108067379223433
132 0.000610770589531031
133 0.0006107649286193186
134 0.0006107334666644014
135 0.0006107063194560086
136 0.000610408115149816
137 0.0006103764761343667
138 0.0006103128652914572
139 0.0006103019229143204
140 0.0006102813357126843
141 0.0006099446013310424
142 0.0006115112053326576
143 0.0006113409560719922
144 0.0006107063194560086
145 0.0006109886702412007
146 0.0008060640053182769
147 0.0006107649286193186
148 0.00061128232607688
149 0.0006103019229143204
150 0.0006102813357126843
151 0.000610770589531031
153 0.0006098621297680247
