55 0.013045525093856682
56 0.01182250711630762
57 0.011414834457124597
58 0.011414834457124597
59 0.01124650979803965
60 0.011237267289549307
61 0.01124650979803965
62 0.011237267289549307
63 0.0111338401501195
64 0.0111338401501195
65 0.0111338401501195
66 0.0111338401501195
67 0.0111338401501195
68 0.011361782092413949
69 0.007745780524477405
70 0.006583728942791592
71 0.006583728942791592
72 0.006583728942791592
73 0.006583728942791592
74 0.006583728942791592
75 0.0066307610352078095
76 0.006583728942791592
77 0.006583728942791592
78 0.006700792744773115
79 0.006700792744773115
80 0.006700792744773115
81 0.007160845594424656
82 0.007160845594424656
83 0.006700792744773115
84 0.006700792744773115
85 0.006994424541033974
86 0.006994424541033974
87 0.006700792744773115
88 0.006700792744773115
89 0.006734877265343775
90 0.007098483862531585
91 0.006734877265343775
92 0.007111625137562947
93 0.007111625137562947
94 0.007111625137562947
95 0.007111625137562947
96 0.007111625137562947
97 0.007111625137562947
98 0.007111625137562947
99 0.007111625137562947
100 0.007111625137562947
101 0.007111625137562947
102 0.007111625137562947
103 0.007585049453367024
104 0.007747628542605577
105 0.008480356517336283
106 0.007747628542605577
107 0.007998114488595378
108 0.00857795778301202
109 0.008071615044202462
110 0.008558180635037903
111 0.008071615044202462
112 0.008071615044202462
113 0.008405205149474012
114 0.010586526216532409
115 0.011970154378261552
116 0.014002133731298612
117 0.010431192239731393
118 0.01378408112995137
119 0.011267922682412177
120 0.014031673140054362
121 0.011913778960949254
122 0.014610823013885381
124 0.01321775449240949
125 0.01209959151023194
127 0.013521165605992787
