52 0.0022089598997633818
53 0.002018363511908892
54 0.002009486521995979
55 0.001811898694325094
56 0.0016094008533247353
57 0.0016064749126132904
58 0.0014182123526624393
59 0.0014128713993682496
60 0.0014128713993682496
61 0.0014128713993682496
62 0.0014128713993682496
63 0.0014121678874175452
64 0.0014121678874175452
65 0.0014121678874175452
66 0.0014121678874175452
67 0.0014121678874175452
68 0.0014128713993682496
69 0.0014128713993682496
70 0.0014082411609072543
71 0.0014053389965117463
72 0.001222807526493827
73 0.0012208962261217981
74 0.001222807526493827
75 0.001222807526493827
76 0.001222807526493827
77 0.001222807526493827
78 0.001222807526493827
79 0.001222807526493827
80 0.001222807526493827
81 0.001222807526493827
82 0.0012156931598801396
83 0.0012156931598801396
84 0.0012042841376243307
85 0.0010218454753129521
86 0.0010218454753129521
87 0.0010218454753129521
88 0.0010218454753129521
89 0.0010218454753129521
90 0.0010218454753129521
91 0.0010218454753129521
92 0.0010218454753129521
93 0.0012076367280711988
94 0.0012109471691648663
95 0.0010218454753129521
96 0.0010218454753129521
97 0.0010218454753129521
98 0.0010218454753129521
99 0.0010218454753129521
100 0.0010213232979332612
101 0.0010213232979332612
102 0.0010213232979332612
103 0.0010213232979332612
104 0.0010213232979332612
105 0.0010213232979332612
106 0.0010213232979332612
107 0.0010213232979332612
108 0.0010213232979332612
109 0.0010213232979332612
110 0.0010213232979332612
111 0.0010213232979332612
112 0.0010213232979332612
113 0.0010213232979332612
114 0.001214183396021004
115 0.0012206406287237246
116 0.0014071841679473601
117 0.001409273455986832
120 0.001419195146523625
