19 0.0034905940706050857
20 0.0034905940706050857
21 0.0034905940706050857
22 0.0034905940706050857
23 0.0034905940706050857
24 0.003453394975800649
25 0.0029686559161860708
26 0.0029408108245897588
27 0.0028183679105071623
28 0.0028183679105071623
29 0.0024651417829605962
30 0.0024651417829605962
31 0.0022585101940780306
32 0.0022392966642883396
33 0.001979103944124047
34 0.001960540549726506
35 0.0019487221490238592
36 0.0019487221490238592
37 0.0019487221490238592
38 0.0019600532055329646
39 0.0019487221490238592
40 0.0019487221490238592
41 0.0019600532055329646
42 0.0019548237431503317
43 0.0019600532055329646
44 0.0019600532055329646
45 0.0019548237431503317
46 0.0019548237431503317
47 0.0022810150125711403
48 0.002443529678937915
49 0.0019703036781464926
50 0.002447673488543926
51 0.0022799602101319424
52 0.0034938172858677615
