1 0.01625678357953248
2 0.00828321399729802
3 0.00568295399729802
4 0.004296549229293512
5 0.0034964692292935124
6 0.003039705370261848
7 0.0026781741303463446
8 0.002297367256378717
9 0.0020925220065094244
10 0.0018973272563787172
11 0.0018497122039594456
12 0.0016825539972980198
13 0.0016385921558966423
14 0.0014876671459373059
15 0.001467162495730327
16 0.001297267256378717
17 0.0012840071092457563
18 0.0012766640561114066
19 0.0012496522039594457
20 0.0012306276441679457
21 0.0010889638938216051
22 0.0010889638938216051
23 0.0010889638938216051
24 0.0012546101832861664
