6 0.03175224026756628
11 0.01948293634062792
16 0.017837384853031647
21 0.015797849349302694
26 0.013880732806939865
31 0.01340423581152956
32 0.028737331102426183
33 0.03750465245570875
34 0.018007438839995775
35 0.026676475125999036
36 0.01340423581152956
37 0.01976035194518447
38 0.02077055035160006
39 0.015223676840613973
40 0.01586965320189008
41 0.013384992349549157
42 0.013384992349549157
43 0.018508789523596525
44 0.015367954179111996
45 0.015367954179111996
46 0.014690279053680763
47 0.014690279053680763
50 0.023972137842632163
