16 0.011019361826241065
17 0.009955206405478818
18 0.009955206405478818
19 0.008733538801424065
20 0.008733538801424065
21 0.008733538801424065
22 0.008820766717872738
23 0.009146162858641968
24 0.009146162858641968
25 0.00688397582638357
26 0.00688397582638357
27 0.00688397582638357
28 0.00688397582638357
29 0.006949817999723952
30 0.006949817999723952
31 0.006949817999723952
32 0.006949817999723952
33 0.007220366060629526
34 0.007220366060629526
35 0.007220366060629526
36 0.0077465905903310595
37 0.007350638931560615
38 0.007261098822471768
39 0.008255911998801336
40 0.007316224446423779
41 0.007770124396777495
42 0.007770124396777495
43 0.007468220063989604
44 0.006970338726390296
45 0.006970338726390296
46 0.010718804964190223
47 0.01063792989257734
48 0.007665643009559003
49 0.013937288967670346
50 0.014561687898492907
51 0.015164472067391207
