6 0.021296712324603066
11 0.01239340474293148
16 0.011249476873201731
21 0.010069105985920099
26 0.010069105985920099
29 0.022813264799384267
31 0.010069105985920099
34 0.016229823479941112
35 0.011355363689591218
36 0.009874229295296712
37 0.010967139212162889
38 0.010861652224826383
39 0.009874229295296712
40 0.010935410819311417
41 0.010069105985920099
42 0.010253870188575494
43 0.010645784720922244
44 0.010985610020247087
45 0.010122477408994017
46 0.010428091853804604
47 0.010428091853804604
48 0.014249641601268171
