90 0.0016254228425146274
91 0.001622316540758723
92 0.0016193520927095346
93 0.0012729504195990312
94 0.0012729504195990312
95 0.0012729504195990312
96 0.0012729504195990312
97 0.0012729504195990312
98 0.0012729504195990312
99 0.0012729504195990312
100 0.0012729504195990312
101 0.0012729504195990312
102 0.0012729504195990312
103 0.0012729504195990312
104 0.0016226179005991788
105 0.001231104345449448
106 0.001231104345449448
107 0.001231104345449448
108 0.001231104345449448
109 0.001231104345449448
110 0.001231104345449448
111 0.001231104345449448
112 0.001231104345449448
113 0.001231104345449448
114 0.001231104345449448
115 0.001231104345449448
116 0.001231104345449448
117 0.0012325856847811509
118 0.0012325856847811509
119 0.0012325856847811509
120 0.0012525504615457882
121 0.001250364283185557
122 0.0012525504615457882
123 0.001250364283185557
124 0.001250364283185557
125 0.001250364283185557
126 0.001250364283185557
127 0.001250364283185557
128 0.001250364283185557
129 0.001250364283185557
130 0.001250364283185557
131 0.0012569943297013868
132 0.001267146929444112
133 0.0012596220600613033
134 0.0012569943297013868
135 0.0012569943297013868
136 0.001257136204759356
137 0.001267713558754826
138 0.001627416017978436
139 0.0016316752707078255
140 0.002046608280603046
