27 0.0035278083477304333
28 0.003086832304264129
29 0.0028074366245086834
30 0.0026458562607978254
31 0.0026458562607978254
32 0.002537373213338905
33 0.0024290135033421343
34 0.0024290135033421343
35 0.0023966823142940706
36 0.0023966823142940706
37 0.0023966823142940706
38 0.0023966823142940706
39 0.0023966823142940706
40 0.0023966823142940706
41 0.0023966823142940706
42 0.0023966823142940706
43 0.0023966823142940706
44 0.0024290135033421343
45 0.0021739942734339303
46 0.0021739942734339303
47 0.0021739942734339303
48 0.001955508592785462
49 0.001955508592785462
50 0.001955508592785462
51 0.001955508592785462
52 0.0019721134263684767
53 0.0019721134263684767
54 0.001893824338525123
55 0.0019040912134765703
56 0.0019426636961647555
57 0.002278887242346588
58 0.002912353384647851
60 0.003397500662761582
