14 0.015142210531329994
15 0.013561067819106036
16 0.012332590413371081
17 0.009571232126931223
18 0.009571232126931223
19 0.008124815441072084
20 0.008060935660959653
21 0.008009873239038769
22 0.008009873239038769
23 0.008294110305722066
24 0.008416602636374733
25 0.007531181579552248
26 0.007531181579552248
27 0.007073356489130989
28 0.007085362117843091
29 0.007073356489130989
30 0.006668576110911145
31 0.005651723205988073
32 0.005651723205988073
33 0.005511213546137039
34 0.005275696217603338
35 0.005275696217603338
36 0.005275696217603338
37 0.005275696217603338
38 0.006238052855273624
39 0.005830995781770432
40 0.00505430735024253
41 0.00505430735024253
42 0.005239588657705377
43 0.004996143145896921
44 0.004996143145896921
45 0.004996143145896921
46 0.00410541502253574
47 0.00410541502253574
48 0.00410541502253574
49 0.00410541502253574
50 0.00410541502253574
51 0.004168549260169218
52 0.004168549260169218
53 0.004168549260169218
54 0.0029562939867667703
55 0.0029562939867667703
56 0.0029231975611836527
57 0.0026702422737366095
58 0.002779565791698949
59 0.002779565791698949
60 0.002533966274371518
61 0.0026702422737366095
62 0.0026702422737366095
63 0.0026805548476170962
64 0.0026805548476170962
65 0.002754124325346114
66 0.0028763081600898565
67 0.0028763081600898565
68 0.0029032467055839254
69 0.002946350685384059
70 0.002754124325346114
71 0.002754124325346114
72 0.002754124325346114
73 0.0029501885456622297
74 0.0034931427222420373
75 0.004618097657571249
76 0.0030285175938697924
77 0.0030285175938697924
78 0.0033109232600240382
79 0.0037564907367579952
80 0.00323800338481411
81 0.00323800338481411
82 0.003369516482095848
83 0.003369516482095848
84 0.003369516482095848
85 0.0033666410545498933
86 0.0037614509960753034
88 0.0038088301544828033
