81 0.0050086792845266005
82 0.0050086792845266005
83 0.004421528089501992
84 0.0050086792845266005
85 0.0050086792845266005
86 0.0050086792845266005
87 0.0050086792845266005
88 0.00422526973388782
89 0.0038152001038061073
90 0.004015220103806107
91 0.004015220103806107
92 0.0036163041746764047
93 0.0036163041746764047
94 0.003623646939997915
95 0.0036151801038061073
96 0.0036151801038061073
97 0.003419479738490053
98 0.0036141457541319405
99 0.0032101221297680246
100 0.0036141457541319405
101 0.0034151601038061074
102 0.0032101221297680246
103 0.0034151601038061074
104 0.003215140103806107
105 0.0032162641746764043
106 0.0034044514395939465
107 0.0032162641746764043
108 0.0032162641746764043
109 0.0034253115472554414
110 0.0034162841746764048
111 0.0036151801038061073
112 0.003608929111002545
113 0.0034151601038061074
114 0.0034151601038061074
115 0.0036101258666740433
116 0.003623646939997915
117 0.0038141657541319405
118 0.004211124928619319
119 0.0038152001038061073
120 0.004805298023177384
121 0.007008651765323261
122 0.006812918259149769
123 0.0058213576766562095
126 0.008224820623344887
