80 0.0018076267587887505
81 0.0018076267587887505
82 0.0018076267587887505
83 0.0014126929895441013
84 0.0014060046084983003
85 0.0014060046084983003
86 0.0014060046084983003
87 0.0014209294998913428
88 0.0014095178899291012
89 0.0012140315044912764
90 0.0012140315044912764
91 0.0012133683865394266
92 0.0012133683865394266
93 0.0012133683865394266
94 0.0010213451271486934
95 0.0010213451271486934
96 0.0010213451271486934
97 0.0010213451271486934
98 0.0010213451271486934
99 0.0010213451271486934
100 0.0010213451271486934
101 0.0010213451271486934
102 0.0012058355152726214
103 0.0010244209631686918
104 0.0012082021485843863
105 0.0012084940863975628
106 0.00120878407029918
107 0.0012082021485843863
108 0.0012093755418825412
109 0.0010243958699845662
110 0.0012091929283657692
111 0.0010226541825177776
112 0.0012082021485843863
113 0.0012120826162212094
114 0.0012221339475156333
115 0.0014114876777851495
116 0.002210117621603292
117 0.0014128937115668377
