80 0.0014201926701983504
81 0.0016095519642040225
82 0.0014095319642040225
83 0.0014095319642040225
84 0.0012089886855288785
85 0.0014042932734629932
86 0.0012107663194560086
87 0.0012089886855288785
88 0.0012089886855288785
89 0.0012089886855288785
90 0.0014050725110501727
91 0.0014056991351896807
92 0.0012089886855288785
93 0.0012068220531805238
94 0.0012068220531805238
95 0.0012068220531805238
96 0.0012057359200588727
97 0.0012057359200588727
98 0.001204806572936874
99 0.001204806572936874
100 0.001204806572936874
101 0.001204806572936874
102 0.0012064739872066897
103 0.0012062677670609061
104 0.0012085341628902942
105 0.0010103419229143206
106 0.0010103419229143206
107 0.0010103419229143206
108 0.0010103528652914574
109 0.0010103528652914574
110 0.0010103528652914574
111 0.001010448115149816
112 0.0010191814342016116
113 0.0010191814342016116
114 0.0010219885056035288
115 0.0012064968849892818
116 0.0012131864989660438
117 0.00121203180298389
118 0.001204231439593946
119 0.0014100246013310424
123 0.0012064968849892818
