24 0.008053803786031816
25 0.008053803786031816
26 0.008053803786031816
27 0.007845572100718175
28 0.007772137224082194
29 0.007457932199662581
30 0.007457932199662581
31 0.007286378647577057
32 0.007286378647577057
33 0.007286378647577057
34 0.007286378647577057
35 0.007366710114896628
36 0.007366710114896628
37 0.007366710114896628
38 0.007366710114896628
39 0.006726189734750495
40 0.006726189734750495
41 0.006116529093909516
42 0.006116529093909516
43 0.005985715716778028
44 0.005985715716778028
45 0.005985715716778028
46 0.005985715716778028
47 0.005985715716778028
48 0.006602415947287171
49 0.006602415947287171
50 0.006602415947287171
51 0.007457932199662581
52 0.0071146169138473
53 0.009747766256041825
54 0.008195563944155649
56 0.018893428239145207
58 0.01606216924900125
