1 0.03941824686504766
2 0.019371174230253467
3 0.013303658316953586
4 0.010415015349114915
5 0.008422249665327595
6 0.007811261511836187
7 0.006647690960944951
8 0.005912737029757149
9 0.005420008943944054
10 0.005420008943944054
11 0.005420008943944054
12 0.005420008943944054
13 0.005420008943944054
14 0.005637358688341165
15 0.005637358688341165
16 0.005637358688341165
17 0.005637358688341165
18 0.005637358688341165
19 0.005637358688341165
20 0.005637358688341165
21 0.005912737029757149
22 0.006509384593196822
23 0.006509384593196822
24 0.006509384593196822
25 0.009854561716261916
26 0.02017909223891015
27 0.018403345277533588
