1 0.016294328085813096
2 0.008458062331340485
3 0.005747021221731976
4 0.004493148085813097
5 0.0036512584593196827
6 0.0032512184593196823
7 0.0028511784593196823
8 0.002454103073143408
9 0.002292928085813096
10 0.002292928085813096
11 0.002292928085813096
12 0.002292928085813096
13 0.002292928085813096
14 0.002292928085813096
15 0.002292928085813096
16 0.0024574623313404855
17 0.0024808542924846994
18 0.002601014725149952
19 0.0026511584593196824
20 0.0030010547251499518
21 0.0030575223313404854
22 0.0030575223313404854
23 0.0030511984593196823
24 0.0034512384593196823
25 0.0030930080858130957
27 0.006657882331340486
