6 0.0175855858780627
11 0.0149348528790006
16 0.01231913633986631
21 0.009816010321911262
26 0.010191562627745647
31 0.00922775078727984
33 0.011216585592875142
34 0.011415101316030518
35 0.012275543344181777
36 0.009855309071893048
37 0.010576632472429636
38 0.010454397015300421
39 0.010644805575074962
40 0.010349684122007461
41 0.009010833638137134
42 0.009651451773685319
43 0.009939102418509177
44 0.009010833638137134
45 0.010227172429415413
46 0.009684366391271423
47 0.0103480745254877
48 0.010431517466616871
49 0.01074377077410886
50 0.010283439384859417
51 0.01282361710239575
52 0.014908653627763765
