18 0.010310394606725497
19 0.010196904701199102
20 0.010196904701199102
21 0.010196904701199102
22 0.010196904701199102
23 0.009832649397328884
24 0.009832649397328884
25 0.009761479245829022
26 0.009761479245829022
27 0.009492227149494237
28 0.009492227149494237
29 0.009492227149494237
30 0.009492227149494237
31 0.009492227149494237
32 0.009492227149494237
33 0.009492227149494237
34 0.009492227149494237
35 0.009492227149494237
36 0.009492227149494237
37 0.009492227149494237
38 0.009492227149494237
39 0.009492227149494237
40 0.009492227149494237
41 0.009492227149494237
42 0.009492227149494237
43 0.009492227149494237
44 0.009492227149494237
45 0.009492227149494237
46 0.009492227149494237
47 0.009492227149494237
48 0.009492227149494237
49 0.009492227149494237
50 0.009492227149494237
51 0.009767410198055045
