77 0.013948205414231262
78 0.0119995461000261
79 0.009071655036019836
80 0.009186509655130189
81 0.009071655036019836
82 0.009071655036019836
83 0.009071655036019836
84 0.009071655036019836
85 0.009071655036019836
86 0.009071655036019836
87 0.009071655036019836
88 0.009071655036019836
89 0.00869248283117597
90 0.00869248283117597
91 0.00869248283117597
92 0.00869248283117597
93 0.00869248283117597
94 0.00807252494386856
95 0.00807252494386856
96 0.00807252494386856
97 0.00807252494386856
98 0.00807252494386856
99 0.00807252494386856
100 0.00807252494386856
101 0.00807252494386856
102 0.00807252494386856
103 0.00807252494386856
104 0.00807252494386856
105 0.00807252494386856
106 0.00807252494386856
107 0.00807252494386856
108 0.0075923259052607835
109 0.00807252494386856
110 0.008763499296230808
111 0.009401868422154566
112 0.009401868422154566
113 0.00856894710394792
114 0.009315050373101416
115 0.009729689208939584
116 0.009210134498011696
117 0.009210134498011696
118 0.009779282257068367
119 0.010674530775339256
120 0.010768270132707675
121 0.01041524408894386
122 0.013549164179056607
123 0.012271332696051204
124 0.010108267200553977
125 0.014926279698447405
126 0.013832033859619466
127 0.012645690189410263
