5 0.002772978849644483
6 0.0020172261389345553
7 0.0016268975860854527
8 0.001615816897656336
9 0.0015075591021552212
10 0.0014859120134868514
11 0.001365662215456232
12 0.001215776897656336
13 0.0011457241884200318
14 0.001140876314846024
15 0.001098694776727506
16 0.001098694776727506
17 0.001215776897656336
18 0.001165642215456232
19 0.001215776897656336
20 0.0012747326096474746
21 0.001298714776727506
22 0.0013075391021552213
23 0.001386937549154619
24 0.0015006029246791863
25 0.0018626179573785473
27 0.00185847554042988
