24 0.001681412614569949
25 0.0016626342175953984
26 0.0016626342175953984
27 0.0014608008701943707
28 0.001481392614569949
29 0.0012862327321015562
30 0.0012862327321015562
31 0.0012931337771595515
32 0.0012867189254343419
33 0.0012376372554704221
34 0.001214937049687098
35 0.0010990336165201254
36 0.001214937049687098
37 0.001214937049687098
38 0.0012219641105783406
39 0.0010968899128528293
40 0.0010957111143647825
41 0.0010866989254343419
42 0.0010866989254343419
43 0.0010596823366682676
44 0.0010866989254343419
45 0.0010866989254343419
46 0.0010596823366682676
47 0.0010866989254343419
48 0.0010510038739346482
49 0.0010510038739346482
50 0.0010510038739346482
51 0.0010510038739346482
52 0.0010510038739346482
53 0.001090975536054594
54 0.0012319730325924358
55 0.0012384464768174668
56 0.001090975536054594
57 0.0012384464768174668
58 0.0012024861220737728
59 0.0012861832787807652
60 0.001289941622371474
