76 0.003331319678417965
77 0.0033528114736128913
79 0.0028583887493928853
80 0.0028583887493928853
81 0.0028292129142409514
82 0.0028292129142409514
83 0.0025549804200230663
84 0.0024651713695623017
85 0.002441124026967654
86 0.002049110648840123
87 0.0020483634908575457
88 0.0020483634908575457
89 0.0020483634908575457
90 0.0020483634908575457
91 0.002049110648840123
92 0.0020483634908575457
93 0.0020543094746352515
94 0.0020483634908575457
95 0.0020483634908575457
96 0.0020483634908575457
97 0.0020483634908575457
98 0.00205184057574908
99 0.00202353286468437
100 0.0016638566987056173
101 0.0016638566987056173
102 0.0016573934896573364
103 0.0016573934896573364
104 0.0016638566987056173
105 0.001645932235697898
106 0.0016571214071659057
107 0.0016410476916572819
108 0.0016410476916572819
109 0.0016410476916572819
110 0.0016517911198371113
111 0.0016517911198371113
112 0.002032262616063869
113 0.0016559839551466083
114 0.0020533315972800425
115 0.001656480703540832
116 0.0017450158517815064
117 0.0024506049773417643
118 0.0020949905495023114
119 0.0020383632959151067
