26 0.01287684515154586
27 0.01287684515154586
28 0.01287684515154586
29 0.01287684515154586
30 0.00970024648531808
31 0.00970024648531808
32 0.00970024648531808
33 0.00970024648531808
34 0.009243192196313189
35 0.00923832998601722
36 0.00923832998601722
37 0.00916844597892518
38 0.008776413486716357
39 0.008776413486716357
40 0.008776413486716357
41 0.008776413486716357
42 0.008776413486716357
43 0.008776413486716357
44 0.00916844597892518
45 0.008776413486716357
46 0.00916844597892518
47 0.00923832998601722
48 0.00962686827787144
49 0.01016216298461894
50 0.01016216298461894
51 0.011002135174710216
