1 0.08296804470379815
2 0.04433731003462801
3 0.03069817654040532
4 0.023469257770527868
5 0.0189331154951055
6 0.01582756493972625
7 0.013678531819193748
8 0.011998042313185537
9 0.01062498408157827
10 0.009560882123040161
11 0.009380517830531877
12 0.007989534560179699
13 0.007448265853988825
14 0.006844809505733414
15 0.006271443450070544
16 0.0059652833650886364
17 0.0056043207472436345
18 0.005590464635910054
19 0.005590464635910054
20 0.005590464635910054
21 0.005590464635910054
22 0.005590464635910054
23 0.005590464635910054
24 0.005590464635910054
25 0.005590464635910054
26 0.005590464635910054
27 0.005590464635910054
28 0.005590464635910054
29 0.005643245849654801
30 0.005590464635910054
31 0.005590464635910054
32 0.005912224798057643
33 0.005912224798057643
34 0.005912224798057643
35 0.006266295538901059
36 0.0064050666913640746
37 0.006465709008571829
38 0.006465709008571829
39 0.006709783764524784
40 0.006695190867942173
41 0.006555542075228396
42 0.006555542075228396
43 0.006709783764524784
44 0.007413639942188113
45 0.007907882605000654
46 0.008689078156761659
47 0.007405671971472534
48 0.007742388887943451
49 0.00888680636576704
50 0.0099051437311403
51 0.011129684026418708
52 0.010367940760061548
54 0.01828697852406401
