2 0.04631548579027737
3 0.031344823716652356
4 0.023386108810586274
5 0.01871332759203126
6 0.01572866740302767
7 0.013756534594462515
8 0.011922329981867513
9 0.010563043975514583
10 0.009629574216123761
11 0.00874427442004076
12 0.007881237166678
13 0.0072236813657526495
14 0.006811967233753132
15 0.006811967233753132
16 0.006811967233753132
17 0.006811967233753132
18 0.006811967233753132
19 0.006876334484193884
20 0.006876334484193884
21 0.006811967233753132
22 0.006811967233753132
23 0.006811967233753132
24 0.006811967233753132
25 0.006811967233753132
26 0.006811967233753132
27 0.006811967233753132
28 0.006811967233753132
29 0.006811967233753132
30 0.006811967233753132
31 0.006811967233753132
32 0.006811967233753132
33 0.006811967233753132
34 0.006811967233753132
35 0.006811967233753132
36 0.006811967233753132
37 0.006811967233753132
38 0.006811967233753132
39 0.006811967233753132
40 0.006811967233753132
41 0.006811967233753132
42 0.006811967233753132
43 0.006811967233753132
44 0.006811967233753132
45 0.006811967233753132
46 0.006811967233753132
47 0.006811967233753132
48 0.0072842985485674725
49 0.00854158278009856
50 0.008881685319148175
51 0.00916844597892518
52 0.009629574216123761
53 0.009483715151905263
54 0.012335674054372466
57 0.014986442792535122
