78 0.002549056112352215
79 0.002448498394109937
80 0.002448498394109937
81 0.00207966413268858
82 0.0024334748111380844
83 0.002031241320786094
84 0.00207966413268858
85 0.002031241320786094
86 0.002031241320786094
87 0.0016993707415681432
88 0.0016993707415681432
89 0.0016517911198371113
90 0.001683113470032169
91 0.0016623832523258277
92 0.001663731306150864
93 0.0016396184053241696
94 0.0016523459958641747
95 0.0016523459958641747
96 0.0016523459958641747
97 0.0016719613609178857
98 0.0016523459958641747
99 0.0016523459958641747
100 0.0016427738666576052
101 0.0016427738666576052
102 0.0016413459045374668
103 0.0016386907926860368
104 0.0016386907926860368
105 0.0016386907926860368
106 0.0016386907926860368
107 0.0016386907926860368
108 0.0016240160212731077
109 0.0016240160212731077
110 0.0016240160212731077
111 0.0016240160212731077
112 0.0016240160212731077
113 0.0016240160212731077
114 0.0016240160212731077
115 0.0016240160212731077
116 0.0016240160212731077
117 0.0016240160212731077
118 0.0016413459045374668
119 0.0016240160212731077
120 0.0016246710682436241
121 0.0016246710682436241
122 0.0016246710682436241
123 0.0020240663897437327
124 0.0016413459045374668
125 0.002020024735237678
