2 0.008583065210079028
3 0.0057361701342678525
4 0.0057361701342678525
5 0.0057361701342678525
6 0.0057361701342678525
7 0.0057361701342678525
8 0.0057361701342678525
9 0.0057361701342678525
10 0.0057361701342678525
11 0.0057361701342678525
12 0.0057361701342678525
13 0.0057361701342678525
14 0.0057361701342678525
15 0.00674632140760562
16 0.007972707611548984
17 0.008972807611548983
18 0.008972807611548983
19 0.01959448163635053
20 0.02073902011355112
21 0.02073902011355112
22 0.027784180353801993
23 0.07098963587630823
24 0.07430366882387794
