74 0.005222208301731912
75 0.005222208301731912
76 0.0050221883017319115
77 0.004422128301731912
78 0.0038220683017319112
79 0.004619353165299435
80 0.004019293165299435
81 0.003419233165299435
82 0.003222008301731911
83 0.0030191931652994346
84 0.0030191931652994346
85 0.002621948301731911
86 0.0026191531652994347
87 0.0024191331652994347
88 0.0024191331652994347
89 0.0022191131652994347
90 0.0022191131652994347
91 0.0020190931652994347
92 0.0020190931652994347
93 0.001821868301731911
94 0.001621848301731911
95 0.001621848301731911
96 0.0016190531652994346
97 0.0016190531652994346
98 0.001421828301731911
99 0.0014190331652994346
100 0.001221808301731911
101 0.0014190331652994346
102 0.001221808301731911
103 0.0012167418610352343
104 0.0012167418610352343
105 0.001204824499133448
106 0.001204824499133448
107 0.0012163823151101756
108 0.001204824499133448
109 0.001204824499133448
110 0.0010189931652994347
111 0.0010189931652994347
112 0.0010189931652994347
113 0.0010167218610352344
114 0.0010189931652994347
115 0.0010163623151101756
116 0.0010163623151101756
117 0.0010163623151101756
118 0.0010163623151101756
119 0.0010163623151101756
120 0.0010167218610352344
121 0.0010163623151101756
122 0.0010177774616657248
123 0.0010097199555489907
124 0.0008227284518254614
125 0.0008227284518254614
126 0.0008227284518254614
127 0.0008227284518254614
128 0.0008227284518254614
129 0.0010211702451308775
130 0.0010123349459553851
131 0.0010218991469432895
132 0.0010133483865394266
133 0.001020955194478181
134 0.001017291304331324
135 0.0010175156821685338
136 0.0010177098610213054
138 0.0010075458449738408
