1 0.0202055426725533
2 0.010278614255064822
3 0.0070042226725533
4 0.005277390664361506
5 0.00427801425506482
6 0.0036612409527167922
7 0.0032153331107932764
8 0.0028476820686170654
9 0.0026037826725532997
10 0.0022950156408927773
11 0.0022037426725533
12 0.0020665199258685283
13 0.001866499925868528
14 0.0018096492293900534
15 0.0016661271128977674
16 0.0016151731107932762
17 0.0014911638040522447
18 0.0014595063554679324
19 0.0014475420686170652
20 0.001294915640892777
21 0.001276990664361505
22 0.001248844946786553
23 0.001238598689303038
24 0.0012137733403537491
25 0.0012036426725532997
26 0.001084070820318465
27 0.0010660870476409414
28 0.0010595568021402081
29 0.0010558402550727517
30 0.001051815168163635
31 0.0010288355766322416
32 0.0010232857885484584
33 0.0010036226725532997
34 0.0008911038040522447
35 0.0008865340886853049
36 0.0008840508203184648
37 0.0008719410572033397
38 0.0008629283540329527
39 0.0008609609527167918
40 0.0008581833920683141
41 0.0008555885681925479
42 0.0008454156420144587
43 0.0008346129736784037
44 0.0008302735225217017
45 0.0008290371387517138
46 0.000825796536997929
47 0.0008195457809076178
48 0.0008128739748183309
49 0.0008043574473301906
50 0.0006999727688470089
51 0.0006910838040522447
52 0.0006895327290142929
53 0.0006865140886853049
54 0.0006857098390898016
55 0.0006810564288144338
56 0.0006731495044234636
57 0.0006700316670891519
58 0.0006697098722176558
59 0.000666379925868528
60 0.0006629083540329527
61 0.0006598050903651256
62 0.0006595168021402081
63 0.0006581633920683141
64 0.0006575507113946372
65 0.0006575507113946372
66 0.0006575507113946372
67 0.0006523899311400528
68 0.000655568568192548
69 0.0006453956420144587
70 0.0006453956420144587
71 0.0006453956420144587
72 0.0006604398197059514
