63 0.0010123382591497687
64 0.001010810589531031
65 0.0010108049286193185
66 0.0010042532734629932
67 0.0008249026853920358
68 0.0008233669399979148
69 0.0008212592123487345
70 0.0008202008210282331
71 0.0008194280683531544
72 0.0008188544974053992
73 0.0008182599494423697
74 0.0008180503402294714
75 0.0008163803956985126
76 0.0008157945818532371
77 0.0008132583925376787
78 0.0008125236531605501
79 0.0008216688646257662
80 0.0008163803956985126
81 0.00081130232607688
82 0.0008109218949270503
83 0.0008107849286193185
84 0.0008103219229143204
85 0.0008088718615746095
86 0.0008084012499132694
87 0.0008072567451617621
88 0.0008065786047866091
89 0.0008065025655178143
90 0.0008064339872066897
91 0.0008064061715158005
92 0.0008059972424199685
93 0.0008057144751497947
94 0.0008056391351896808
95 0.0008056190051263229
96 0.0008051945162551509
97 0.000804766572936874
98 0.0008041973692760506
99 0.0008040887813621408
100 0.000625031547255441
101 0.0006239448033395577
102 0.0006229729123427407
103 0.0006223249198297301
104 0.0006219485056035288
105 0.0006215194026224936
106 0.0006206549622165042
107 0.0006204306783976971
108 0.0006201808210282332
109 0.00061949156022702
110 0.0006194080683531544
111 0.0006191414342016114
112 0.000619085401586452
113 0.0006180303402294714
114 0.0006175568205152627
115 0.0006171264030840201
116 0.0006166260056862604
117 0.0006159728265377161
118 0.0006157745818532372
119 0.0006148243863009321
120 0.0006143883724143342
121 0.0006143203517914765
122 0.0006132607130388194
123 0.0006131264989660437
124 0.0006130351694499168
125 0.0006127002160597685
126 0.0006124298456722512
127 0.00061197180298389
128 0.0006119525219249193
129 0.0006115230589244746
130 0.0006115225177356857
131 0.0006115112053326576
132 0.00061128232607688
133 0.0006111721395475871
134 0.0006109018949270503
135 0.000610770589531031
136 0.0006107063194560086
137 0.0006103764761343667
138 0.0006103019229143204
139 0.0006102813357126843
140 0.0006099446013310424
141 0.0006098621297680247
142 0.0006098258666740429
143 0.0006097126981715092
144 0.0006094418684471698
145 0.0006089286855288784
146 0.0006089286855288784
147 0.0006102813357126843
148 0.0006099446013310424
149 0.0006103128652914572
150 0.0006098621297680247
151 0.000624909733887819
152 0.0006094519642040226
153 0.0006082833027763754
154 0.0006081230656849895
155 0.0006081215789209553
156 0.0006081230656849895
157 0.0006080117653232602
158 0.0006087711405767459
159 0.0006089286855288784
160 0.0006089286855288784
161 0.0006080117653232602
162 0.0006079427819929342
164 0.0008060640053182769
