40 0.0036251826853920363
41 0.0036161099051122744
42 0.0036205012844114687
43 0.003611811205332658
44 0.003611064928619319
45 0.002606610438708441
46 0.002606586171515801
47 0.002606610438708441
48 0.0026043147275395515
49 0.002604244947047536
50 0.002604244947047536
51 0.00241268365316055
52 0.00241215180298389
53 0.0024104819229143204
54 0.0024095416561206095
55 0.002408809111002545
56 0.0024084192845266004
57 0.0024084192845266004
58 0.0024095416561206095
59 0.002405874475149795
60 0.0024057790051263232
61 0.002222108505603529
62 0.002222044022114515
63 0.0022109249286193186
64 0.0022108663194560087
65 0.0022085412499132694
66 0.0022082830656849897
67 0.0022082830656849897
68 0.0022065704387084412
69 0.002205678917363092
70 0.0022058544751497947
71 0.0022058544751497947
72 0.0022043314395939462
73 0.0022043314395939462
74 0.0022043314395939462
75 0.0022095216561206095
76 0.0022113321395475873
77 0.0022161328265377163
78 0.0022065704387084412
79 0.0022167373999273945
80 0.0022109249286193186
81 0.0022100221297680247
82 0.002210372778388917
83 0.002224227537383271
84 0.002405698917363092
85 0.002405698917363092
86 0.0024084192845266004
87 0.0024084192845266004
88 0.002410392778388917
89 0.0024104613357126842
90 0.0024113521395475873
91 0.002423631380595519
92 0.0024129839440779847
93 0.0024177368205152627
94 0.0024216994026224938
95 0.0024123615191436144
96 0.0024216994026224938
97 0.002605718917363092
98 0.002606405619146202
99 0.0026113721395475873
100 0.002608330840395927
101 0.0028054665951250473
102 0.002624267537383271
103 0.0026242606233448863
104 0.0028042831829781898
105 0.002805738917363092
106 0.0026193997384900526
107 0.002804391439593946
108 0.0028052125110501727
109 0.0028090718615746096
110 0.002805914475149795
111 0.002819476323080226
112 0.003006650438708441
113 0.002820874962216504
114 0.0028109849286193185
115 0.002825129733887819
116 0.003016014581853237
117 0.0030090918615746096
118 0.0028109263194560086
119 0.003404457369276051
120 0.0032166203956985125
121 0.0032246168065330105
122 0.0032210783675080423
123 0.0032134983925376785
124 0.0032134983925376785
125 0.003623672949064576
126 0.00822308491982973
