19 0.0026026261220737728
20 0.002251123873934648
21 0.0016411408762050312
22 0.0014957511143647824
23 0.0014928568074161301
24 0.001491015536054594
25 0.001491015536054594
26 0.001491015536054594
27 0.0014957511143647824
28 0.0016148064002010714
29 0.0016860089375682757
30 0.0014929990892381397
31 0.0014929990892381397
32 0.0014227288470170416
33 0.0012957311143647825
34 0.0014025061220737727
35 0.0012957311143647825
36 0.0014510438739346481
37 0.0014411208762050312
38 0.0014025061220737727
39 0.0010959492101260066
40 0.0010959492101260066
41 0.0010959492101260066
42 0.0010959492101260066
43 0.0010959492101260066
44 0.0010959492101260066
45 0.0010959492101260066
46 0.0010959492101260066
47 0.0010959492101260066
48 0.0010959492101260066
49 0.0012792241217829676
50 0.0012224098667178585
51 0.0012510238739346482
52 0.0012986391276217388
53 0.001276836209075866
54 0.0014025061220737727
56 0.0014894637443039537
57 0.0012651795256110802
