112 0.0020966238462310303
113 0.0020966238462310303
114 0.001681861121428028
115 0.0020966238462310303
117 0.001653073546157706
118 0.001653073546157706
119 0.001653073546157706
120 0.002036693257589709
121 0.001653073546157706
122 0.0016320690923371127
123 0.0012713841067108515
124 0.0012713841067108515
125 0.0012713841067108515
126 0.0012713841067108515
127 0.0016473045652997498
128 0.001642246384907176
129 0.0016410212538135148
130 0.0016232909727443806
131 0.0016232909727443806
132 0.0016232909727443806
134 0.0020585447251937313
135 0.001273023877273258
136 0.001273023877273258
137 0.001273023877273258
139 0.001670519444085221
