81 0.0016102832297036093
82 0.0016102832297036093
83 0.0016102832297036093
84 0.0014114876777851495
85 0.0014087421204812033
86 0.0014114876777851495
87 0.0016084945731298051
88 0.0014089257580305432
89 0.0014089257580305432
90 0.0012185516265484097
91 0.0012185516265484097
92 0.0012170091712439758
93 0.0012156451825632972
94 0.0012156451825632972
95 0.0012156451825632972
96 0.0012107571826157786
97 0.0012107571826157786
98 0.0012107571826157786
99 0.0010180330622886157
100 0.0010180330622886157
101 0.0010180330622886157
102 0.0012054394964514574
103 0.0010202515231935872
104 0.0010180330622886157
105 0.0010202515231935872
106 0.0010202515231935872
107 0.0010244209631686918
108 0.0012059227431860952
109 0.0012114676777851495
110 0.0012081172730842782
111 0.0010219370146050026
112 0.0012187272070236946
113 0.0012075667587887503
114 0.0010214341156666261
115 0.0012093876237265443
116 0.001404556492250888
117 0.0014203127414971247
119 0.0012235414351126803
