33 0.0031934210175995964
34 0.0031934210175995964
35 0.0026924327358941592
36 0.002473879930155059
37 0.002473879930155059
38 0.002473879930155059
39 0.0021103139975425897
40 0.001979103944124047
41 0.001979103944124047
42 0.0019426636961647555
43 0.0019426636961647555
44 0.0019426636961647555
45 0.0019426636961647555
46 0.0019154025711328967
47 0.0019426636961647555
48 0.0019154025711328967
49 0.001818292325138388
50 0.001818292325138388
51 0.0018052449407525615
52 0.0018052449407525615
53 0.0018683180130725642
54 0.0018683180130725642
55 0.0018683180130725642
56 0.0019068856032025804
57 0.001960540549726506
59 0.00275748856596852
60 0.002960052836400557
