13 0.009310332317486032
14 0.008206351592497121
15 0.007913782469863125
16 0.007913782469863125
17 0.008206351592497121
18 0.008206351592497121
19 0.008206351592497121
20 0.008206351592497121
21 0.008206351592497121
22 0.008262859708193949
23 0.008262859708193949
24 0.009279284403052911
25 0.009279284403052911
26 0.009279284403052911
27 0.009279284403052911
28 0.009756066846262375
29 0.009756066846262375
30 0.008393094901002205
31 0.008393094901002205
32 0.008393094901002205
33 0.008393094901002205
34 0.008393094901002205
35 0.008393094901002205
36 0.008393094901002205
37 0.008393094901002205
38 0.008393094901002205
39 0.008393094901002205
40 0.008393094901002205
41 0.008455157934286238
42 0.008455157934286238
43 0.008455157934286238
44 0.008455157934286238
45 0.008455157934286238
46 0.008455157934286238
47 0.008455157934286238
48 0.011861823907500981
49 0.01260806522146202
50 0.018146436275768577
