23 0.003337049805604516
24 0.003337049805604516
25 0.0032467932730250453
26 0.0032467932730250453
27 0.002955455517219739
28 0.0028074366245086834
29 0.0026924327358941592
30 0.0026112512550195456
31 0.0024628795976831155
32 0.0024335910218310367
33 0.0024335910218310367
34 0.0024335910218310367
35 0.0024335910218310367
36 0.0024335910218310367
37 0.0019790689864606394
38 0.001972155212004518
39 0.001972155212004518
40 0.001972155212004518
41 0.0019790689864606394
42 0.0019790689864606394
43 0.0018789119403381082
44 0.0019068856032025804
45 0.0019068856032025804
46 0.0019068856032025804
47 0.0019068856032025804
48 0.0019068856032025804
49 0.0019154025711328967
50 0.0019154025711328967
51 0.0019600532055329646
52 0.00206878893341838
53 0.0024628795976831155
54 0.0024335910218310367
55 0.0028603284048038706
56 0.003476609417880609
