29 0.015425159077289124
30 0.015425159077289124
31 0.009724476037276147
32 0.009724476037276147
33 0.009002197792723626
34 0.009002197792723626
35 0.009002197792723626
36 0.009002197792723626
37 0.00796729638441309
38 0.00796729638441309
39 0.00757581717007867
40 0.00757581717007867
41 0.007518758764849871
42 0.00757581717007867
43 0.00757581717007867
44 0.00757581717007867
45 0.00757581717007867
46 0.008780805682338699
47 0.00890454340361865
48 0.008153031587312742
49 0.009677095977340875
50 0.009151112831709518
51 0.009151112831709518
52 0.010776540278413967
53 0.014477290780617567
54 0.010842526223055433
56 0.012151301058948072
