26 0.0029400798082994473
27 0.0029400798082994473
28 0.0027359522521583305
29 0.0024452711212158305
30 0.0024452711212158305
31 0.0023578101459633067
32 0.0023780490043820946
33 0.002348639925422635
34 0.002348639925422635
35 0.0023430373030055005
36 0.0022061238228219325
37 0.001972155212004518
38 0.0019703036781464926
39 0.0019487221490238592
40 0.0019024392035056755
41 0.0019024392035056755
42 0.0019024392035056755
43 0.0019271740733999465
44 0.0019271740733999465
45 0.0019271740733999465
46 0.0019271740733999465
47 0.001943853212625299
48 0.0019468728174648294
49 0.0019468728174648294
50 0.001951314290029274
51 0.001938162008470304
52 0.0019548237431503317
53 0.001979103944124047
54 0.001972155212004518
55 0.0023319863380430773
56 0.0019703036781464926
57 0.0022752604950967725
58 0.002466710697000464
