113 0.0025246040280878504
114 0.0021038366900732086
115 0.0021038366900732086
116 0.0021038366900732086
117 0.0016526456884031885
118 0.0016891396793189202
119 0.0016794960800817378
120 0.0016794960800817378
121 0.0016794960800817378
122 0.0016240160212731077
123 0.0016240160212731077
124 0.0016219156694523675
125 0.0016246624765848083
126 0.0016219156694523675
127 0.0016219156694523675
128 0.0016219156694523675
129 0.0016165257583757838
130 0.0012568740771147643
131 0.0012568740771147643
132 0.0012568740771147643
133 0.0020596590149194495
134 0.0016316752707078255
135 0.0012681947635951611
136 0.0012644382078674807
137 0.0016799481274680892
