3 0.0042160768976563364
4 0.002615916897656336
5 0.0021149839123802677
6 0.0018686796994612004
7 0.0016622823295279958
8 0.0016223485889952035
9 0.0014686396994612002
10 0.0013075391021552213
11 0.0012747326096474746
12 0.0012171461389345554
13 0.0011457241884200318
14 0.0010854453265408818
15 0.0010275403781719512
16 0.0010222885889952034
17 0.0009656222154562319
18 0.0009408563148460238
19 0.0008872638010097709
20 0.0008872638010097709
21 0.0008854253265408818
22 0.000898674776727506
23 0.0009074991021552211
24 0.0009074991021552211
25 0.0009074991021552211
26 0.0012625579573785472
