4 0.00304015618988344
5 0.0022572658668133295
6 0.001869022971033864
7 0.0016572058668133296
8 0.0014418341755240678
9 0.0012689629710338638
10 0.0012689629710338638
11 0.0012045761133123007
12 0.0012045761133123007
13 0.0010624706773325224
14 0.000986691181207935
15 0.0008854667023150159
16 0.0008707416588079934
17 0.0008784609414437198
18 0.0008854667023150159
19 0.0008603575472962967
20 0.0008417741755240678
21 0.0008399361898834399
22 0.0008399361898834399
23 0.0008399361898834399
24 0.0008399361898834399
25 0.0008399361898834399
