6 0.01828835935365806
11 0.014315914776249633
16 0.010959049411897442
21 0.01081867404467709
26 0.00881714920268653
31 0.007932423032149276
33 0.015787932087721113
35 0.013936450480304827
36 0.007932423032149276
37 0.010415350982787005
38 0.010689116626502067
39 0.009957028256637735
40 0.009522674714041638
41 0.007872631295146783
42 0.008284609500806266
43 0.007932423032149276
44 0.00881714920268653
45 0.007715164210507337
46 0.007872631295146783
47 0.008104515554289721
48 0.009472243424813034
49 0.010765518564146898
50 0.01147593317996288
51 0.01096786080767825
