1 0.008489004726437845
2 0.004488604726437844
3 0.003117390081274307
4 0.002428311059191842
5 0.002029749904124721
6 0.0017752767337825318
7 0.001628231059191842
8 0.001428211059191842
9 0.0013200350656207304
10 0.0012296699041247207
11 0.0011632976587072083
12 0.0010961254948967283
13 0.0010442732570881959
14 0.0010192254923534854
15 0.0009751967337825319
16 0.0008882447264378441
17 0.0008743800015347874
18 0.0008404568617967642
19 0.0008323857481562396
20 0.0008195453619059489
21 0.0008192054923534853
22 0.0008120715526592734
23 0.0007517449073189492
24 0.0007357139503840382
25 0.0007357139503840382
26 0.0007357139503840382
27 0.0007936343947650907
