1 0.08816918403155428
2 0.046079621685462216
3 0.030939822249391062
4 0.02259610459519499
5 0.018479971811064422
6 0.01523681875102768
7 0.012851926165131672
8 0.011602508802839381
9 0.010296409042063595
10 0.009342190038239632
11 0.00852683192271509
12 0.007715231066979693
13 0.007220529125293463
14 0.0067418515406649955
15 0.006255735613863062
16 0.006231125241921001
17 0.006231125241921001
18 0.006231125241921001
19 0.0061928562218666276
20 0.0061928562218666276
21 0.0061928562218666276
22 0.006224055905154454
23 0.006231125241921001
24 0.006231125241921001
25 0.006231125241921001
26 0.006231125241921001
27 0.006231125241921001
28 0.006231125241921001
29 0.006231125241921001
30 0.006231125241921001
31 0.006231125241921001
32 0.006231125241921001
33 0.006231125241921001
34 0.006231125241921001
35 0.006231125241921001
36 0.006231125241921001
37 0.006231125241921001
38 0.006231125241921001
39 0.006231125241921001
40 0.006457472943385294
41 0.007220529125293463
42 0.0076724614139896535
43 0.007734438586089595
44 0.00811846326821469
45 0.007624086402387251
46 0.007216411793968612
47 0.007202448402529609
48 0.007202448402529609
49 0.007216411793968612
50 0.007746805105804919
51 0.009180658258139893
52 0.008443520120779108
53 0.011127290023203132
54 0.01144933328276004
55 0.015086622678465092
