14 0.0076666993862878185
15 0.0063273366567606956
16 0.004767214008006451
17 0.0045958142766142004
18 0.004136232848952781
19 0.0037366360261451284
20 0.00367665142129136
21 0.0030173903873327557
22 0.002960052836400557
23 0.0029324312021599503
24 0.0028409839680831814
25 0.0028409839680831814
26 0.0028409839680831814
27 0.0024165362673436164
28 0.0023836070040032255
29 0.0024165362673436164
30 0.0023836070040032255
31 0.0022979071383071002
32 0.0022979071383071002
33 0.0022979071383071002
34 0.0022979071383071002
35 0.0023836070040032255
36 0.0024165362673436164
37 0.0023836070040032255
38 0.0026512692460958554
39 0.0024391428625365925
40 0.001956024089021424
41 0.0019822919862913374
42 0.0019822919862913374
43 0.0019822919862913374
44 0.0019790689864606394
45 0.001938162008470304
46 0.001938162008470304
47 0.001938162008470304
48 0.001938162008470304
49 0.001938162008470304
50 0.001938162008470304
51 0.001938162008470304
52 0.001938162008470304
53 0.001938162008470304
54 0.0019790689864606394
55 0.001938162008470304
56 0.001938162008470304
57 0.001941568923098567
58 0.0019790689864606394
59 0.0023851576906940724
