59 0.0010090025983418244
60 0.0010090025983418244
61 0.0010090025983418244
62 0.0010072827704718562
63 0.0010072827704718562
64 0.0010059575862819312
65 0.0010059575862819312
66 0.0010065077189953377
67 0.0010065077189953377
68 0.0010058649150467799
69 0.0010058649150467799
70 0.0008161319681752023
71 0.0008161319681752023
72 0.0008161319681752023
73 0.0008163516563736269
74 0.0008163516563736269
75 0.0008163516563736269
76 0.0008163516563736269
77 0.0008163516563736269
78 0.0008166472543212686
79 0.0008166472543212686
80 0.0008113699466659409
81 0.0008113699466659409
82 0.0008113699466659409
83 0.0008113699466659409
84 0.0008081433738066365
85 0.0008081433738066365
86 0.0008081433738066365
87 0.0008083424019919055
88 0.0008085622317852349
89 0.0008071802497128752
90 0.0008071802497128752
91 0.0008072627704718562
92 0.0008072627704718562
93 0.0008072627704718562
94 0.0008057707430894107
95 0.0008056507932776324
96 0.0008056507932776324
97 0.0008046706805665303
98 0.000804304750905674
99 0.0008042395638884281
100 0.0008042395638884281
101 0.0006230173725045289
102 0.0006230173725045289
103 0.0006230173725045289
104 0.0006230282859874163
105 0.0006230173725045289
106 0.0006230173725045289
107 0.0006179107629565103
108 0.0006179107629565103
109 0.0006179107629565103
110 0.0006175751041513045
111 0.0006175751041513045
112 0.0006179107629565103
113 0.0006179107629565103
114 0.0006163316563736269
115 0.0006162188905578742
116 0.0006162188905578742
117 0.0006162188905578742
118 0.0006148979304577696
119 0.0006148979304577696
120 0.0006143096909410074
121 0.0006141229865280126
122 0.0006141229865280126
123 0.0006141229865280126
124 0.0006141229865280126
125 0.0006141229865280126
126 0.000612553675466454
127 0.000612553675466454
128 0.000612553675466454
129 0.000612553675466454
130 0.000612553675466454
131 0.0006118304603183615
132 0.000611826948107718
133 0.0006114389460265597
134 0.0006114389460265597
135 0.0006114389460265597
136 0.0006115795764848411
137 0.0006100810084698404
138 0.0006097619823527278
139 0.0006100810084698404
140 0.0006093849039661427
141 0.0006093115561920402
142 0.0006093115561920402
143 0.0006091348632746734
144 0.0006089625983418244
145 0.0006090263276817415
146 0.0006086943030898114
147 0.0006086815273164774
148 0.0006086638511221135
149 0.0006085422317852349
150 0.0006085208094098007
151 0.00060844423392383
152 0.0006083224019919055
153 0.00060844423392383
154 0.0006082941611130763
155 0.0006082231828120797
156 0.0006081233738066365
157 0.0006080042009733343
158 0.0006080042009733343
159 0.0006076755581267577
160 0.0006076112859221653
161 0.0006074463878204342
162 0.000607391366623303
163 0.000607367931325218
164 0.0006072743077882941
165 0.0006072427704718563
166 0.00060719416097481
167 0.0006071602497128752
168 0.0006071288676254545
169 0.0006071088501480334
170 0.0006071035124582478
171 0.0006070245355075985
172 0.0006069826340391434
173 0.0006069568779118722
174 0.0006067633883122942
175 0.0006067089565174736
176 0.0006066037330527943
177 0.000606537780530493
178 0.0006064773598296037
179 0.0006064677189953377
180 0.0006061332842251551
181 0.0006061295898791709
182 0.0006061278953157735
183 0.0006059175862819311
184 0.0006058848086302449
185 0.0006058249150467798
186 0.0006057820384263109
187 0.0006057507430894107
188 0.0006056942507890231
189 0.0006056307932776324
190 0.0006051787587952257
191 0.0006051334725444074
192 0.0006046506805665303
193 0.0006045291309235171
194 0.0006045117670083584
195 0.000604284750905674
196 0.0006042507348068167
197 0.0006042195638884282
198 0.0006041401023188192
199 0.0006041250463549473
200 0.0004249054161024802
