3 0.00622384981286428
4 0.005019318250127366
5 0.0037631465533061173
6 0.0031052077960698875
7 0.0026283310591918418
8 0.0024745400015347874
9 0.0022637758850329536
10 0.0022637758850329536
11 0.0022637758850329536
12 0.0022637758850329536
13 0.0022637758850329536
14 0.0022637758850329536
15 0.0022637758850329536
16 0.0022637758850329536
17 0.0022637758850329536
18 0.0022637758850329536
19 0.0022745200015347874
20 0.0022745200015347874
21 0.0022745200015347874
22 0.0022745200015347874
23 0.002688424726437844
24 0.004117490081274307
