92 0.0016205306783976972
98 0.0016133383925376788
99 0.0016209073380146419
100 0.001614488372414334
101 0.001422502309814704
102 0.001222482309814704
103 0.0020042547275395516
104 0.0012226711862516088
105 0.001424147537383271
106 0.0014105186014927013
107 0.0014113623260768801
108 0.0012128639440779846
109 0.0012115830589244745
110 0.0012241206233448865
111 0.00140809176532326
112 0.0012208976766562099
113 0.0012201726701983504
114 0.0014041249470475357
115 0.0014080388176769564
117 0.001420887338014642
