1 0.09334083867170206
2 0.04620248939984559
3 0.03101011526735305
4 0.023554210282274224
5 0.01868500483580007
6 0.015631697796021735
7 0.013414875266728254
8 0.011777105141137112
9 0.010269255993538699
10 0.009281320566387904
11 0.008655141115302089
12 0.008038749631048428
13 0.007350638931560615
14 0.006731776423012736
15 0.006361154007698364
16 0.0060257330310078995
17 0.005870118219635306
18 0.0053492783457350455
19 0.005107631747015576
20 0.0050017253446569855
21 0.004603569333520427
22 0.004457731954779205
23 0.004371634336684657
24 0.00418547573034366
25 0.004065361744649702
26 0.003977479955169343
27 0.003977479955169343
28 0.004018043985196904
29 0.004044721087999743
30 0.004045685264338249
31 0.004092320736537533
32 0.0042396338596180855
33 0.0043015447195758425
34 0.004311924192876939
35 0.004436866173076478
36 0.004516356764444159
37 0.0045392908273885575
38 0.0049298513034183086
39 0.005013219910127414
40 0.005357391980262538
41 0.005476694713592376
42 0.006691291786006866
43 0.0065688184422803
44 0.006722041882907136
45 0.0064350071583439816
46 0.00684847125624119
47 0.0063100647560135935
48 0.0063100647560135935
49 0.007919056895480196
50 0.009582053761948752
51 0.00893181164582444
53 0.009250373819632469
