21 0.008900516174297803
22 0.010267492253887227
23 0.009270358509242922
24 0.008867379673811697
25 0.007467267093736166
26 0.007467267093736166
27 0.006882496369904572
28 0.0067422343280685235
29 0.006533858707019145
30 0.006067154513660635
31 0.006048841298788955
32 0.005563039188091128
33 0.005563039188091128
34 0.005563039188091128
35 0.005563039188091128
36 0.005563039188091128
37 0.005563039188091128
38 0.005563039188091128
39 0.005563039188091128
40 0.005563039188091128
41 0.005563039188091128
42 0.005563039188091128
43 0.005563039188091128
44 0.005563039188091128
45 0.005563039188091128
46 0.005563039188091128
47 0.005563039188091128
48 0.007010201498602641
49 0.008873732346152956
50 0.008655141115302089
51 0.008452241798323167
52 0.008761820976514494
