19 0.005732688565061955
20 0.004437255209329073
21 0.004265793824183015
22 0.003968784391196738
23 0.003329268606134932
24 0.003329268606134932
25 0.0034512716210079062
26 0.003086832304264129
27 0.0032593738054626704
28 0.0029582328180067768
29 0.0029582328180067768
30 0.0029799509296119502
31 0.0024832924413432916
32 0.0024832924413432916
33 0.0024391428625365925
34 0.0024832924413432916
35 0.002798383605651693
36 0.0024651940150056473
37 0.0023836070040032255
38 0.0022801520484387566
39 0.0022300018282966627
40 0.0019703036781464926
41 0.0019721134263684767
42 0.0019703036781464926
43 0.0019721134263684767
44 0.0019600532055329646
45 0.0019024392035056755
46 0.0018875125372351956
47 0.0018875125372351956
48 0.0018875125372351956
49 0.0018875125372351956
50 0.0019024392035056755
51 0.0019024392035056755
52 0.004409760434663042
