1 0.016289147145937308
2 0.008288347145937307
3 0.005678581843994113
4 0.004291781176485876
5 0.003495143525000446
6 0.0030611997380036345
7 0.0026611597380036345
8 0.002296349229293512
9 0.002091561176485876
10 0.0018949835250004457
11 0.0018767240561114065
12 0.0016876871459373059
13 0.0016496922039594456
14 0.001497287256378717
15 0.0016496922039594456
16 0.001497287256378717
17 0.001497287256378717
18 0.0016888448644165582
19 0.001692482006509424
20 0.0024877671459373057
21 0.0026240927923724057
