23 0.015950610948471423
24 0.015950610948471423
25 0.012425919423332283
26 0.012911531708845063
27 0.009449382826122921
28 0.009449382826122921
29 0.009449382826122921
30 0.009449382826122921
31 0.00868959683746338
32 0.008999712859159167
33 0.008515517445519212
34 0.008515517445519212
35 0.008515517445519212
36 0.008515517445519212
37 0.007957375011471934
38 0.008515517445519212
39 0.007839455368351629
40 0.007292858959454982
41 0.00826218790004338
42 0.00826218790004338
43 0.009418546332833838
44 0.008465022728628688
45 0.009418546332833838
46 0.009441689064731331
47 0.010425671273704052
48 0.010776100749864539
49 0.011913714850086111
50 0.010478832252023458
51 0.01545215435633169
52 0.014359238984837524
