21 0.12094824352897884
22 0.1202574588399969
23 0.1202574588399969
24 0.1202574588399969
25 0.1202574588399969
26 0.12094824352897884
27 0.12094824352897884
28 0.18038618825999536
29 0.18038618825999536
30 0.18038618825999536
31 0.18038618825999536
32 0.18038618825999536
33 0.21670114743240018
34 0.20729164697759975
35 0.18789048681457726
36 0.20667953549603502
37 0.18038618825999536
38 0.20667953549603502
39 0.18038618825999536
40 0.18038618825999536
41 0.26167575763680273
42 0.36518488432000723
43 0.36518488432000723
44 0.36518488432000723
45 0.36518488432000723
46 0.36518488432000723
47 0.36518488432000723
48 0.36518488432000723
49 0.36518488432000723
50 0.36518488432000723
51 0.36518488432000723
52 0.36518488432000723
53 0.36518488432000723
54 0.40230676175421387
55 0.40230676175421387
56 0.40230676175421387
57 0.6695056212533467
58 0.5442973835498188
61 0.40767071047556325
