6 0.028253899571997858
11 0.02936535982969024
16 0.025914828715387
21 0.025914828715387
26 0.024537662984057542
31 0.024537662984057542
36 0.024537662984057542
37 0.04831677894602768
40 0.029403103367796238
41 0.024065784849748743
42 0.03990277988261871
43 0.02800325976480518
44 0.04343917779923294
45 0.02830945412148702
46 0.024065784849748743
47 0.0430552743853488
48 0.026425479865662994
49 0.024651940150056475
50 0.038253286563283286
51 0.043772335265642656
52 0.047814888114377535
54 0.043772335265642656
55 0.04725043142103502
