4 0.0032225085889952035
5 0.002864382146164366
6 0.0020223885889952033
7 0.0018269175860854527
8 0.0016268975860854527
9 0.0014922187112516808
10 0.001487323801009771
11 0.0012686196994612002
12 0.0012686196994612002
13 0.0012622423295279958
14 0.0011148839123802678
15 0.0011148839123802678
16 0.0011148839123802678
17 0.0011148839123802678
18 0.0011457241884200318
19 0.0011457241884200318
20 0.0011457241884200318
21 0.0011457241884200318
22 0.0012223085889952034
23 0.0013005829246791863
24 0.0013005829246791863
25 0.00205849554042988
26 0.00185847554042988
