6 0.0020707670679429224
7 0.0020707670679429224
8 0.0016091647800398493
9 0.0015403999588126556
10 0.0013403799588126556
11 0.0011778346405912725
12 0.0011061380022080597
13 0.0010956358155788173
14 0.001030828553691179
15 0.0010209676394775957
16 0.0009279775723052496
17 0.0009005541881261888
18 0.0008865235204621659
19 0.0008808482853317404
20 0.0008726257245918508
21 0.0008726257245918508
22 0.0008865235204621659
23 0.0008865235204621659
24 0.0008865235204621659
25 0.0011112761570309985
26 0.0012051918830810876
