42 0.00281991559063441
43 0.0028197135632825466
44 0.0028197135632825466
45 0.0028164921108604873
46 0.0028164921108604873
47 0.0028164921108604873
48 0.002813982750145601
49 0.002605047884585279
50 0.0024078103264765565
51 0.0024078103264765565
52 0.0024078103264765565
53 0.0024078103264765565
54 0.001811639182335587
55 0.001811639182335587
56 0.001811639182335587
57 0.001811639182335587
58 0.001811639182335587
59 0.001811639182335587
60 0.0018112290580010717
61 0.001811639182335587
62 0.001811639182335587
63 0.0016167622559058875
64 0.0016167622559058875
65 0.0016124592018915643
66 0.0016125361979518497
67 0.0014248718145973066
68 0.0014251052646743415
69 0.0014251052646743415
70 0.0014251052646743415
71 0.0014251052646743415
72 0.001604608581032436
73 0.001604608581032436
74 0.001604608581032436
75 0.0014144658356193133
76 0.0014144658356193133
77 0.0014144658356193133
78 0.0014144658356193133
79 0.001414535312969437
80 0.0014147023492552908
81 0.001414535312969437
82 0.0014097399788691467
83 0.0014097399788691467
84 0.001408815950298741
85 0.001408815950298741
86 0.001408815950298741
87 0.001408815950298741
88 0.001408815950298741
89 0.001407278121384712
90 0.001407278121384712
91 0.00140630374399054
92 0.00140630374399054
93 0.0012205824797672416
94 0.0012205824797672416
95 0.0012205824797672416
96 0.0012205824797672416
97 0.0012205824797672416
98 0.0012205824797672416
99 0.001219804701210945
100 0.00121975559063441
101 0.00121975559063441
102 0.00121975559063441
103 0.00121975559063441
104 0.00121975559063441
105 0.001219556825999444
106 0.001219556825999444
107 0.00121975559063441
108 0.00121975559063441
109 0.001219804701210945
110 0.001219804701210945
111 0.001219804701210945
112 0.00121975559063441
113 0.001219804701210945
114 0.001219804701210945
115 0.001219804701210945
116 0.001219804701210945
117 0.0012200151568653099
118 0.001224330945944394
119 0.0012204377552981292
120 0.0012204377552981292
121 0.0012223869941607652
122 0.0012223869941607652
123 0.0014094737529539842
124 0.0014131627628766238
125 0.0014082065399757897
126 0.0018204977552981293
127 0.00201983559063441
128 0.0014198247012109449
129 0.0024042932594428483
130 0.001821348091234856
131 0.0022236707125294066
132 0.0022184977373883585
133 0.0024148023492552907
134 0.002604750340961919
