6 0.009027937927746473
11 0.005833604261104012
16 0.004368530076971776
21 0.0038664580277497857
26 0.002778010157147468
31 0.002778010157147468
36 0.0026833079416168602
40 0.0035899103145255453
41 0.0024391428625365925
42 0.0028284154190882757
43 0.0032000961658518873
44 0.002568530551874852
45 0.002495362046766137
46 0.0022799602101319424
47 0.0022799602101319424
48 0.002396228137268366
49 0.0023150084642895564
50 0.0023942532139161208
51 0.0019581387908351408
52 0.0024391428625365925
53 0.0023356323485505064
54 0.002473836233075799
55 0.0019426636961647555
56 0.002307389785124874
57 0.003813771206405161
59 0.002307389785124874
