53 0.004629131450006103
54 0.003308665242490751
55 0.003347503798483705
56 0.003347503798483705
57 0.0029747644920240486
58 0.002927709445368404
59 0.002525443444614908
60 0.002525443444614908
61 0.002525443444614908
62 0.002525443444614908
63 0.002525443444614908
64 0.002525443444614908
65 0.002525443444614908
66 0.002525443444614908
67 0.002525443444614908
68 0.002525443444614908
69 0.002534743807030774
70 0.002534743807030774
71 0.002481498931868063
72 0.002481498931868063
73 0.002481498931868063
74 0.002481498931868063
75 0.002481498931868063
76 0.002481498931868063
77 0.002481498931868063
78 0.0025126064733423516
79 0.0025126064733423516
80 0.0025126064733423516
81 0.0025126064733423516
82 0.0025165192769298324
83 0.002516626015456591
84 0.0025165192769298324
85 0.0025394334661125134
86 0.0025343254591005705
87 0.0029579315577300683
88 0.003760341571114479
89 0.0027056478521960687
90 0.004225853579634835
91 0.003771431848877127
