1 0.08794603795288028
2 0.04441274916620454
3 0.030440683859975105
4 0.023080220118504226
5 0.018784728115779338
6 0.01566799904557542
7 0.013191905692932042
8 0.01148982354010157
9 0.01036254780830802
10 0.00945874015670038
11 0.008732265890477193
12 0.007844939277277408
13 0.00727689568301498
14 0.006822089702826543
15 0.00630319117189196
16 0.006046755938659779
17 0.005967698577635405
18 0.005967698577635405
19 0.005967698577635405
20 0.005967698577635405
21 0.005967698577635405
22 0.005967698577635405
23 0.005967698577635405
24 0.005967698577635405
25 0.005967698577635405
26 0.005967698577635405
27 0.005967698577635405
28 0.005967698577635405
29 0.005967698577635405
30 0.006267199618230168
31 0.005967698577635405
32 0.005967698577635405
33 0.005967698577635405
34 0.005967698577635405
35 0.005967698577635405
36 0.005967698577635405
37 0.006046755938659779
38 0.006058868360059566
39 0.006058868360059566
40 0.006075650529474036
41 0.006117666324919613
42 0.006216900995988105
43 0.007048836342046754
44 0.006706358154763831
45 0.006603640657605738
46 0.006603640657605738
47 0.006603640657605738
48 0.006603640657605738
49 0.006603640657605738
50 0.007951281934807342
51 0.008378315717815563
52 0.008849086971162415
53 0.010778478142879962
54 0.007785767526454564
56 0.014438775319743608
