21 0.009218810602817564
22 0.009218810602817564
23 0.009202514550175043
24 0.008877255478990691
25 0.008877255478990691
26 0.008877255478990691
27 0.008877255478990691
28 0.009202514550175043
29 0.009202514550175043
30 0.009202514550175043
31 0.009202514550175043
32 0.009202514550175043
33 0.009370436338934618
34 0.009370436338934618
35 0.009547854334798784
36 0.010142766005192549
37 0.010228541578829659
38 0.010092075950244682
39 0.01021026435048257
40 0.010410549605204902
41 0.01107814795290343
42 0.010410549605204902
43 0.010410549605204902
44 0.010410549605204902
45 0.01089923929789218
46 0.01089923929789218
47 0.011202688395861055
48 0.014331786753763273
49 0.012442269300089875
50 0.015942088473498577
51 0.019278168330279673
52 0.02680847162305912
53 0.028652510320517487
