1 0.040226120331429464
2 0.020224120331429462
3 0.013667166876204718
4 0.010296943897875228
5 0.008296743897875228
6 0.007063198690981624
7 0.0060258048447135795
8 0.005296443897875227
9 0.0048225803314294585
10 0.004296611758101358
11 0.004015944491423929
12 0.003671931272347655
13 0.003438317086527078
14 0.003239038431565789
15 0.0030374434336684656
16 0.0028573261409869117
17 0.0026894165183029423
18 0.002624403440015207
19 0.002455381829268997
20 0.002299892071943873
21 0.002296411758101358
22 0.002223661782477225
23 0.002071771272347655
24 0.0020553418292689972
25 0.0020553418292689972
26 0.0020553418292689972
27 0.0020553418292689972
28 0.002096391758101358
29 0.0022206997929481815
30 0.0022381970865270775
31 0.0022853966000791147
32 0.002296411758101358
33 0.002431562906452827
34 0.0024610018471821404
35 0.0024610018471821404
36 0.0024605769333520427
37 0.0024572861409869117
38 0.002478169413286205
39 0.0024854166000791147
40 0.002631582906452827
41 0.0026637579254621463
42 0.0028854566000791147
43 0.0030354057171437716
44 0.0032642781007135857
45 0.003243763744404355
46 0.003281385611868676
47 0.0034894965183029426
48 0.0036965517581013583
49 0.003857426140986912
50 0.0034595421617162644
51 0.0040895565183029425
52 0.003846133195477921
53 0.0064822081662906095
55 0.005278449413286205
