1 0.008343703421243364
2 0.004343303421243363
3 0.003009304780039849
4 0.002409244780039849
5 0.0020092047800398492
6 0.0017061980022080596
7 0.0015061780022080596
8 0.0014091447800398493
9 0.001286563520462166
10 0.0012300199554268326
11 0.001092245982950694
12 0.001092245982950694
13 0.0010299999554268327
14 0.0009576695031467902
15 0.0009061180022080597
16 0.0008922259829506941
17 0.0008865235204621659
18 0.0008308085536911789
19 0.0008125176320693313
20 0.0007701407651727486
21 0.0007629544144096055
22 0.0007536595103313512
23 0.0007429434212433627
24 0.0007112361570309985
25 0.0007060980022080597
26 0.0006958165538128226
27 0.0006955958155788174
28 0.0006922059829506941
29 0.0007536595103313512
30 0.0008299799554268326
