4 0.006216352096067243
5 0.0045136025409493845
6 0.0045136025409493845
7 0.0045136025409493845
8 0.0045136025409493845
9 0.0045136025409493845
10 0.0045136025409493845
11 0.0045136025409493845
12 0.0045136025409493845
13 0.0045136025409493845
14 0.0045136025409493845
15 0.0045136025409493845
16 0.0045136025409493845
17 0.0045136025409493845
18 0.004660737547296297
19 0.0046993506402528565
20 0.004660737547296297
21 0.004713622540949384
22 0.005404996113312301
23 0.004787071181207935
24 0.005113662540949384
25 0.008055759220537138
