11 0.0026892993877406903
12 0.002603753837278729
13 0.0022813395247567275
14 0.0020419628774540977
15 0.001970912343252383
16 0.0018516337862655536
17 0.0017091175910895135
18 0.0016943273536991607
19 0.0014845355730413237
20 0.0014781842574392873
21 0.001423304451538511
22 0.0013613085849693983
23 0.0013497808854061493
24 0.0013145246626809705
25 0.001303280181249605
26 0.0013018769186393644
27 0.0012344225241770358
28 0.0011406697623783638
29 0.001139411727393009
30 0.001139411727393009
31 0.001200854725149952
