5 0.003883253618520127
6 0.0033978469162051113
7 0.0029124402138900954
8 0.002565912704746917
9 0.002353408294039967
10 0.0021354941325307498
11 0.0019416268092600636
12 0.0017595047595337595
13 0.001677516821038044
14 0.0015118032661036009
15 0.0014437830169390896
16 0.0013131259347132374
17 0.0013099984410742762
18 0.001258137615778533
19 0.0012287702303120382
20 0.00117326236241587
21 0.0010755711834094426
22 0.0009978212805057125
23 0.0009413633176159866
24 0.0009260932534436081
25 0.0009214362455423903
26 0.0009205950945925933
27 0.0009126887643029962
28 0.0009101151497484512
29 0.0009005636299893758
30 0.0008834283510481356
31 0.0008797523797668798
32 0.0008754172898088249
33 0.0008749538945366893
34 0.0008541976530123
35 0.000838758410519022
36 0.000831504192134487
37 0.0008191801535413587
38 0.0008150227712823833
