8 0.0020708616588079936
9 0.0014378286449044126
10 0.0012375769472683447
11 0.0011784563535571734
12 0.0011040144220345338
13 0.0011040144220345338
14 0.0010707616588079933
15 0.0008989706402528563
16 0.0008989706402528563
17 0.0009027585557975512
18 0.000850341814994688
19 0.000850341814994688
20 0.0008375369472683447
21 0.0008375369472683447
22 0.0008375369472683447
23 0.0008271588265061499
24 0.0007542200683530315
25 0.0007542200683530315
26 0.0007542200683530315
27 0.0007648075930217794
28 0.0008158120960672435
29 0.0008377686449044124
