18 0.0024669241933585103
19 0.0020668841933585104
20 0.0016855295966164302
21 0.0016465893316885449
22 0.0016465893316885449
23 0.0014886105561256794
24 0.001486887832028583
25 0.0014703660145857279
26 0.0014703660145857279
27 0.0014703660145857279
28 0.0014703660145857279
29 0.0014703660145857279
30 0.0014780694132862048
31 0.001486887832028583
32 0.0014814777373753018
33 0.0014886105561256794
34 0.0014886105561256794
35 0.0014456263922426253
36 0.0012852966000791149
37 0.001282297911539161
38 0.0012604569333520429
39 0.0012604569333520429
40 0.0012604569333520429
41 0.0012604569333520429
42 0.0012668041933585105
43 0.0012668041933585105
44 0.0012668041933585105
45 0.0012668041933585105
46 0.0012700244326938098
47 0.0012700244326938098
48 0.0012963117581013578
49 0.0014088316884689103
50 0.0016589730913269716
51 0.0016886305561256794
