61 0.0014133883865394266
62 0.001404844499133448
63 0.0014057534132745192
64 0.001404844499133448
65 0.0014039074296812223
66 0.001403451538085917
67 0.001403451538085917
68 0.0012196078192964973
69 0.0012177298610213053
70 0.0012185516265484097
71 0.0012133683865394266
72 0.0012133683865394266
73 0.0012128210108817042
74 0.0012098834126704934
75 0.001204824499133448
76 0.0012098834126704934
77 0.001204824499133448
78 0.001204824499133448
79 0.0012053762122966078
80 0.0012053762122966078
81 0.001204824499133448
82 0.001204824499133448
83 0.001204824499133448
84 0.001204824499133448
85 0.0012053762122966078
86 0.0012072454516705868
87 0.0012072454516705868
88 0.0012072454516705868
89 0.0012098834126704934
90 0.0012072454516705868
91 0.0010156251825632972
92 0.0010156251825632972
93 0.0010156251825632972
94 0.0010156251825632972
95 0.0010156251825632972
96 0.0010156251825632972
97 0.0010163623151101756
98 0.0010205124747095422
99 0.0010205124747095422
100 0.0010205124747095422
101 0.0010205124747095422
102 0.0010205124747095422
103 0.0010209892015183705
104 0.0010243958699845662
105 0.0010243958699845662
106 0.0010243958699845662
107 0.0010243958699845662
108 0.0010243958699845662
109 0.0010243958699845662
110 0.0012100176216032917
111 0.0012149523900982276
112 0.0010218991469432895
113 0.0010218991469432895
114 0.0010218991469432895
115 0.0010218991469432895
116 0.0010218991469432895
117 0.0010218991469432895
118 0.0012247619445080091
