93 0.0008195678192964972
94 0.000817271304331324
95 0.000817271304331324
96 0.000817271304331324
97 0.000817271304331324
98 0.000817271304331324
99 0.000817271304331324
100 0.000817271304331324
101 0.000817271304331324
102 0.000817271304331324
103 0.000817271304331324
104 0.000817271304331324
105 0.0008150474181028602
106 0.0008149123900982276
107 0.0008132206336402374
108 0.0008149123900982276
109 0.0008132206336402374
110 0.0008132206336402374
111 0.0008132206336402374
112 0.0008132206336402374
113 0.0008132206336402374
114 0.0008132206336402374
115 0.0008149123900982276
116 0.0008169691712439759
117 0.0008169691712439759
118 0.0008169691712439759
119 0.0008169691712439759
120 0.0008169691712439759
121 0.0008169691712439759
122 0.0008187420821744958
123 0.0008169691712439759
124 0.0008169691712439759
125 0.0008169691712439759
126 0.0008185116265484098
127 0.0008194047654609244
128 0.0008204167662429621
129 0.0008238547022369505
130 0.00082310812639399
131 0.0008239109012114774
132 0.0008239109012114774
133 0.0008212939975611463
134 0.0010058155152726214
135 0.0010084740863975628
136 0.0010126529895441013
138 0.0010144171535769399
