36 0.0016049532779487466
37 0.001423918492942094
38 0.001407399733954323
39 0.0014056127965908088
40 0.0014056127965908088
41 0.00121955156022702
42 0.0012165347602272033
43 0.0012136790046234046
44 0.0012113423260768801
45 0.0012192014342016116
46 0.0012192014342016116
47 0.001207379733954323
48 0.0012060372424199685
49 0.0012049132779487466
50 0.0012060372424199685
51 0.0010210891783282046
52 0.0010194480683531544
53 0.0010171664030840203
54 0.001016847610256233
55 0.0010190781099004623
56 0.0010158523957111843
57 0.0010130751694499168
58 0.0010113223260768802
59 0.0010099021297680247
60 0.0010081630656849896
61 0.001006934004494609
62 0.0010065986047866093
63 0.001006435710628657
64 0.001006532523212774
65 0.0010052865951250475
66 0.001004211439593946
67 0.0008239648033395577
68 0.0008225964251872746
69 0.0008222939201903187
70 0.0008219040221145149
71 0.0008192197384900527
72 0.0008188462895831492
73 0.0008171464030840201
74 0.0008168480943951857
75 0.0008163803956985126
76 0.0008149001038061069
77 0.0008115425177356857
78 0.0008171464030840201
79 0.0008182811348236898
80 0.0008115425177356857
81 0.0008113609560719922
82 0.0008109218949270503
83 0.0008103964761343666
84 0.0008099646013310424
85 0.0008088718615746095
86 0.0008083033027763754
87 0.0008081508403959272
88 0.0008079627819929341
89 0.0008072567451617621
90 0.000806837905037554
91 0.0008064339872066897
92 0.0008063082641572188
93 0.0008059242117298399
94 0.0008056959200588726
95 0.0008056190051263229
96 0.0008052665951250473
97 0.0008047061452760453
98 0.0008041973692760506
99 0.0008040831829781896
100 0.000624067537383271
101 0.0006240606233448864
102 0.000623356234965763
103 0.0006225764251872746
104 0.0006220812774951272
105 0.0006217977496886602
106 0.0006210491783282045
107 0.0006207382693758003
108 0.0006195241058540362
109 0.00061949156022702
110 0.0006192563230802262
111 0.000619085401586452
112 0.0006182399494423697
113 0.0006175620005532769
114 0.0006173850794517564
115 0.0006175620005532769
116 0.0006168473403508357
117 0.0006164549598022457
118 0.0006163603956985126
119 0.000615809905112274
120 0.0006148801038061069
121 0.0006140359887866521
122 0.0006136190046234046
123 0.0006132607130388194
124 0.0006132014221007972
125 0.0006129877799592779
126 0.0006128039440779846
127 0.0006125036531605501
128 0.0006124298456722512
129 0.0006122982591497685
130 0.00061197180298389
131 0.00061197180298389
132 0.0006118852783866483
133 0.00061197180298389
134 0.0006115230589244746
135 0.0006115225177356857
136 0.0006107649286193186
137 0.0006107063194560086
138 0.000610408115149816
139 0.0006103764761343667
140 0.0006102813357126843
141 0.0006102127783889169
142 0.0006099446013310424
143 0.0006098621297680247
144 0.0006097126981715092
145 0.0006094519642040226
146 0.0006094418684471698
147 0.0006093616561206092
148 0.0006086291110025447
149 0.0006083812499132694
150 0.0006082833027763754
151 0.0006082392845266001
152 0.0006081903878778035
153 0.0006081308403959272
154 0.0006081230656849895
155 0.0006081215789209553
156 0.0006080117653232602
157 0.0006079588176769564
158 0.0006077126591830214
159 0.0006073197339543229
160 0.0006072367451617621
161 0.0006068940044946091
162 0.0006068179050375541
163 0.0006067620531805237
164 0.0006065586047866091
165 0.0006064925232127739
166 0.0006064825655178143
167 0.0006064368849892816
168 0.0006064139872066898
169 0.0006064104387084413
170 0.0006063957106286569
171 0.0006063861715158006
172 0.0006062882641572189
173 0.0006062077670609061
174 0.000606205619146202
175 0.0006060440053182769
176 0.0006059772424199685
177 0.0006059619296972267
178 0.0006059042117298399
179 0.0006056944751497948
180 0.0006056759200588726
181 0.0006056191351896808
182 0.0006055990051263229
183 0.0006055327965908087
184 0.0006055189173630919
185 0.0006052465951250474
186 0.0006051745162551509
187 0.0006049925110501727
188 0.0006048780231773837
189 0.0006048532779487465
190 0.000604746572936874
191 0.0006047422927552895
192 0.0006046861452760453
193 0.0006042132734629931
194 0.0006041773692760506
195 0.000604171439593946
