6 0.018431273887285618
11 0.014447644988718264
16 0.011635805759869989
21 0.009859702606836617
26 0.009428023403925798
30 0.012063430618553231
31 0.008464428262543103
32 0.012731664513672325
33 0.009957626751986137
34 0.01213430902732127
35 0.01141287043633123
36 0.008464428262543103
37 0.009415618414191309
38 0.008464428262543103
39 0.008867264577244452
40 0.008926990161754075
41 0.009582053761948752
42 0.009582053761948752
43 0.010589870222256638
44 0.010493533510821336
45 0.01069215341382301
46 0.011296842322583885
47 0.011296842322583885
48 0.014339720503035346
