92 0.001618584581104181
93 0.001618584581104181
94 0.0012618448866495125
95 0.0012618448866495125
96 0.0012618448866495125
97 0.0012618448866495125
98 0.0012618448866495125
99 0.0012618448866495125
100 0.0012627894872519578
101 0.0012627894872519578
102 0.0012627894872519578
103 0.0012472037455597113
104 0.001247798479613148
105 0.0012472037455597113
106 0.0012472037455597113
107 0.0012472037455597113
108 0.0012472037455597113
109 0.0012472037455597113
110 0.0012472037455597113
111 0.0012472037455597113
112 0.0012472037455597113
113 0.0012472037455597113
114 0.0012472037455597113
115 0.0012472037455597113
116 0.0012472037455597113
117 0.0012472037455597113
118 0.0012563834922161977
119 0.001247798479613148
120 0.0012472037455597113
121 0.0012472037455597113
122 0.0012472037455597113
123 0.0012472037455597113
124 0.0012472037455597113
125 0.0012472037455597113
126 0.001247798479613148
127 0.001247798479613148
128 0.001247798479613148
129 0.001247798479613148
130 0.0012596220600613033
131 0.0012596220600613033
132 0.0012676092755618238
133 0.0012657255168105862
134 0.0016326015515112139
135 0.0012717144100186733
136 0.0012623930299686295
137 0.0012623930299686295
138 0.0016490330365990739
