6 0.02006944367748935
11 0.013797432700650269
16 0.011828210425151383
21 0.010246311229767009
26 0.009514955467204612
31 0.009514955467204612
35 0.012534911914787793
36 0.009008722492210054
37 0.012124110597136428
38 0.011285424000550456
39 0.011457946560645534
40 0.010246311229767009
41 0.009008722492210054
42 0.009008722492210054
43 0.010644805575074962
44 0.009959120480516361
45 0.009514955467204612
46 0.009995892031918741
47 0.009995892031918741
48 0.010486451013925074
49 0.011221018388825183
50 0.010955032528567998
51 0.011974508453070624
52 0.011974508453070624
53 0.015285509202977346
