1 0.03631064585147262
2 0.019063089072023122
3 0.014070375267445638
4 0.010565584305696037
5 0.00911313843047555
6 0.008041553290423536
7 0.006868634599445908
8 0.006405465115570245
9 0.005539742467454125
10 0.005420008943944054
11 0.005420008943944054
12 0.005420008943944054
13 0.005420008943944054
14 0.005420008943944054
15 0.005420722020716683
16 0.005912737029757149
17 0.006004273625749759
18 0.006405465115570245
19 0.006572623313404853
20 0.006405465115570245
21 0.006172112620885179
22 0.006572623313404853
23 0.0074065351450622145
24 0.013018769186393645
25 0.016047492814301463
26 0.019060607608874073
