55 0.0020277950256316147
56 0.0020235114637764473
57 0.0020235114637764473
58 0.0020277950256316147
59 0.0016372866244824368
60 0.0016352474462984377
61 0.0016406911135556676
62 0.0016291189358172916
63 0.0016318870612930404
64 0.0016343564440101787
65 0.001651980677799667
66 0.001651980677799667
67 0.0012745639020135659
68 0.001274609201663457
69 0.0016188091710211579
70 0.0016188091710211579
71 0.0012602180105950513
72 0.001258104205059463
73 0.0012546634044710695
74 0.0012503028307686986
75 0.0012489611870955377
76 0.0012472037455597113
77 0.0012445203114183206
78 0.0012443531589027964
79 0.0012389855083497503
80 0.0012371695370167538
81 0.0012339028682159766
82 0.0012325856847811509
83 0.001231104345449448
84 0.0012307240071380526
85 0.001225767333007634
86 0.001224729908329126
87 0.0012244511636334105
88 0.0012239152959697803
89 0.0012237083459788022
90 0.001220166159541571
91 0.001219121961620069
92 0.0012187447924716563
93 0.0012184968574386061
94 0.00121776578909168
95 0.0012169634254493842
96 0.0012164783897724261
97 0.0012148575331505178
98 0.0012124121078281517
99 0.0012120863440864224
100 0.0008496853707840716
101 0.0008466658981291515
102 0.0008454631757301074
103 0.0008447841414427201
104 0.0008445698396594601
105 0.0008438170112070574
106 0.0008432177292515323
107 0.0008407813567953943
108 0.0008401453403967008
109 0.0008397227463931173
110 0.0008389031204540399
111 0.0008382028684032228
112 0.0008363998988847393
113 0.0008350440011065537
114 0.0008350336410305255
115 0.0008346901589035129
116 0.0008331720113725206
117 0.0008326407913970251
118 0.0008314691637064742
119 0.0008328299196044913
120 0.0008326407913970251
121 0.0008314691637064742
122 0.0008305685891049563
123 0.000828240351770416
124 0.0008267444228878679
125 0.0008263967850753574
126 0.0008263228442015943
127 0.0008263967850753574
128 0.0008258955599185556
129 0.0008258955599185556
130 0.0008253204321195368
131 0.0008247796913445024
132 0.0008247796913445024
133 0.0008242830382872286
134 0.0008236905567732965
135 0.0008222642790951741
136 0.000821449857238637
137 0.0008213326389120171
138 0.0008207972029854026
139 0.0008206729522687334
140 0.0008205457305829145
141 0.0008204826714253684
142 0.0008205457305829145
143 0.0008203455567778338
144 0.0008195717333480857
145 0.0008193453963430184
146 0.0008188239284080451
147 0.0008188037368943395
148 0.0008186433122412184
149 0.0008176237231492189
150 0.0008171782220050893
151 0.0008166824998265387
152 0.0008164866055527507
153 0.0008163985690532
154 0.0008163007757556069
155 0.0008161631578419105
156 0.0008161816807918544
157 0.000816166131369979
158 0.0008159435306465202
159 0.0008158785653878116
160 0.0008158376353539127
161 0.0008158055639858682
162 0.0008145594679086458
163 0.000814393490323524
164 0.000813708008989218
165 0.000813555810075108
166 0.0008134441063610473
167 0.0008129050464255477
168 0.0008128851310356285
169 0.0008127937699785632
170 0.0008127114212573137
171 0.0008127114212573137
172 0.0008127937699785632
173 0.0008127114212573137
174 0.0008497092680090439
176 0.0008447620670284915
