23 0.007696951758101358
24 0.0062201496045168145
25 0.005866386876204718
26 0.0048209597929481825
27 0.004666266876204718
28 0.004666266876204718
29 0.0040662068762047174
30 0.0040662068762047174
31 0.0040225003314294586
32 0.0036663749984430535
33 0.0036663749984430535
34 0.0036663749984430535
35 0.00307020443269381
36 0.00307020443269381
37 0.00307020443269381
38 0.0032610818471821403
39 0.00307020443269381
40 0.003247502602831202
41 0.0032281856663974456
42 0.003098040320273941
43 0.0032281856663974456
44 0.00307020443269381
45 0.00327022443269381
46 0.003098040320273941
47 0.0032661268762047176
48 0.005066306876204718
49 0.004263917925462146
50 0.004263917925462146
51 0.005217480354189775
52 0.005657606140986912
