1 0.008238276947268345
2 0.004313582540949384
3 0.003019659205259511
4 0.0023133825409493835
5 0.0019133425409493835
6 0.0016572058668133296
7 0.0014564643821514981
8 0.0013132825409493834
9 0.001219479205259511
10 0.0011542600683530314
11 0.001041794175524068
12 0.0010194592052595111
13 0.0010075913856411917
14 0.0008989706402528563
15 0.0008707416588079934
16 0.0008550392205371382
17 0.0008375369472683447
18 0.0008158120960672435
19 0.0008075713856411917
20 0.0007132225409493835
21 0.0007030820539258278
22 0.000685446702315016
23 0.0006624306773325224
24 0.0006607581227711952
25 0.0006603375472962967
26 0.0006571058668133295
27 0.000656384382151498
28 0.0006550975748742257
29 0.000650321814994688
30 0.0006417541755240679
31 0.00063991618988344
32 0.0006377486449044125
33 0.0006375169472683447
34 0.0006271388265061499
35 0.0006194192052595111
36 0.0006501989417052733
