1 0.020215757786683677
2 0.0102696074606011
3 0.007014437786683677
4 0.0052883285725073195
5 0.004299056295800727
6 0.003688168572507319
7 0.0032306421898561258
8 0.0028772915381388145
9 0.002613997786683676
10 0.0022988562958007265
11 0.002213957786683676
12 0.002030522189856126
13 0.0018868782043662076
14 0.0018190787431657074
15 0.0016868582043662074
16 0.0016304821898561256
17 0.0014956929965728345
18 0.0014771515381388147
19 0.001461597957024975
20 0.0014190387431657072
21 0.0012868182043662075
22 0.001269827985084527
23 0.0012543727922309546
24 0.0012304421898561256
25 0.0010987362958007267
26 0.001085882700668427
27 0.001085745924041189
28 0.0010664772676086155
29 0.0010558574484693176
30 0.0010519179044327504
31 0.001043059435289345
32 0.0010348788546867861
33 0.0010083247135371201
34 0.0008948272466151599
35 0.0008930988030011295
36 0.0008878885725073186
37 0.000884600502117576
38 0.0008793056274536734
39 0.0008770915381388145
40 0.0008697879850845271
41 0.0008607547204543106
42 0.0008572165951216982
43 0.0008543327922309546
44 0.0008418154235010876
45 0.0008410360434663042
46 0.0008348588546867861
47 0.0008211301277082749
48 0.000813817786683676
49 0.0008125681063043317
50 0.0006966984882686584
51 0.0006948159860310118
52 0.0006930788030011295
53 0.0006926159195366232
54 0.0006890460222553561
55 0.0006860033031563248
56 0.0006860033031563248
57 0.000684580502117576
58 0.0006792856274536734
59 0.0006788906427832242
60 0.0006770715381388146
61 0.0006734960846312808
62 0.0006679461040847806
63 0.0006671195032681411
64 0.0006671195032681411
65 0.0006686474606011001
66 0.0006576994629525908
67 0.0006560320420263884
68 0.0006558174484693176
69 0.0006562430025142281
70 0.0006562430025142281
71 0.0006562430025142281
72 0.0006526024222541796
73 0.0006502107241033069
74 0.0006492231130534713
75 0.0006478993328576679
76 0.0006460403656593325
77 0.0006417954235010876
78 0.0006417954235010876
79 0.0006412647645643865
80 0.0006697679850845271
81 0.0006773144308732603
82 0.0006933821394000928
