7 0.0016817162081312947
8 0.0012816762081312948
9 0.0012551575748742257
10 0.0010816562081312948
11 0.0010631266267218042
12 0.00103995618988344
13 0.0010045561133123007
14 0.000863106626721804
15 0.000856404382151498
16 0.0008399361898834399
17 0.0008375369472683447
18 0.0008158120960672435
19 0.0008096500767706794
20 0.0007132225409493835
21 0.000685446702315016
22 0.0006689029710338636
23 0.000663086626721804
24 0.0006624306773325224
25 0.0006603375472962967
26 0.0006571058668133295
27 0.000656384382151498
28 0.0006550975748742257
29 0.000650321814994688
30 0.0006417541755240679
31 0.00063991618988344
32 0.0006377486449044125
33 0.0006375169472683447
34 0.0006271388265061499
35 0.0006194192052595111
36 0.0006501989417052733
