10 0.03262824650261273
11 0.03014125813120267
12 0.031136053479766695
13 0.031633451154048704
14 0.031633451154048704
15 0.03262824650261273
16 0.03265521507804678
17 0.034139543036139815
18 0.042550734798667014
19 0.042550734798667014
20 0.042550734798667014
21 0.042550734798667014
22 0.042550734798667014
23 0.042550734798667014
24 0.042550734798667014
25 0.042550734798667014
26 0.042550734798667014
27 0.042550734798667014
28 0.042550734798667014
29 0.042550734798667014
30 0.042550734798667014
31 0.042550734798667014
32 0.042550734798667014
33 0.042550734798667014
34 0.042550734798667014
35 0.04257619998825295
36 0.04257619998825295
37 0.04257619998825295
38 0.04257619998825295
39 0.04257619998825295
40 0.04257619998825295
41 0.04257619998825295
42 0.04257619998825295
43 0.04257619998825295
44 0.04257619998825295
45 0.04257619998825295
46 0.04257619998825295
47 0.04257619998825295
48 0.04257619998825295
49 0.048840871800609184
