13 0.002843239435289345
14 0.0026412160434663044
15 0.0024134693842225814
16 0.00205381155422218
17 0.002069907985084527
18 0.0020214177631449584
19 0.0018847005021175763
20 0.0018847005021175763
21 0.0018665572676086156
22 0.0016934821394000927
23 0.0016934821394000927
24 0.0016934821394000927
25 0.0016934821394000927
26 0.0016834472534687232
27 0.0016572965951216982
28 0.001489126022255356
29 0.0014572765951216982
30 0.0014572765951216982
31 0.0014572765951216982
32 0.0014572765951216982
33 0.0014735760846312808
34 0.0014735760846312808
35 0.0012671795032681411
36 0.0012551520990193546
37 0.0012551520990193546
38 0.0012551520990193546
39 0.0012247875828451979
40 0.0012514968963873237
41 0.0012247875828451979
42 0.0012247875828451979
43 0.001243079435289345
44 0.001243079435289345
45 0.001243079435289345
46 0.001243079435289345
47 0.001243079435289345
48 0.00129486724661516
49 0.0012768214008006453
50 0.0014888259357875829
51 0.0018561520420263887
