67 0.007222408301731912
68 0.006822368301731912
69 0.006022288301731912
70 0.005824901292424419
71 0.00562488129242442
72 0.005822268301731911
73 0.00562488129242442
74 0.005822268301731911
75 0.006022288301731912
76 0.005824901292424419
77 0.005824901292424419
78 0.005822268301731911
79 0.005822268301731911
80 0.006222308301731911
81 0.006022288301731912
82 0.005822268301731911
83 0.006022288301731912
84 0.006022288301731912
85 0.005822268301731911
86 0.0060053044991334485
87 0.0060053044991334485
88 0.008011437182615778
89 0.007222408301731912
90 0.008022488301731912
91 0.007222408301731912
92 0.008022488301731912
93 0.006822368301731912
94 0.00742506129242442
95 0.009222608301731912
97 0.009211984918855862
98 0.009021337168317788
99 0.007205424499133448
100 0.006622348301731912
101 0.007822468301731911
102 0.008622548301731913
103 0.007822468301731911
104 0.008022488301731912
105 0.0042048364922508885
106 0.004025145984560726
107 0.004025145984560726
108 0.00442016911594076
109 0.00442016911594076
110 0.00442016911594076
111 0.00442016911594076
112 0.00442016911594076
113 0.004604876492250888
114 0.00442016911594076
115 0.00442016911594076
116 0.00462018911594076
117 0.004604876492250888
118 0.004624781292424419
119 0.00482020911594076
120 0.00502022911594076
121 0.00482020911594076
122 0.00542026911594076
123 0.00562028911594076
124 0.00562028911594076
125 0.00562028911594076
128 0.013208445451670587
