1 0.08164894270742401
2 0.041640960780786246
3 0.029196902348475634
4 0.021636969817467364
5 0.017836878479498306
6 0.01517557562897234
7 0.0132174368381372
8 0.011659931690215387
9 0.010331211600229838
10 0.009367538775250265
11 0.008382779282355998
12 0.008382779282355998
13 0.008458264605738286
14 0.008592942028138328
15 0.008592942028138328
16 0.008592942028138328
17 0.008592942028138328
18 0.008592942028138328
19 0.008592942028138328
20 0.008592942028138328
21 0.008592942028138328
22 0.008592942028138328
23 0.009142500904896973
24 0.009052850635497534
25 0.008967574288428773
26 0.00926628619312373
27 0.009360674844965052
28 0.009692059781655618
29 0.009986193653809747
30 0.010522728345419986
31 0.01046512162591854
32 0.0106857066299971
33 0.0106857066299971
34 0.011037903105845143
35 0.011448057597483142
36 0.011448057597483142
37 0.011806466369128481
38 0.01353260309712425
39 0.013501263996925538
40 0.015088264335352429
41 0.015832551891685115
42 0.015310181468464466
43 0.01478155220500649
44 0.01386885672791724
45 0.014843017398454795
46 0.015288385387828868
47 0.014944619653755802
48 0.01429120821122186
49 0.014670180667660682
50 0.01457475001663686
51 0.01429120821122186
52 0.0178294076463535
53 0.01843038790123195
54 0.01850874365970221
55 0.019059531495715737
56 0.018704766186197225
57 0.018717390981738843
58 0.024390882098219404
59 0.024935282184042565
60 0.029861209213570234
61 0.04391238929531566
62 0.035382216207902384
64 0.04927676396785273
