37 0.007438830957709678
38 0.006752631361781194
39 0.006752631361781194
40 0.006728478074358393
41 0.006726919595352673
42 0.006728478074358393
43 0.0065004637289406905
44 0.006456118113056856
45 0.006462564622890753
46 0.006129331807218048
47 0.006086221942030232
48 0.006086221942030232
49 0.006129331807218048
50 0.005886513924998098
51 0.005847764463320148
52 0.005602666408027906
53 0.0052694134538689465
54 0.005262455836805927
55 0.005119110874025581
56 0.005119110874025581
57 0.005119110874025581
58 0.005050137287665483
59 0.004991830860646135
60 0.004986542190759566
61 0.004986542190759566
62 0.0049219825327261706
63 0.004854034091940219
64 0.004631569079170506
65 0.004631569079170506
66 0.0046114589775403635
67 0.004597193765914037
68 0.004597193765914037
69 0.004616326441689993
70 0.004458734460966032
71 0.004458734460966032
72 0.004456443735008925
73 0.004456443735008925
74 0.004442972119107614
75 0.004281584735879539
76 0.004281584735879539
77 0.004281584735879539
78 0.004456443735008925
79 0.00453120817940402
80 0.004532322739182943
81 0.004550271470317368
82 0.00460804481829378
83 0.00460804481829378
84 0.0046424340612245705
85 0.00470335706020315
86 0.004643695985481993
87 0.00463879131905102
88 0.005005555013101237
89 0.0050193418108500625
90 0.005020070058576798
91 0.005064473521335895
92 0.005119110874025581
93 0.005122421580064052
94 0.005119110874025581
95 0.005664177094598041
96 0.005664177094598041
97 0.005726632775312232
98 0.005730026732171618
99 0.005758274728539013
100 0.0056840284722437795
101 0.005886513924998098
102 0.005849832846464136
103 0.0058238026707538235
104 0.0058238026707538235
105 0.006068462966578595
106 0.0059247978177842
107 0.0060595939697000185
108 0.006485431943223319
109 0.006485431943223319
110 0.006337236193008292
111 0.006343064607897863
112 0.006325624525978664
113 0.006660800353941684
114 0.006736827751520737
115 0.006989356740449083
116 0.006582602224515654
117 0.007261132307776344
118 0.007270306690715152
119 0.007147771861402367
120 0.007036200198058777
121 0.008486819263373836
122 0.008405198956367349
123 0.009153219748545395
124 0.009335501189711218
125 0.009263138158341013
126 0.00947111068004651
127 0.008375312723024362
128 0.016397829564393663
129 0.011679284957958242
130 0.015041907956051226
