8 0.011599374083249358
9 0.006313657012535456
10 0.005999213441324673
11 0.005775613836681845
12 0.005316379788155955
13 0.005015912462290273
14 0.004706251093153928
15 0.003885327392329511
16 0.003885327392329511
17 0.0034634319022170826
18 0.0033003507638181976
19 0.0032619574544072985
20 0.0032619574544072985
21 0.003339220766971702
22 0.0034230421557874926
23 0.0034230421557874926
24 0.0034230421557874926
25 0.0034230421557874926
26 0.0034634319022170826
27 0.002450066506916206
28 0.002450066506916206
29 0.0024452711212158305
30 0.0024452711212158305
31 0.0024452711212158305
32 0.0023547657552634616
33 0.0023547657552634616
34 0.0023547657552634616
35 0.0022799602101319424
36 0.0023547657552634616
37 0.0023547657552634616
38 0.002396228137268366
39 0.002396228137268366
40 0.002396228137268366
41 0.002450066506916206
42 0.002450066506916206
43 0.002450066506916206
44 0.0029408108245897588
45 0.0028407365077876847
46 0.002537373213338905
47 0.0024932814790036323
48 0.00316467891602989
49 0.0024651417829605962
50 0.0029919377748043588
51 0.002937208186252711
52 0.003909647486300663
53 0.003887706425250598
