4 0.0024301399554268327
5 0.002008320328751554
6 0.001830908553691179
7 0.0016210276394775956
8 0.0014210076394775956
9 0.0013430034212433628
10 0.001230848553691179
11 0.0012209876394775956
12 0.0011429834212433629
13 0.001030828553691179
14 0.0010091047800398494
15 0.0009547583292265567
16 0.0008865235204621659
17 0.0008503194593696359
18 0.000849225326331273
19 0.0008299799554268326
20 0.0008125176320693313
21 0.0007629544144096055
22 0.0007547383292265566
23 0.0007279575723052496
24 0.0007112361570309985
25 0.0007060980022080597
26 0.0006958165538128226
27 0.0006955958155788174
28 0.0006922059829506941
29 0.0007005341881261887
30 0.000849225326331273
