62 0.019568287640785026
63 0.023237341573432213
65 0.019568287640785026
66 0.019160614981602
67 0.015140378345398792
68 0.011414834457124597
69 0.01182250711630762
70 0.011414834457124597
71 0.011414834457124597
72 0.011414834457124597
73 0.012187447924716564
74 0.01223017977549064
75 0.013568315115000812
76 0.015083888389771788
77 0.014876347565942749
78 0.013453197753039704
79 0.012637852434673661
80 0.01223017977549064
81 0.013860870412222726
82 0.014517854088449144
83 0.013638104703313317
84 0.012637852434673661
85 0.011890156568099448
86 0.014268543071405747
87 0.01364062591518949
88 0.011414834457124597
89 0.012661238324853812
90 0.012637852434673661
91 0.013045525093856682
92 0.012699853643316786
93 0.014626540753549983
94 0.014132322728431648
95 0.012637852434673661
96 0.013860870412222726
97 0.013722036547588289
98 0.013453197753039704
99 0.011698970469335629
100 0.01223017977549064
101 0.01052514522666741
102 0.01052514522666741
103 0.01052514522666741
104 0.01052514522666741
105 0.01314140731845323
106 0.013045525093856682
107 0.013834277704754117
108 0.010268851992579984
109 0.010268851992579984
110 0.010268851992579984
111 0.010268851992579984
112 0.01198340067812576
113 0.012796998212550582
114 0.011518437696157931
115 0.012998261440483407
116 0.011756973036826657
117 0.014799283844199509
118 0.011322239541669894
119 0.011322239541669894
120 0.011471957732316171
121 0.01273934900973285
122 0.011265341568839956
123 0.01574704652589661
124 0.012552209777567387
125 0.015397424474647337
