24 0.0016190587431657072
25 0.0014353285425032576
26 0.001457779462952591
27 0.0012854922307746419
28 0.0012757098008764189
29 0.0012492831130534714
30 0.0012410760434663042
31 0.0012353085425032577
32 0.001234898854686786
33 0.0012353085425032577
34 0.0012353085425032577
35 0.0012492831130534714
36 0.0010931188030011297
37 0.0010572365951216983
38 0.0010572365951216983
39 0.0010572365951216983
40 0.0010572365951216983
41 0.0010572365951216983
42 0.0010572365951216983
43 0.0010572365951216983
44 0.0010572365951216983
45 0.0010664772676086155
46 0.0010789306427832243
47 0.0010900933013832412
48 0.0010931188030011297
49 0.0010931188030011297
50 0.0014888259357875829
51 0.0014934621394000927
52 0.0014902551374316264
