22 0.004881817737375302
23 0.00408576959661643
24 0.00408576959661643
25 0.0036903825954373746
26 0.003437699066675113
27 0.0032920125590273977
28 0.003437699066675113
29 0.003437699066675113
30 0.003448003614272306
31 0.003448003614272306
32 0.003267243908876125
33 0.003267243908876125
34 0.0030573461409869117
35 0.0030573461409869117
36 0.003081637737375302
37 0.003081637737375302
38 0.003081637737375302
39 0.0030884708696415596
40 0.0030884708696415596
41 0.0030884708696415596
42 0.0032816577373753018
43 0.0034135429677733297
44 0.0032947731207943224
45 0.003437699066675113
46 0.004013195809630455
47 0.005292212559027398
48 0.004020538901782215
49 0.004019929604516815
50 0.004053345582351427
51 0.005489696518302943
