8 0.0018707759027829242
9 0.0016707559027829243
10 0.0015351574366499914
11 0.0014707359027829243
12 0.0014166432029880944
13 0.0012254082101074764
14 0.0012166232029880944
15 0.0012166232029880944
16 0.0011342496406711745
17 0.0010253882101074765
18 0.0010253882101074765
19 0.0010253882101074765
20 0.0010253882101074765
21 0.0010253882101074765
22 0.0010580159288663268
23 0.0010580159288663268
24 0.0010580159288663268
25 0.0012213529915985405
26 0.0013687841323221208
27 0.0014479693965359405
28 0.001708284248315847
