1 0.008343703421243364
2 0.004343303421243363
3 0.00310633800220806
4 0.0024715837369544812
5 0.002221087639477596
6 0.0018424618592461114
7 0.0016424418592461115
8 0.0014503794593696358
9 0.0013430034212433628
10 0.001249265326331273
11 0.0012209876394775956
12 0.0010808682853317405
13 0.0010714437369544814
14 0.0009778146405912723
15 0.0009112561570309985
16 0.0008922259829506941
17 0.0008808482853317404
18 0.0008503194593696359
19 0.0008209476394775957
20 0.0008125176320693313
21 0.0007701407651727486
22 0.0007629544144096055
23 0.0007429434212433627
24 0.0007112361570309985
25 0.0007060980022080597
26 0.0006958165538128226
27 0.0006955958155788174
28 0.0006922059829506941
29 0.0008209476394775957
30 0.0007547383292265566
