2 0.007870407604780232
3 0.0057361701342678525
4 0.0057361701342678525
5 0.0057361701342678525
6 0.0057361701342678525
7 0.0057361701342678525
8 0.0057361701342678525
9 0.0057361701342678525
10 0.0057361701342678525
11 0.0057361701342678525
12 0.0057361701342678525
13 0.006946341407605619
14 0.00714636140760562
15 0.010372947611548984
16 0.008172727611548983
17 0.01939446163635053
18 0.02079460163635053
19 0.020539000113551118
20 0.019994521636350533
21 0.021002855686370687
22 0.027984200353801995
23 0.07098963587630823
