1 0.016295049397014743
2 0.008295623525000446
3 0.005655050183286167
4 0.004295223525000446
5 0.0038548701832861665
6 0.00308269399729802
7 0.00268265399729802
8 0.002297367256378717
9 0.002097347256378717
10 0.002024663200165474
11 0.001855343579532481
12 0.001682563107203116
13 0.0016767040561114065
14 0.0014949435250004458
15 0.001489003893821605
16 0.0014876671459373059
17 0.001489003893821605
18 0.0014935693970147428
19 0.0014949435250004458
20 0.0014876671459373059
21 0.0014949435250004458
