12 0.007667683908876125
13 0.007667683908876125
14 0.005235625717143772
15 0.004870706014585728
16 0.004289576518302942
17 0.0036981003202739412
18 0.0034663549984430535
19 0.003070526014585728
20 0.003070526014585728
21 0.003070526014585728
22 0.003070526014585728
23 0.003070526014585728
24 0.003070526014585728
25 0.003070526014585728
26 0.003070526014585728
27 0.003070526014585728
28 0.003070526014585728
29 0.003070526014585728
30 0.003070526014585728
31 0.003070526014585728
32 0.003070526014585728
33 0.003070526014585728
34 0.003070526014585728
35 0.003070526014585728
36 0.003070526014585728
37 0.003070526014585728
38 0.003070526014585728
39 0.003070526014585728
40 0.003099972071943873
41 0.003099972071943873
42 0.003099972071943873
43 0.004685829596616431
44 0.004613055595068489
45 0.0036825379115391615
46 0.004225624844713579
47 0.004817440354189775
48 0.003692052559027398
49 0.004691975871805306
51 0.004258598608819612
