47 0.0022245158699845664
48 0.0022245158699845664
49 0.002217635682168534
50 0.002217341988569152
51 0.002217341988569152
52 0.002023151640787255
53 0.002203987429681222
54 0.0018177898610213055
55 0.0018177898610213055
56 0.0018177898610213055
57 0.0018177898610213055
58 0.0018177898610213055
59 0.0018177898610213055
60 0.0020063077833919504
61 0.0018106433737749528
62 0.0016106233737749527
63 0.001603471538085917
64 0.0014182331906959743
65 0.0014182331906959743
66 0.0014151487006506419
67 0.0014107701809707883
68 0.0014102421377264111
69 0.0014064611227981563
70 0.0012219191469432895
71 0.0012219191469432895
72 0.0012219191469432895
73 0.0012144371535769399
74 0.001214131829427819
75 0.001214131829427819
76 0.0012213807454535606
77 0.001214131829427819
78 0.0012128210108817042
79 0.0012064411227981563
80 0.0012064411227981563
81 0.0012064411227981563
82 0.0012064411227981563
83 0.0012064411227981563
84 0.0012064411227981563
85 0.0012064411227981563
86 0.0012086745433764656
87 0.0014140515044912764
88 0.001420016832222849
89 0.001203431538085917
90 0.001203431538085917
91 0.001203431538085917
92 0.001203431538085917
93 0.001203431538085917
94 0.001203431538085917
95 0.001203431538085917
96 0.001203431538085917
97 0.001203431538085917
98 0.001203431538085917
99 0.001203431538085917
100 0.0012046028409950183
101 0.0012046028409950183
102 0.0012046028409950183
103 0.001222198599379025
104 0.0012093876237265443
105 0.0012093876237265443
106 0.0012072454516705868
107 0.001220637402957486
108 0.0014059427431860952
109 0.0012236416519992293
110 0.0012046028409950183
111 0.0012046028409950183
112 0.0012046028409950183
113 0.0016144771535769398
114 0.0014049242951389175
115 0.0012133683865394266
117 0.001422046517092493
120 0.0014171992039384664
