33 0.004859633031563247
34 0.0029380886383937564
35 0.0029380886383937564
36 0.0029380886383937564
37 0.0029380886383937564
38 0.0026924327358941592
39 0.0023942532139161208
40 0.002114477677782421
41 0.002114477677782421
42 0.002114477677782421
43 0.002123437914225989
44 0.001938162008470304
45 0.001938162008470304
46 0.001938162008470304
47 0.0019154025711328967
48 0.0019154025711328967
49 0.0016842805108331
50 0.0018231097938772702
51 0.0016842805108331
52 0.0018231097938772702
53 0.0017914373314306714
54 0.0018875125372351956
55 0.0019068856032025804
56 0.0019068856032025804
57 0.0020896331554044537
58 0.0019169825098146933
59 0.0019468728174648294
60 0.001960540549726506
62 0.002421495078146218
