26 0.13638807389881563
27 0.13638807389881563
28 0.13638807389881563
29 0.13638807389881563
30 0.13638807389881563
31 0.13638807389881563
32 0.13638807389881563
33 0.13638807389881563
34 0.13638807389881563
35 0.13638807389881563
36 0.13638807389881563
37 0.13638807389881563
38 0.13638807389881563
39 0.13638807389881563
40 0.13638807389881563
41 0.13638807389881563
42 0.13638807389881563
43 0.13638807389881563
44 0.13638807389881563
45 0.13638807389881563
46 0.13638807389881563
47 0.14104412946708014
48 0.14104412946708014
49 0.14104412946708014
50 0.14104412946708014
51 0.15604925067320763
52 0.18038618825999536
53 0.14446743162160014
54 0.40230676175421387
55 0.40230676175421387
56 0.40230676175421387
57 0.40230676175421387
58 0.4969671762846171
60 0.40230676175421387
61 0.40230676175421387
