14 0.008965271661385303
15 0.00884314667969241
16 0.007140775930973705
17 0.007140775930973705
18 0.007345404536984971
19 0.007380294919233773
20 0.007380294919233773
21 0.007380294919233773
22 0.007380294919233773
23 0.007380294919233773
24 0.007402203573208895
25 0.007402203573208895
26 0.007402203573208895
27 0.0075158326494678095
28 0.0075158326494678095
29 0.0075158326494678095
30 0.0075158326494678095
31 0.0075158326494678095
32 0.0075158326494678095
33 0.0075158326494678095
34 0.0075158326494678095
35 0.0075158326494678095
36 0.0075158326494678095
37 0.007612304897983989
38 0.0075158326494678095
39 0.007612304897983989
40 0.007612304897983989
41 0.007685459229421205
42 0.007685459229421205
43 0.007685459229421205
44 0.007998072190059548
45 0.007998072190059548
46 0.009519897173255942
47 0.009368776291230438
48 0.009368776291230438
49 0.009368776291230438
50 0.009757786732775074
51 0.009923423061327041
52 0.009923423061327041
53 0.011981006872345545
54 0.010508787577046926
56 0.011941804064826051
