19 0.0030337730295612406
20 0.002002566122073773
21 0.001886028937568276
22 0.0018025461220737729
23 0.0018025461220737729
24 0.0016931737771595514
25 0.0016931737771595514
26 0.001674284202697035
27 0.0016336330295612408
28 0.00168397755936475
29 0.0016608208701943707
30 0.0012957311143647825
31 0.0012859689375682758
32 0.0012859689375682758
33 0.0012859689375682758
34 0.0012931337771595515
35 0.0012931337771595515
36 0.0012931337771595515
37 0.001274244202697035
38 0.0012531760392430454
39 0.0010957111143647825
40 0.0010957111143647825
41 0.0010957111143647825
42 0.0010986191276217388
43 0.0010986191276217388
44 0.0012015806911506305
45 0.0012015806911506305
46 0.0012015806911506305
47 0.0012015806911506305
48 0.0012015806911506305
49 0.0012510238739346482
50 0.0014338115111610006
51 0.0014025061220737727
52 0.0018597623366682675
53 0.0014959892101260065
54 0.001474264202697035
