11 0.0028374234336684657
12 0.002479322688097438
13 0.002279302688097438
14 0.002279302688097438
15 0.0018792626880974378
16 0.0018792626880974378
17 0.0018661949984430533
18 0.0016980213375993069
19 0.0016886305561256794
20 0.001664118100713586
21 0.001664118100713586
22 0.0016467427941971417
23 0.0016589730913269716
24 0.001664118100713586
25 0.0016817281662906088
26 0.001481205611868676
27 0.0014456263922426253
28 0.0014456263922426253
29 0.001297981337599307
30 0.001297981337599307
31 0.001297981337599307
32 0.001297981337599307
33 0.001297981337599307
34 0.0014456263922426253
35 0.0014156844914239282
36 0.0012700244326938098
37 0.0012700244326938098
38 0.0012700244326938098
39 0.0012700244326938098
40 0.0012700244326938098
41 0.0012700244326938098
42 0.0012700244326938098
43 0.0012700244326938098
44 0.0012700244326938098
45 0.0012700244326938098
46 0.0012700244326938098
47 0.001498001337599307
48 0.0014809611730723384
49 0.0014088316884689103
50 0.0014088316884689103
