1 0.09229559140499496
2 0.043725859268259164
3 0.030528244565318326
4 0.02288297314762954
5 0.01887572870560801
6 0.016222717044396477
7 0.013571985588447773
8 0.01287147782161742
9 0.011441313619215483
10 0.011112702447653527
11 0.01043576902985121
12 0.01043576902985121
13 0.01043576902985121
14 0.01043576902985121
15 0.01043576902985121
16 0.01043576902985121
17 0.01043576902985121
18 0.010552277995387837
19 0.010552277995387837
20 0.010572244195579953
21 0.010589148522993806
22 0.011019768343013393
23 0.01096755748134377
24 0.01096755748134377
25 0.010712316510568799
26 0.010795800132254039
27 0.01096755748134377
28 0.01096755748134377
29 0.01096755748134377
30 0.011112702447653527
31 0.01149934593283633
32 0.01149934593283633
33 0.01149934593283633
34 0.012795036519936591
35 0.013821396050990791
36 0.013890050785737337
37 0.01537932894554532
38 0.015632349004831073
39 0.017035137152817258
40 0.017172858575863755
41 0.017519488581712185
42 0.021409868541827255
43 0.01829293658606361
44 0.01809305135183761
45 0.018601191667166433
46 0.019109331982495256
47 0.018764037981056223
48 0.018578369453954472
49 0.01873547451404292
50 0.022534547170505015
51 0.022193749565340884
52 0.021727487036073224
53 0.021378887216853833
54 0.021319782093173346
55 0.021319782093173346
56 0.026645232001838694
57 0.026223127259643625
58 0.02902233552872152
59 0.03796879157450353
60 0.03149513263764244
