22 0.019432108026737074
23 0.019432108026737074
24 0.018946305326068648
25 0.018946305326068648
26 0.018946305326068648
27 0.017927998578350313
28 0.018946305326068648
29 0.018946305326068648
30 0.018897079582585463
31 0.01695891757411516
32 0.01695891757411516
33 0.01695891757411516
34 0.016517291822726515
35 0.016517291822726515
36 0.016517291822726515
37 0.017443458076232737
38 0.017443458076232737
39 0.017927998578350313
40 0.017452970353025427
41 0.017452970353025427
42 0.017927998578350313
43 0.017927998578350313
44 0.017927998578350313
45 0.017927998578350313
46 0.02006526235969249
47 0.02006526235969249
48 0.02202906139689533
49 0.024648669926904884
50 0.028621087047802946
51 0.022032657988739095
52 0.022032657988739095
53 0.023742484603761223
54 0.029645334356982356
55 0.029645334356982356
56 0.03193711747064583
57 0.028587889624936982
58 0.043897375386902075
