11 0.023218303136522685
21 0.017040891641450097
31 0.016437242619587282
41 0.015008730164783133
51 0.014656797265292633
61 0.01359362453821206
71 0.013501648546959772
81 0.012592689505185564
89 0.019761773896898007
90 0.013715033255698401
91 0.012357840489283692
92 0.021735767669993133
93 0.02204725296785376
94 0.017371430918122824
95 0.013153520943884726
96 0.015773919390543137
97 0.011945912472974236
98 0.01767474647881188
99 0.015702381622701534
100 0.014891431840142562
101 0.01210066298575535
102 0.01622452366756304
103 0.015815486800161985
104 0.01442328469462564
105 0.01210066298575535
106 0.014331829416150913
107 0.015351815361289097
108 0.014204996489959706
109 0.012962583273347188
110 0.012572111417955223
111 0.01419251621130349
112 0.018083228285538055
113 0.01610464049686827
114 0.01665711205918238
115 0.01653787665472017
116 0.014392811650780142
117 0.019799064874171657
118 0.018500218459637174
119 0.03559507907285354
120 0.02613029869003597
121 0.030663488421240136
125 0.030663488421240136
