40 0.0038172710241632575
41 0.0038090440702991803
42 0.0036090240702991803
43 0.0034249819445080092
44 0.0034246609631686923
45 0.0034143518294278193
46 0.0034143518294278193
47 0.0034135883865394267
48 0.0034050444991334484
49 0.003224961944508009
50 0.003224961944508009
51 0.002420110770355317
52 0.0024194429042940315
53 0.002418146705992185
54 0.002418100590534683
55 0.002417655682168534
56 0.0024194429042940315
57 0.002414085404840611
58 0.002413866319437898
59 0.0024135388290894484
60 0.00241158767778515
61 0.00241158767778515
62 0.0024108771826157785
63 0.0024099656930042777
64 0.0024109208933363172
65 0.0024108771826157785
66 0.0024108771826157785
67 0.002405496212296608
68 0.002405496212296608
69 0.0022237416519992293
70 0.0022220191469432896
71 0.0022194229042940316
72 0.0022138463194378982
73 0.0022194229042940316
74 0.002221554115666626
75 0.002224640905813484
76 0.002418146705992185
77 0.0024104753134533787
78 0.002418100590534683
79 0.002417655682168534
80 0.002418100590534683
81 0.002418100590534683
82 0.002421574115666626
83 0.002424660905813484
84 0.002607181195598342
85 0.002604027429681222
86 0.002618120590534683
87 0.002618166705992185
88 0.0026104953134533787
89 0.0026123795646719144
90 0.002618120590534683
91 0.002624901944508009
92 0.002809352928365769
93 0.0028220791469432895
94 0.0028220791469432895
95 0.003003611538085917
96 0.0028220791469432895
97 0.0028196047654609245
98 0.0028246589556253222
99 0.0028245758699845663
100 0.003008634573129805
101 0.0028245758699845663
102 0.003013926319437898
103 0.003024678955625322
104 0.0032237414351126803
105 0.0032237414351126803
106 0.003223841651999229
107 0.003222008301731911
108 0.0034036515380859176
109 0.003405596212296608
110 0.0032221191469432894
111 0.0034182467059921855
112 0.0032135683865394263
113 0.0032135683865394263
114 0.003213946319437898
115 0.003218226705992185
116 0.0032207571683177862
117 0.0032104432297036093
118 0.0032237414351126803
119 0.0036080962044552044
120 0.0036207971683177866
121 0.0032221191469432894
122 0.004020046040153636
123 0.004011102853406122
124 0.004612579564671915
125 0.004819087207023696
126 0.0048223865170924935
127 0.008421629499891344
128 0.0044167023151101764
129 0.004423088451825462
132 0.007611462853406122
