2 0.010613051552659274
3 0.006088764726437844
4 0.005190016578655486
5 0.0038407568617967645
6 0.003151984907318949
7 0.0031052077960698875
8 0.0024884047264378444
9 0.0022637758850329536
10 0.0022637758850329536
11 0.0022637758850329536
12 0.0022637758850329536
13 0.0022637758850329536
14 0.0022637758850329536
15 0.0022637758850329536
16 0.0022637758850329536
17 0.0022637758850329536
18 0.002317310081274307
19 0.002288384726437844
20 0.002317310081274307
21 0.002363006553306117
22 0.0023937943947650907
23 0.003917470081274308
24 0.002775376733782532
25 0.004317510081274307
