17 0.008191242721581822
18 0.008191242721581822
19 0.007734438586089595
20 0.007734438586089595
21 0.007734438586089595
22 0.007949808055265524
23 0.007949808055265524
24 0.007969821461348465
25 0.007969821461348465
26 0.008217840997720195
27 0.007186793426860814
28 0.007186793426860814
29 0.007186793426860814
30 0.007186793426860814
31 0.007186793426860814
32 0.007186793426860814
33 0.007186793426860814
34 0.007186793426860814
35 0.007186793426860814
36 0.007186793426860814
37 0.007186793426860814
38 0.007186793426860814
39 0.007186793426860814
40 0.007679246321984869
41 0.0075010084342103205
42 0.007296699385719599
43 0.007679246321984869
44 0.007679246321984869
45 0.008462550687257422
46 0.009156605007357032
47 0.009818099495211861
48 0.013844400229936788
49 0.0094057854970026
50 0.011720325678453625
53 0.01888283744539949
