25 0.026429621254891927
26 0.026062300439848037
27 0.026062300439848037
28 0.026062300439848037
29 0.026062300439848037
30 0.026062300439848037
31 0.026062300439848037
32 0.01805684155688314
33 0.01805684155688314
34 0.01805684155688314
35 0.01805684155688314
36 0.018412539080467888
37 0.01805684155688314
38 0.018412539080467888
39 0.018589101388211515
40 0.018589101388211515
41 0.018589101388211515
42 0.019071110532265536
43 0.019071110532265536
44 0.019071110532265536
45 0.019071110532265536
46 0.019956409009448783
47 0.019956409009448783
48 0.019956409009448783
49 0.019956409009448783
50 0.019956409009448783
51 0.019956409009448783
52 0.019956409009448783
53 0.019956409009448783
54 0.019956409009448783
55 0.02058426343413289
56 0.027144157269419163
57 0.026282488413467052
58 0.04377845594792336
59 0.056969739334726495
64 0.04884742835133155
