75 0.009408592659183023
77 0.008608512659183023
78 0.008408492659183022
79 0.008008452659183022
80 0.007608412659183022
81 0.007408392659183022
82 0.007008352659183022
83 0.007208372659183022
84 0.007008352659183022
85 0.006608312659183022
86 0.006408292659183022
87 0.006008252659183022
88 0.006008252659183022
89 0.0058082326591830215
90 0.0062082726591830215
91 0.006008252659183022
92 0.0062082726591830215
93 0.0058082326591830215
94 0.005608212659183022
95 0.0058082326591830215
96 0.0028079326591830215
97 0.0026079126591830215
98 0.0024078926591830216
99 0.0022078726591830216
100 0.0020078526591830216
101 0.0018078326591830216
102 0.0016078126591830212
103 0.0014077926591830213
104 0.0012192597384900528
105 0.0012192597384900528
106 0.0012085341628902942
107 0.0012085341628902942
108 0.0014077926591830213
109 0.0012085341628902942
110 0.0012085341628902942
111 0.0012085341628902942
112 0.0012085341628902942
113 0.0012085341628902942
114 0.0012085341628902942
115 0.0012085341628902942
116 0.0012085341628902942
117 0.0012085341628902942
118 0.0010195315602270201
119 0.0010177999745838355
120 0.0010249226853920358
121 0.001006435710628657
122 0.001006435710628657
123 0.0010199413731965588
124 0.0010166173999273946
125 0.0008216688646257662
126 0.0008216688646257662
127 0.0008216688646257662
128 0.0008216688646257662
129 0.001004211439593946
130 0.0010108049286193185
131 0.000824929733887819
132 0.0012113423260768801
133 0.0010207782693758003
134 0.0008240806233448864
135 0.0010065986047866093
139 0.0010079988176769565
