5 0.002464342146164366
6 0.0020158882122632464
7 0.0016642621461643659
8 0.0016223485889952035
9 0.0015434560699210615
10 0.001464242146164366
11 0.0014268775860854527
12 0.0012223085889952034
13 0.0012223085889952034
14 0.0012223085889952034
15 0.0012223085889952034
16 0.0012223085889952034
17 0.0012223085889952034
18 0.0012223085889952034
19 0.0012223085889952034
20 0.0012223085889952034
21 0.0014987347767275061
22 0.0014922187112516808
23 0.0013408963148460239
24 0.0014987347767275061
25 0.0016189808335183905
26 0.0016332912979891885
27 0.00205849554042988
