1 0.03235808906498405
2 0.01630045542564767
3 0.011325331172744417
4 0.009844178754804454
5 0.009844178754804454
6 0.009844178754804454
7 0.009844178754804454
8 0.009844178754804454
9 0.009844178754804454
10 0.009844178754804454
11 0.009844178754804454
12 0.009844178754804454
13 0.009844178754804454
14 0.009844178754804454
15 0.009844178754804454
16 0.009844178754804454
17 0.009915877019524712
18 0.009844178754804454
19 0.009844178754804454
20 0.009844178754804454
21 0.010111271292088327
22 0.010135798700966293
23 0.010135798700966293
24 0.010135798700966293
25 0.012444985190205624
26 0.02032377967481288
