31 0.00320667398720669
32 0.00320667398720669
33 0.003206670438708441
34 0.003023596234965763
35 0.003022661033514246
36 0.003022188505603529
37 0.002824287537383271
38 0.0026242606233448863
39 0.002623556234965763
40 0.002623556234965763
41 0.002623556234965763
42 0.002422601033514246
43 0.002409631964204023
44 0.0024083030656849897
45 0.002406942053180524
46 0.002406942053180524
47 0.002224227537383271
48 0.0022242206233448864
49 0.002223532949064576
50 0.0022194163230802263
51 0.002213147779959278
52 0.002213147779959278
53 0.002209872698171509
54 0.002209872698171509
55 0.002209611964204023
56 0.002209611964204023
57 0.0022085412499132694
58 0.0022065704387084412
59 0.0022058359200588726
60 0.002205678917363092
61 0.002205678917363092
62 0.002204228781362141
63 0.00220422318297819
64 0.00220422318297819
65 0.00220422318297819
66 0.00220422318297819
67 0.002024084803339558
68 0.0020242075373832712
69 0.0022054065951250474
70 0.002204228781362141
71 0.002205152511050173
72 0.002213147779959278
73 0.002210930589531031
74 0.002224104803339558
75 0.0024050332779487465
76 0.002210930589531031
77 0.00240659398720669
78 0.0024110818949270502
79 0.0024173064030840203
80 0.002419662063443858
81 0.002424247537383271
82 0.002423552949064576
83 0.002425089733887819
84 0.002425211547255441
85 0.002423552949064576
86 0.0026111886702412006
87 0.0026111886702412006
88 0.0026084392845266
89 0.0026126298456722514
90 0.0026167773999273944
91 0.0026173264030840203
92 0.0026210524154650977
93 0.0026210524154650977
94 0.002623556234965763
95 0.002625109733887819
96 0.0028105964761343666
97 0.0028091486855288785
98 0.0028058959200588725
99 0.0028096719642040227
100 0.0028110267379223433
101 0.0028117312053326576
102 0.003004308781362141
103 0.003004308781362141
104 0.0030070020531805237
105 0.002813632211443934
106 0.002825129733887819
107 0.0030066768849892817
108 0.0030220106085414936
109 0.0030177968205152626
110 0.0030177968205152626
111 0.0030124215191436143
112 0.0030129402160597686
113 0.0030241848033395577
114 0.0030121925219249194
115 0.0030121925219249194
116 0.003206465619146202
117 0.0030243006233448863
118 0.0030135007130388195
119 0.0030135007130388195
120 0.0030201540200204347
121 0.0030177968205152626
122 0.003204473273462993
123 0.005015808074479706
124 0.003423652949064576
125 0.005809971964204023
126 0.008811553466664401
127 0.004005514516255151
128 0.010206654475149795
133 0.004811184928619319
