1 0.0082195801445647
2 0.00441450945039679
3 0.0030143694503967896
4 0.002319841207193285
5 0.001954221247634837
6 0.0016958921831000413
7 0.0015197612071932852
8 0.0014958721831000413
9 0.0012958521831000413
10 0.0012317089534857064
11 0.0011000464327431962
12 0.0010974402017299833
13 0.0010188601445646989
14 0.0010141694503967896
15 0.0008663566427525401
16 0.0008450134641843337
17 0.0008450134641843337
18 0.0008393909757640594
19 0.0008188401445646987
20 0.0008144002932466249
21 0.0007397247768795416
22 0.0007051319949475486
23 0.0007051319949475486
24 0.0006796275798084738
25 0.0006796275798084738
26 0.0006680039908068015
27 0.0006663366427525401
28 0.0006637582312924084
29 0.0006602473659785332
30 0.0006449934641843337
31 0.0006437440600261073
32 0.0006433757984158009
33 0.0006397550435045276
34 0.0006393709757640594
35 0.0006316489534857063
36 0.0006316489534857063
