1 0.008238508644904413
2 0.0042816610056463636
3 0.003007791385641192
4 0.0022814610056463634
5 0.0018990706402528565
6 0.0016378486449044125
7 0.0014608381227711952
8 0.0012990106402528563
9 0.0012564443821514982
10 0.0010989906402528564
11 0.0010564243821514982
12 0.0010194592052595111
13 0.0010045561133123007
14 0.0009132425409493835
15 0.000856404382151498
16 0.0008417741755240678
17 0.0008377686449044124
18 0.0008158120960672435
19 0.0008096500767706794
20 0.0008045361133123006
21 0.0007132225409493835
22 0.0006989506402528563
23 0.000663086626721804
24 0.0006624306773325224
25 0.0006603375472962967
26 0.0006571058668133295
27 0.000656384382151498
28 0.0006550975748742257
29 0.000650321814994688
30 0.0006417541755240679
31 0.00063991618988344
32 0.0006377486449044125
33 0.0006375169472683447
34 0.0006271388265061499
35 0.0006194192052595111
36 0.0006501989417052733
