1 0.016220745492353486
2 0.010441416861796764
3 0.0058641358850329535
4 0.004463995885032954
5 0.0038195054923534856
6 0.003248666432747142
7 0.0028325857481562395
8 0.0025519249073189493
9 0.0022637758850329536
10 0.0022637758850329536
11 0.0022637758850329536
12 0.0022637758850329536
13 0.0022637758850329536
14 0.0022637758850329536
15 0.0022637758850329536
16 0.0022637758850329536
17 0.002317310081274307
18 0.002317310081274307
19 0.002317310081274307
20 0.0024637958850329536
21 0.0023937943947650907
22 0.0023634176587072086
23 0.0024637958850329536
24 0.0024637958850329536
