11 0.0028926072749614964
12 0.0025404654205447717
13 0.0019944821614022593
14 0.0016924872749614964
15 0.0016924872749614964
16 0.0016375000625943857
17 0.0016209914674594505
18 0.001594442161402259
19 0.0016324540188848082
20 0.0014601583839027477
21 0.0014440872483567479
22 0.0014601583839027477
23 0.0014601583839027477
24 0.0014940778230405909
25 0.0013180570247450897
26 0.0013180570247450897
27 0.0013921874077232354
28 0.001298368913960038
29 0.0012849381476718181
30 0.001298368913960038
31 0.0013180570247450897
32 0.0013180570247450897
33 0.0015180770247450897
34 0.0014798954604655478
35 0.001704460535162678
