40 0.0097907917632421
41 0.008983800608855712
42 0.00873690155620327
43 0.008635275238879008
44 0.00860545166608036
45 0.007983662088445368
46 0.007638137337036452
47 0.007638137337036452
48 0.007636401861176621
49 0.007638137337036452
50 0.006577358701693793
51 0.00656229167525775
52 0.006591006360748702
53 0.00656229167525775
54 0.0062883435644104715
55 0.0062883435644104715
56 0.006204694791568471
57 0.006181272847024449
58 0.006233219266760201
59 0.006105934477838079
60 0.005918647191633897
61 0.0057910484721305725
62 0.00574903302879839
63 0.005707904586055945
64 0.0057383562462401845
65 0.005648161098508098
66 0.005409752789561705
67 0.005409752789561705
68 0.005381109558386592
69 0.005375277862146989
70 0.005347779811206944
71 0.0050877936115253895
72 0.00519953856286684
73 0.00519953856286684
74 0.00519953856286684
75 0.005064407370187599
76 0.004999945789904876
77 0.004999945789904876
78 0.005232437123595968
79 0.005474173186701406
80 0.005474173186701406
81 0.005442867068268445
82 0.00551718642312919
83 0.005545967207625015
84 0.005545967207625015
85 0.005669076809739993
86 0.005732933827465281
87 0.005732933827465281
88 0.005690405704945644
89 0.006057020257276679
90 0.006091722924020819
91 0.006091722924020819
92 0.006091722924020819
93 0.006220152964249781
94 0.006199025798091398
95 0.006511059129573466
96 0.0065632978618328465
97 0.006704311125614406
98 0.007207868804903593
99 0.006734547224293928
100 0.007602752559201815
101 0.007636382169166841
102 0.007636401861176621
103 0.006792522859732369
104 0.007055487911060912
105 0.007055487911060912
106 0.006792522859732369
107 0.006774720418708765
108 0.006774720418708765
109 0.007055487911060912
110 0.0071869287326983035
111 0.007190304407197309
112 0.007229971226485743
113 0.007190304407197309
114 0.008282402165901002
115 0.0077304217807646625
116 0.00820244868376715
117 0.007213801971215129
118 0.008421034689400921
119 0.008548856121412443
120 0.008196511271031392
121 0.008528188242699233
122 0.008528188242699233
123 0.008430388907018008
124 0.008607269673186976
125 0.008668365288636772
126 0.009263138158341013
127 0.009655785442286511
128 0.011047848775902317
129 0.012339817693576578
130 0.015066611556795742
131 0.012101600965129689
132 0.019044143539012254
133 0.01203988930389343
134 0.024550433782575654
135 0.014652835772042697
