14 0.01949494835659212
15 0.018885167253468723
16 0.018885167253468723
17 0.018885167253468723
18 0.018885167253468723
19 0.018885167253468723
20 0.018885167253468723
21 0.018885167253468723
22 0.018885167253468723
23 0.018885167253468723
24 0.018885167253468723
25 0.018885167253468723
26 0.018885167253468723
27 0.018895202139400095
28 0.018895202139400095
29 0.018895202139400095
30 0.018895202139400095
31 0.018895202139400095
32 0.018895202139400095
33 0.018895202139400095
34 0.018895202139400095
35 0.018895202139400095
36 0.018895202139400095
37 0.018895202139400095
38 0.018895202139400095
39 0.018895202139400095
40 0.018895202139400095
41 0.018895202139400095
42 0.018895202139400095
43 0.018895202139400095
45 0.019491454697708785
48 0.019500576295800726
