65 0.007022388301731912
68 0.007013948386539427
69 0.007622448301731912
70 0.006417066898661815
71 0.007222408301731912
72 0.007422428301731912
73 0.0070120476777851505
74 0.006420127819296497
75 0.006420127819296497
76 0.007222054115666627
77 0.0072137835499379525
78 0.007008880775095653
79 0.005406595225274493
80 0.0052085172730842785
81 0.005222208301731912
82 0.0052085172730842785
83 0.0052085172730842785
84 0.00521186767778515
85 0.00521186767778515
86 0.005219413165299435
87 0.005212314076592885
88 0.00541188767778515
89 0.00541188767778515
90 0.00541188767778515
91 0.00521186767778515
92 0.00541188767778515
93 0.00521186767778515
94 0.005212314076592885
95 0.00541188767778515
96 0.005212314076592885
97 0.005421074978615434
98 0.005806635225274493
99 0.006806735225274493
100 0.005406595225274493
101 0.005406595225274493
102 0.005406595225274493
103 0.005406595225274493
104 0.005406595225274493
105 0.005222208301731912
106 0.006009364863483559
107 0.0042096876237265445
108 0.004404207429681223
109 0.004404207429681223
110 0.004404207429681223
111 0.004404207429681223
112 0.004404207429681223
113 0.004418346705992186
114 0.004420188741191564
115 0.004420188741191564
116 0.004804247429681223
117 0.004420188741191564
118 0.004420188741191564
119 0.004420188741191564
120 0.004420188741191564
121 0.004420188741191564
122 0.006205036492250888
123 0.005017621988569152
124 0.008217246898661814
125 0.012210292928365769
126 0.012022888301731913
127 0.007211022100229534
128 0.0074113771826157795
