1 0.008458561569191341
2 0.004458161569191342
3 0.003061602306257917
4 0.0024381401196242217
5 0.0020615023062579172
6 0.001838080119624222
7 0.0015244834717908229
8 0.0014214186480912378
9 0.0012578415691913416
10 0.0012213986480912379
11 0.001212423250370941
12 0.0010578215691913414
13 0.001036040742606628
14 0.001004853592214811
15 0.0008840528841247894
16 0.0008666609758616037
17 0.0008578015691913415
18 0.0008360207426066281
19 0.0008123832503709408
20 0.000804833592214811
21 0.0007961806155454901
22 0.0007961806155454901
23 0.0007961806155454901
24 0.0007961806155454901
25 0.0007961806155454901
26 0.0007961806155454901
27 0.0007961806155454901
28 0.0010321603093344865
