19 0.016684947253468724
20 0.016684947253468724
21 0.016684947253468724
22 0.016690345935787585
23 0.016690345935787585
24 0.016690345935787585
25 0.016690345935787585
26 0.016690345935787585
27 0.016690345935787585
28 0.016690345935787585
29 0.016890365935787584
30 0.017290405935787585
31 0.017290405935787585
32 0.017290405935787585
33 0.017290405935787585
34 0.017290405935787585
35 0.017290405935787585
36 0.017290405935787585
37 0.017290405935787585
38 0.017290405935787585
39 0.017290405935787585
40 0.017290405935787585
41 0.017290405935787585
42 0.017290405935787585
43 0.017290405935787585
44 0.017290405935787585
45 0.017290405935787585
46 0.017290405935787585
47 0.017290405935787585
48 0.01749649598603101
49 0.018700496295800728
50 0.01888766270066843
