35 0.023326964197802974
36 0.023326964197802974
37 0.021722853002498224
38 0.021722853002498224
39 0.021722853002498224
40 0.021722853002498224
41 0.021722853002498224
42 0.020653445538961725
43 0.021188149270729977
44 0.021188149270729977
45 0.021049992001477762
46 0.021188149270729977
47 0.021049992001477762
48 0.021722853002498224
49 0.021441226813095342
50 0.021722853002498224
51 0.021722853002498224
52 0.021722853002498224
53 0.021722853002498224
54 0.023008130792312904
55 0.021722853002498224
56 0.022951079846567107
58 0.04317442579231897
62 0.04317442579231897
