9 0.00268407755936475
10 0.002422084110578341
11 0.002222064110578341
12 0.0020392444602134884
13 0.0018957911143647826
14 0.0018359909135975308
15 0.0018359909135975308
16 0.001639204460213488
17 0.001639199276201416
18 0.001639199276201416
19 0.001439184460213488
20 0.0012959692101260066
21 0.0012928368074161302
22 0.0012765804092129322
23 0.001249053042609488
24 0.0012337915111610006
25 0.0012224838669919393
26 0.0010904648234775958
27 0.0010861632787807652
28 0.0010531560392430454
29 0.001049033042609488
30 0.00104606495455312
31 0.0010359109135975307
32 0.0010223898667178586
33 0.0010223898667178586
34 0.0008968699128528294
35 0.0008876774436474192
36 0.0008876774436474192
37 0.0008861432787807651
38 0.0008618637024596656
39 0.0008537295727953401
40 0.0008523673724777671
41 0.0008509727697448138
42 0.0008490130426094878
43 0.0008358909135975306
44 0.0008319330325924359
45 0.000823402697037537
46 0.0008191155159368326
47 0.0008191155159368326
48 0.0008144090155340413
49 0.0008115014453047016
50 0.0006985791276217387
51 0.0006956711143647825
52 0.000689881622371474
53 0.0006853145181529374
54 0.0006853145181529374
55 0.0006853145181529374
56 0.0006844392135363663
57 0.00068387755936475
58 0.0006813126145699491
59 0.000668106024528126
60 0.000668106024528126
61 0.000668106024528126
62 0.000668106024528126
63 0.0006611521259840805
64 0.0006611521259840805
65 0.0006537095727953402
66 0.0006531160392430455
67 0.0006531160392430455
68 0.000650963873934648
69 0.0006509527697448138
70 0.0006517629766056056
71 0.0006509527697448138
72 0.0006458028252016633
73 0.0006410408762050313
74 0.0006410408762050313
75 0.0006410408762050313
76 0.0006410408762050313
77 0.000823402697037537
78 0.0006527099044512936
