3 0.006419458250127365
4 0.006074900001534788
5 0.0038885447264378446
6 0.003163086553306117
7 0.002963066553306117
8 0.0024325457481562396
9 0.0022637758850329536
10 0.0022637758850329536
11 0.0022637758850329536
12 0.0022637758850329536
13 0.0022637758850329536
14 0.0022637758850329536
15 0.0022637758850329536
16 0.0022637758850329536
17 0.0022637758850329536
18 0.0022637758850329536
19 0.0023051277960698877
20 0.002317310081274307
21 0.002317310081274307
22 0.002363006553306117
23 0.002428311059191842
24 0.0033898365786554857
25 0.004517530081274307
26 0.0034468804592582307
