4 0.0029220727830798136
5 0.0022214529915985408
6 0.0021219927830798137
7 0.0016213929915985404
8 0.0016213929915985404
9 0.001344891253406337
10 0.0013351374366499915
11 0.001302648183677028
12 0.001132933339553175
13 0.0011256138472276753
14 0.001132933339553175
15 0.001132933339553175
16 0.0011923569095355932
17 0.0011778496700764998
18 0.0011957620934890138
19 0.0012049961144363214
20 0.0013249949265291988
21 0.0014479693965359405
22 0.0014479693965359405
23 0.0014479693965359405
24 0.0014479693965359405
25 0.0014707359027829243
26 0.002105861080837024
27 0.002105861080837024
