80 0.0016064811227981563
81 0.0016064811227981563
82 0.0016064811227981563
83 0.0016212302451308774
84 0.0016064811227981563
85 0.0014103753134533789
86 0.0014103753134533789
87 0.0014100376216032917
88 0.0014075867587887503
89 0.0014082221485843863
90 0.0012118089450387462
91 0.0012118089450387462
92 0.0012083007750956522
93 0.0012083007750956522
94 0.0012072454516705868
95 0.0010225624128672197
96 0.0010225624128672197
97 0.001020955194478181
98 0.001014677549407988
99 0.001014677549407988
100 0.001014677549407988
101 0.0010085634243871427
102 0.0010104021002295337
103 0.0010104021002295337
104 0.0010085634243871427
105 0.0010098634126704934
106 0.0010085634243871427
107 0.0010085634243871427
108 0.0010085634243871427
109 0.0010098634126704934
110 0.0010098634126704934
111 0.001023600560502145
112 0.0010225624128672197
113 0.0012133683865394266
114 0.0012131835499379524
115 0.0012133683865394266
116 0.0012153330851735887
117 0.001422046517092493
118 0.0010218991469432895
119 0.0014078274704325674
