1 0.008263190677332524
2 0.004263446626721804
3 0.0030047561133123004
4 0.0024626106773325226
5 0.0018814210056463635
6 0.0016690029710338637
7 0.0014631666267218041
8 0.0013867311812079351
9 0.0012624906773325223
10 0.0012076113856411917
11 0.0010816562081312948
12 0.0010375569472683447
13 0.0010075913856411917
14 0.0009027585557975512
15 0.0008607781227711952
16 0.000850341814994688
17 0.0008377686449044124
18 0.0008158120960672435
19 0.0008075713856411917
20 0.0007039744220345336
21 0.0006989506402528563
22 0.0006689029710338636
23 0.0006624306773325224
24 0.0006607581227711952
25 0.0006603375472962967
26 0.0006571058668133295
27 0.000656384382151498
28 0.0006550975748742257
29 0.000650321814994688
30 0.0006417541755240679
31 0.00063991618988344
32 0.0006377486449044125
33 0.0006375169472683447
34 0.0006271388265061499
35 0.0006194192052595111
36 0.0006501989417052733
