23 0.023558100539192977
24 0.023558100539192977
25 0.023558100539192977
26 0.023558100539192977
27 0.023558100539192977
28 0.024074580985697168
29 0.024666826014680676
30 0.024666826014680676
31 0.024666826014680676
32 0.024666826014680676
33 0.024666826014680676
34 0.024666826014680676
35 0.024666826014680676
36 0.024666826014680676
37 0.024666826014680676
38 0.024666826014680676
39 0.024666826014680676
40 0.024666826014680676
41 0.024666826014680676
42 0.024666826014680676
43 0.024666826014680676
44 0.024666826014680676
45 0.024666826014680676
46 0.024666826014680676
47 0.024666826014680676
48 0.024666826014680676
49 0.024666826014680676
50 0.02873594838997503
51 0.02873594838997503
52 0.02873594838997503
53 0.03631720687332304
54 0.03227912574384952
55 0.03227912574384952
56 0.025903294723916608
57 0.04932255707376845
