32 0.36518488432000723
33 0.36518488432000723
34 0.36518488432000723
35 0.36518488432000723
36 0.36518488432000723
37 0.36518488432000723
38 0.36518488432000723
39 0.18854973361094154
40 0.36518488432000723
41 0.2405149176799938
42 0.2405149176799938
43 0.2405149176799938
44 0.36518488432000723
45 0.36518488432000723
46 0.36518488432000723
47 0.36518488432000723
48 0.36518488432000723
49 0.36518488432000723
50 0.36518488432000723
51 0.36518488432000723
52 0.36518488432000723
53 0.40230676175421387
54 0.36518488432000723
55 0.40230676175421387
56 0.43165134050353754
57 0.5656514951805158
