32 0.0029203092261972444
33 0.002426961153873209
34 0.002114477677782421
35 0.001973368557600371
36 0.001958725758929171
37 0.001958725758929171
38 0.001958725758929171
39 0.001958725758929171
40 0.001958725758929171
41 0.001958725758929171
42 0.0017914373314306714
43 0.0017914373314306714
44 0.0017914373314306714
45 0.0014843279580930354
46 0.001466117807362749
47 0.0014670180667660682
48 0.001466117807362749
49 0.0014037183122543417
50 0.001466117807362749
51 0.0014634857175219555
52 0.001466117807362749
53 0.0014670180667660682
54 0.0015242935633363547
55 0.0014777277586098694
56 0.0014777277586098694
57 0.0014777277586098694
58 0.0014777277586098694
59 0.0014777277586098694
60 0.0014777277586098694
61 0.0016882511980340718
62 0.0016882511980340718
63 0.0019468728174648294
