7 0.0026224485889952036
8 0.0020223885889952033
9 0.0015902993903369829
10 0.0015902993903369829
11 0.001287303801009771
12 0.0012854653265408817
13 0.001264222146164366
14 0.0012275603781719512
15 0.0012268575860854528
16 0.001098694776727506
17 0.001098694776727506
18 0.001107519102155221
19 0.001107519102155221
20 0.001107519102155221
21 0.0011457241884200318
22 0.0011457241884200318
23 0.0013005829246791863
24 0.0013005829246791863
25 0.0015453978504674584
26 0.00205849554042988
27 0.00205849554042988
