2 0.0042161520960672435
3 0.003007791385641192
4 0.002260497547296297
5 0.0018604575472962969
6 0.0016378486449044125
7 0.0014551775748742257
8 0.0012631466267218042
9 0.0012550792205371381
10 0.0012076113856411917
11 0.0010571458668133297
12 0.0010375569472683447
13 0.0010045561133123007
14 0.0008989706402528563
15 0.0008689229710338636
16 0.0008377686449044124
17 0.0008271588265061499
18 0.0008158120960672435
19 0.0008075713856411917
20 0.0008045361133123006
21 0.0006989506402528563
22 0.000685446702315016
23 0.0006707216588079934
24 0.0006624306773325224
25 0.0006607581227711952
26 0.0006571058668133295
27 0.000656384382151498
28 0.0006550975748742257
29 0.000650321814994688
30 0.0006417541755240679
31 0.00063991618988344
32 0.0006377486449044125
33 0.0006375169472683447
34 0.0006271388265061499
35 0.0006194192052595111
36 0.0006501989417052733
