85 0.005807839733954323
86 0.0056078197339543235
87 0.004220387031867023
88 0.004220387031867023
89 0.004220387031867023
90 0.0038055665951250476
91 0.004220387031867023
92 0.003821468089501992
93 0.0038055665951250476
94 0.0040055865951250475
95 0.00400978186844717
96 0.0038055665951250476
97 0.0040055865951250475
98 0.0038236669399979153
99 0.004004553273462994
100 0.004406074475149796
101 0.003816680395698513
102 0.003816680395698513
103 0.0034236269399979154
104 0.0034236269399979154
105 0.003405158023177384
106 0.003405158023177384
107 0.0034203926701983508
108 0.0034203926701983508
109 0.0034203926701983508
110 0.0034203926701983508
111 0.0034203926701983508
112 0.0034203926701983508
113 0.0036204126701983507
114 0.004212658259149769
115 0.004212658259149769
116 0.0042202740200204345
117 0.0042202740200204345
118 0.004405626595125048
119 0.004805106145276046
120 0.00600528229275529
121 0.005211266737922344
122 0.005211266737922344
123 0.0048046332734629936
124 0.0066068056191462025
125 0.006010402129768025
126 0.006616572826537717
127 0.004820334020020435
128 0.005824464803339558
130 0.006221195342840537
