8 0.0018748144620447595
9 0.001570454881189182
10 0.0014747744620447595
11 0.0012807342924846992
12 0.0012747544620447596
13 0.0012319354697670252
14 0.0010949251910137747
15 0.0010928080858130958
16 0.0010747344620447596
17 0.0009904949155818575
18 0.0009681420100547699
19 0.0009540342467454126
20 0.0009116922257692556
21 0.0008806942924846992
22 0.0008747144620447594
23 0.0008747144620447594
24 0.0008747144620447594
25 0.0008747144620447594
26 0.0008747144620447594
27 0.0008747144620447594
28 0.0012747544620447596
29 0.001336310901438873
30 0.0015159515896146936
31 0.0015159515896146936
32 0.001536330901438873
33 0.001571453489315545
