96 0.0018208405405870233
97 0.001613141836034507
98 0.0016055982599545327
99 0.0012203775654242774
100 0.0016116191823355866
101 0.001217389380806384
102 0.0012250852646743416
103 0.0014160787963675143
104 0.0016056853767332797
105 0.001218885728732343
106 0.0014107173483002059
107 0.0014102504004699086
108 0.0012143648998767266
109 0.0012214005909750997
110 0.001220225355262813
111 0.0014057228362729514
112 0.0012122258922726199
113 0.0010192255261614006
114 0.0014123459996181298
115 0.002008794167287422
116 0.001404630340961919
117 0.0012122110650398263
118 0.0014138090033019928
