1 0.08317873489220456
2 0.04200526112056331
3 0.029528450886732623
4 0.023169062068890578
5 0.0186179963053585
6 0.015638589945202654
7 0.013363684064451289
8 0.012249310574749832
9 0.010791177535172908
10 0.01028022865188449
11 0.009301159256466919
12 0.009281147487151167
13 0.009281147487151167
14 0.009281147487151167
15 0.009281147487151167
16 0.009301159256466919
17 0.009565574803109295
18 0.00959713596699739
19 0.00974318496196588
20 0.00974318496196588
21 0.00974318496196588
22 0.00974318496196588
23 0.00974318496196588
24 0.009838862045218883
25 0.010141421298497245
26 0.009838862045218883
27 0.009838862045218883
28 0.009838862045218883
29 0.010241618658414263
30 0.01061399301157442
31 0.01028022865188449
32 0.010769763349593273
33 0.010769763349593273
34 0.01099671690325755
35 0.010958755376468808
36 0.010958755376468808
37 0.011139397675385798
38 0.011189817746241787
39 0.011189817746241787
40 0.011358997207143423
41 0.012041286200730016
42 0.012157674457497974
43 0.012157674457497974
44 0.012965063690818889
45 0.011967751099217435
46 0.014092935791533416
47 0.014298125287032757
48 0.013990648290832351
49 0.014441959526020492
50 0.014298125287032757
51 0.014781003710395809
52 0.01793341711140716
53 0.01891284225544586
54 0.017773312759019142
55 0.021412709109415617
56 0.022560443994876805
57 0.023427700711986257
58 0.017783922757223875
59 0.02790204740188188
60 0.019327755628962554
61 0.042892175998935966
62 0.02509607112112764
63 0.02677549073971507
64 0.026568953712317944
