8 0.007296272996572835
9 0.0038776344308732607
10 0.0038776344308732607
11 0.0030928559195366233
12 0.0028928359195366233
13 0.002667319503268141
14 0.002667319503268141
15 0.0022927759195366234
16 0.0022927759195366234
17 0.002243179435289345
18 0.0020774544308732605
19 0.0018927359195366233
20 0.0020631816928579115
21 0.001885825924041189
22 0.0016631416928579112
23 0.0016631416928579112
24 0.0016544127922309545
25 0.0016544127922309545
26 0.0016544127922309545
27 0.0016631416928579112
28 0.0014710731510526923
29 0.0014710731510526923
30 0.00145970142766142
31 0.00145970142766142
32 0.00145970142766142
33 0.0014710731510526923
34 0.0014671995032681411
35 0.0014671995032681411
36 0.0012631016928579112
37 0.001221170127708275
38 0.001221170127708275
39 0.0012311557696189652
40 0.0012311557696189652
41 0.0012311557696189652
42 0.0012311557696189652
43 0.0012311557696189652
44 0.0012311557696189652
45 0.0012311557696189652
46 0.0012311557696189652
47 0.0014537515542221797
48 0.0012896346977087853
49 0.001489801439732293
50 0.001288805935787583
51 0.001288805935787583
52 0.001288805935787583
53 0.001288805935787583
54 0.001288805935787583
55 0.0014461203656593326
