43 0.006535734790194281
44 0.006535734790194281
45 0.006208972567369145
46 0.006208972567369145
47 0.006104117933975125
48 0.005941585378754511
49 0.005941585378754511
50 0.005370086149193381
51 0.005370086149193381
52 0.00536030559836041
53 0.005068414166640716
54 0.005068414166640716
55 0.005249483468526212
56 0.0050530829415705285
57 0.005060928266311216
58 0.005038761986674189
59 0.0050372141165705
60 0.005038761986674189
61 0.004854600753338418
62 0.0047953598461490275
63 0.0047833055327250445
64 0.004857651541667009
65 0.004927886191389342
66 0.004642373422671965
67 0.004623924428672583
68 0.004642373422671965
69 0.004652688048659802
70 0.004625028851495649
71 0.0046188651544513395
72 0.004582662060282924
73 0.0045115755267397025
74 0.0045115755267397025
75 0.004596686495881514
76 0.004582662060282924
77 0.004652688048659802
78 0.004663810810564941
79 0.004646046319420656
80 0.004697751163235388
81 0.004697751163235388
82 0.004482518465539128
83 0.004482518465539128
84 0.004542825671668331
85 0.0046188651544513395
86 0.004641191688017422
87 0.004641191688017422
88 0.004641191688017422
89 0.004641191688017422
90 0.004781268526451322
91 0.0054986313302343125
92 0.005470523498587454
93 0.005464637961158508
94 0.005654009242161454
95 0.005716329107231008
96 0.005725838829407326
97 0.006432379506321294
98 0.006656851628529543
99 0.0063659843343798345
100 0.006940359210797601
101 0.006874538140076047
102 0.007213369789737623
103 0.006773775937031851
104 0.006702383958436177
105 0.006725708259887394
106 0.006365215163693576
107 0.006809378119395576
108 0.00658734312061994
109 0.00629308063992458
110 0.006305351493644432
111 0.006365215163693576
112 0.0067525431602501315
113 0.006344574611808822
114 0.007026853646827989
115 0.006789053919753057
116 0.006789053919753057
117 0.007064268103576052
118 0.007540505134874493
119 0.007271902789676982
120 0.007102435271175043
121 0.009384561045629588
122 0.0075218506296242955
123 0.009708533392628966
124 0.009643023129530302
125 0.009643023129530302
126 0.009642271423001897
127 0.009712517408662174
128 0.011157737167847057
129 0.010752900965336355
130 0.011244542781441463
131 0.013195551100330397
