11 0.008797176471288127
21 0.00502418498609395
31 0.003796810151627878
41 0.0032377959930675847
51 0.0028539522930279724
61 0.002451447260258794
71 0.0020431106024060156
81 0.0020431106024060156
91 0.002022514204975091
101 0.001653073546157706
111 0.001645470711140598
115 0.0020832093051761707
116 0.002049127817757848
118 0.0016665674441409368
119 0.0016609323406943548
120 0.0016972634799382643
121 0.0012730228895060755
122 0.0016391336506819732
123 0.0016758377288355942
124 0.0016749278470270085
125 0.0016177459690035517
126 0.0012730228895060755
127 0.0016232909727443806
128 0.0012739439293071046
129 0.0016404885509056443
130 0.0016485582586876577
131 0.0012652085779969006
132 0.0016594095603929104
133 0.0012705616815064354
134 0.0016441901179855907
135 0.0016842069378801843
136 0.001697595822501289
137 0.0016835007779127233
