1 0.008313982540949384
2 0.004313582540949384
3 0.00304015618988344
4 0.0022991106402528564
5 0.0019133425409493835
6 0.0016990506402528563
7 0.001485526702315016
8 0.0013542800683530314
9 0.0012564443821514982
10 0.0011542600683530314
11 0.0010603775472962968
12 0.0010375569472683447
13 0.0010075913856411917
14 0.0008989706402528563
15 0.0008689229710338636
16 0.000850341814994688
17 0.000850341814994688
18 0.0008271588265061499
19 0.0008096500767706794
20 0.0007542200683530315
21 0.0006816162081312949
22 0.0006707216588079934
23 0.000663086626721804
24 0.0006607581227711952
25 0.0006603375472962967
26 0.0006571058668133295
27 0.000656384382151498
28 0.0006550975748742257
29 0.000650321814994688
30 0.0006417541755240679
31 0.00063991618988344
32 0.0006377486449044125
33 0.0006375169472683447
34 0.0006271388265061499
35 0.0006194192052595111
36 0.0006501989417052733
