98 0.006219968068353154
102 0.005605353277948747
104 0.008018125079451757
105 0.00821958628958315
106 0.011011321335712686
107 0.006611306319456009
108 0.00842272850560353
109 0.005413467779959278
110 0.004810701335712685
111 0.005819928068353154
112 0.005805766595125048
113 0.0062108728652914575
114 0.005806214475149795
115 0.006208502781992934
116 0.005220572670198351
117 0.00681259180298389
118 0.005004653273462993
119 0.006211548670241201
120 0.005025322685392036
121 0.006404694727539552
122 0.0052073540044946095
123 0.006611501894927051
124 0.005621135342840537
125 0.0066062191351896815
