1 0.016485502757173292
2 0.009613359418883388
3 0.0060855520261277034
4 0.004690402690155733
5 0.0036842227571732924
6 0.0035656200556951536
7 0.0035656200556951536
8 0.0035656200556951536
9 0.0035656200556951536
10 0.0035656200556951536
11 0.0035656200556951536
12 0.0035656200556951536
13 0.0035656200556951536
14 0.0035656200556951536
15 0.0035656200556951536
16 0.0035656200556951536
17 0.0035656200556951536
18 0.0035656200556951536
19 0.0035656200556951536
20 0.0035656200556951536
21 0.00362865418778907
22 0.0035656200556951536
23 0.0035656200556951536
24 0.003620657159818912
25 0.00362865418778907
26 0.003765640055695153
