10 0.0024487285286027708
11 0.0022558464641548722
12 0.002090021622371474
13 0.00189593643950933
14 0.00184614495455312
15 0.0016845392135363662
16 0.001689981622371474
17 0.0014931537771595514
18 0.001491015536054594
19 0.0014359509135975306
20 0.0012969099128528293
21 0.0012958764395093298
22 0.0012822977631567086
23 0.0012822977631567086
24 0.001233032604135685
25 0.0010931137771595515
26 0.0010894237443039537
27 0.0010822777631567086
28 0.001076213735702082
29 0.0010458428252016635
30 0.0010376172554704222
31 0.001033573029561241
32 0.0010161198698002832
33 0.0010015606911506305
34 0.0008968699128528294
35 0.0008873651208722024
36 0.0008848780676176136
37 0.0008848780676176136
38 0.0008791841217829677
39 0.0008625542175953983
40 0.0008611721259840805
41 0.0008586558813780599
42 0.0008503134015344065
43 0.0008458228252016633
44 0.0008391244602134881
45 0.0008219241105783407
46 0.0008219241105783407
47 0.0008144090155340413
48 0.0008115014453047016
49 0.0008034132008645601
50 0.0006989936165201253
51 0.0006958164395093297
52 0.0006956711143647825
53 0.0006909355360545939
54 0.000689881622371474
55 0.0006893837443039537
56 0.0006844392135363663
57 0.0006844392135363663
58 0.000676776209075866
59 0.0006651195256110802
60 0.0006625342175953983
61 0.0006625342175953983
62 0.000658194616839501
63 0.000658194616839501
64 0.0006537095727953402
65 0.0006537095727953402
66 0.0006527099044512936
67 0.0006537095727953402
68 0.0006485485286027708
69 0.0006485485286027708
70 0.0006485485286027708
71 0.0006458028252016633
72 0.0006391044602134881
73 0.0006391044602134881
74 0.0006383864768174668
75 0.0006375772554704222
76 0.0006391044602134881
77 0.0006454580177417341
78 0.0006405179815644104
79 0.00068387755936475
80 0.0006893837443039537
