53 0.0012163389639805425
54 0.0010166860987578024
55 0.0010166860987578024
56 0.0010166860987578024
57 0.0010166860987578024
58 0.0010166860987578024
59 0.0010166860987578024
60 0.0010201025859600803
61 0.0010157214522146147
62 0.0010157214522146147
63 0.0010157214522146147
64 0.001006173284225155
65 0.001005924808630245
66 0.0010061678953157736
67 0.0008230832260036427
68 0.0008226016607061289
69 0.0008225322662114092
70 0.0008226116755762711
71 0.0008226116755762711
72 0.0008195164544817046
73 0.0008195164544817046
74 0.0008195164544817046
75 0.0008186074170514458
76 0.0008186074170514458
77 0.0008186074170514458
78 0.0008184030612962215
79 0.0008184030612962215
80 0.0008184030612962215
81 0.0008184030612962215
82 0.0008195164544817046
83 0.0008086838511221135
84 0.0008083424019919055
85 0.0008083424019919055
86 0.0008083424019919055
87 0.0008081433738066365
88 0.0008080242009733343
89 0.0008080242009733343
90 0.0008080242009733343
91 0.0008080242009733343
92 0.0008071288501480334
93 0.0008061478953157735
94 0.0008059048086302449
95 0.0008058449150467798
96 0.0008051534725444073
97 0.0008051987587952257
98 0.0008051987587952257
99 0.0008061495898791708
100 0.0008061495898791708
101 0.0008061495898791708
102 0.0008061532842251551
103 0.0006212701689930085
104 0.0006212444899328241
105 0.0006200071146446409
106 0.0006200071146446409
107 0.0006200625859600803
108 0.0006177285884833422
109 0.0006173852156470627
110 0.0006173852156470627
111 0.0006173852156470627
112 0.0006166095601703657
113 0.0006166025159827753
114 0.0006165900674144227
115 0.0006160147958489215
116 0.0006158319680843152
117 0.0006160147958489215
118 0.0006162849763814794
119 0.0006162849763814794
120 0.0006164993220274771
121 0.0006166272543212686
122 0.0006162849763814794
123 0.0006153219206729
124 0.0006152955206708162
125 0.0006150996268330268
126 0.0006143096909410074
127 0.0006143096909410074
128 0.0006134598393955157
129 0.0006134092207096902
130 0.0006134598393955157
131 0.000612553675466454
132 0.000612553675466454
133 0.0006118304603183615
134 0.000611826948107718
135 0.0006116386532267047
136 0.0006116153746574651
137 0.0006110959528046234
138 0.0006105592960458406
139 0.0006110959528046234
140 0.0006105592960458406
141 0.0006105352117305931
142 0.0006097619823527278
143 0.0006097619823527278
144 0.0006097619823527278
145 0.0006090263276817415
146 0.0006089615928814091
147 0.0006089615928814091
148 0.0006089625983418244
149 0.0006089615928814091
150 0.0006089615928814091
151 0.0006086638511221135
152 0.0006085208094098007
153 0.0006085208094098007
154 0.0006082941611130763
155 0.0006082231828120797
156 0.0006081552054936554
157 0.0006081233738066365
158 0.0006080042009733343
159 0.0006078014351113019
160 0.0006076755581267577
161 0.0006074463878204342
162 0.000607391366623303
163 0.000607367931325218
164 0.0006072743077882941
165 0.0006072427704718563
166 0.00060719416097481
167 0.0006071602497128752
168 0.0006071288676254545
169 0.0006071088501480334
170 0.0006071035124582478
171 0.0006070245355075985
172 0.0006069826340391434
173 0.0006069568779118722
174 0.0006067633883122942
175 0.0006067089565174736
176 0.0006066037330527943
177 0.000606537780530493
178 0.0006064773598296037
179 0.0006064677189953377
180 0.0006061332842251551
181 0.0006061295898791709
182 0.0006061278953157735
183 0.0006059175862819311
184 0.0006058848086302449
185 0.0006058249150467798
186 0.0006057820384263109
187 0.0006057507430894107
188 0.0006056942507890231
189 0.0006056307932776324
190 0.0006051787587952257
191 0.0006051334725444074
192 0.0006046506805665303
193 0.0006045291309235171
194 0.0006045117670083584
195 0.000604284750905674
196 0.0006042507348068167
197 0.0006042195638884282
198 0.0006041401023188192
199 0.0006041250463549473
200 0.0004249054161024802
