78 0.00204217081445147
79 0.002040454201979636
80 0.002040454201979636
81 0.002040454201979636
82 0.001689524134056983
83 0.001689524134056983
84 0.001689524134056983
85 0.001689524134056983
86 0.0016902847450064348
87 0.001689524134056983
88 0.001689524134056983
89 0.0016582927981595033
90 0.0016426652778240341
91 0.0016582927981595033
92 0.0016426652778240341
93 0.0016162989101582064
94 0.0016162989101582064
95 0.0016161151254485632
96 0.0016161151254485632
97 0.0016161151254485632
98 0.0016161151254485632
99 0.0016161151254485632
100 0.0016161151254485632
101 0.0016161151254485632
102 0.0016162989101582064
103 0.0016162989101582064
104 0.0016162989101582064
105 0.0016225436802354903
106 0.0016225436802354903
107 0.0016225436802354903
108 0.0016225436802354903
109 0.0016523459958641747
110 0.0016495593826890047
111 0.0016495593826890047
112 0.001645932235697898
113 0.0016495593826890047
114 0.0016495593826890047
115 0.0020363986697716145
116 0.001687030998754641
117 0.0016552230165277604
118 0.002028272375748974
119 0.001757144834710339
120 0.00203388952518777
121 0.0016768652923209045
122 0.0020949905495023114
