9 0.0032672459349915566
10 0.0028147825539988226
11 0.0024512359383430937
12 0.002437095589713333
13 0.0021148326446342475
14 0.002037055589713333
15 0.0020131925305787385
16 0.0019148126446342478
17 0.0018511759383430934
18 0.0018370355897133332
19 0.0016733569340072073
20 0.0016733569340072073
21 0.0017147926446342476
22 0.0017147926446342476
23 0.0017147926446342476
24 0.001740354838968461
25 0.001740354838968461
26 0.001852583138995994
27 0.0021148326446342475
28 0.0023482422249031572
29 0.0035424683629026905
30 0.002834400958760118
