34 0.0034075167451617623
35 0.003207154004494609
36 0.003207154004494609
37 0.003023596234965763
38 0.003016694959802246
39 0.00301973156022702
40 0.0028224939201903186
41 0.0026219706085414936
42 0.002621169829083986
43 0.0026219706085414936
44 0.00261270365316055
45 0.002613235169449917
46 0.002610025866674043
47 0.002608829111002545
48 0.002610481335712684
49 0.002613235169449917
50 0.0026091286855288785
51 0.0024212291783282046
52 0.002421149829083986
53 0.00240424318297819
54 0.002225191547255441
55 0.002225191547255441
56 0.0022175450794517564
57 0.0022161641746764045
58 0.002215040103806107
59 0.002215040103806107
60 0.002215040103806107
61 0.002215040103806107
62 0.002210372778388917
63 0.0022082830656849897
64 0.002208789111002545
65 0.002205692796590809
66 0.002024084803339558
67 0.002022751186251609
68 0.002022751186251609
69 0.002206596884989282
70 0.002206596884989282
71 0.002223516234965763
72 0.0022159723957111844
73 0.002206596884989282
74 0.0022116712053326577
75 0.0022104413357126843
76 0.0022104619229143204
77 0.0022116712053326577
78 0.0022201870318670222
79 0.002225191547255441
80 0.002410392778388917
81 0.002407416745161762
82 0.0024086541628902942
83 0.002408809111002545
84 0.00240424318297819
85 0.002406575710628657
86 0.002407074004494609
87 0.002407074004494609
88 0.0024086541628902942
89 0.0024209182693758005
90 0.0024104613357126842
91 0.002620227031867022
92 0.0026090518615746097
93 0.002616654959802246
94 0.002623556234965763
95 0.0026224739201903186
96 0.0026210073380146417
97 0.002620630678397697
98 0.002813255169449917
99 0.002810045866674043
100 0.0028162241746764044
101 0.0028209582693758005
102 0.002819055688387504
103 0.0028210273380146417
104 0.0030160523957111843
105 0.003006650438708441
106 0.003006650438708441
107 0.003006650438708441
108 0.0032112486702412005
109 0.003206670438708441
110 0.0032065482641572187
111 0.0032066557106286567
112 0.003207154004494609
113 0.0032201613731965588
114 0.003020670678397697
115 0.003020141373196559
116 0.00320827176532326
117 0.00320827176532326
118 0.0030209782693758004
119 0.0030209782693758004
120 0.004206852523212774
121 0.0036054745162551515
122 0.0040210782693758
123 0.0046237562349657636
124 0.006605592511050173
128 0.006404648781362141
129 0.009005011439593947
130 0.0050086792845266005
131 0.0050086792845266005
