5 0.002100674188126189
6 0.0017430434212433628
7 0.0015430234212433628
8 0.0014300399554268326
9 0.0013061580022080597
10 0.0013061580022080597
11 0.0011576895031467902
12 0.0011112761570309985
13 0.001049245326331273
14 0.0009629744144096055
15 0.0009576695031467902
16 0.0009403399588126555
17 0.0008726257245918508
18 0.0008717756091042708
19 0.0008371758201136483
20 0.0008125176320693313
21 0.0007629544144096055
22 0.0007576495031467902
23 0.0007429434212433627
24 0.0007112361570309985
25 0.0007060980022080597
26 0.0006958165538128226
27 0.0006955958155788174
28 0.0006922059829506941
29 0.0006922059829506941
30 0.0007536595103313512
