18 0.00976206704146509
19 0.008548608050599983
20 0.008548608050599983
21 0.008548608050599983
22 0.008548608050599983
23 0.008548608050599983
24 0.008548608050599983
25 0.009009061105894719
26 0.009009061105894719
27 0.009009061105894719
28 0.009009061105894719
29 0.009009061105894719
30 0.009009061105894719
31 0.009009061105894719
32 0.009530108002984063
33 0.009238953223317064
34 0.009238953223317064
35 0.009238953223317064
36 0.009238953223317064
37 0.009238953223317064
38 0.009238953223317064
39 0.009238953223317064
40 0.009238953223317064
41 0.009238953223317064
42 0.009238953223317064
43 0.009238953223317064
44 0.009238953223317064
45 0.009238953223317064
46 0.009238953223317064
47 0.009238953223317064
48 0.009238953223317064
49 0.009238953223317064
50 0.01175893322587621
51 0.011857645829185155
52 0.013339152049620743
