7 0.00932794535217231
8 0.007730320400589082
9 0.007322551407241452
10 0.006995959014129232
11 0.006330852094602773
12 0.005827991088494267
13 0.005315753223472138
14 0.005315753223472138
15 0.005343829707352695
16 0.004964799014762267
17 0.003958207888248094
18 0.0034309459620213848
19 0.0034634319022170826
20 0.003400618904678988
21 0.003230345699174824
22 0.0029408108245897588
23 0.0029408108245897588
24 0.0029408108245897588
25 0.0029408108245897588
26 0.0028183679105071623
27 0.0025075597864853446
28 0.0024452711212158305
29 0.0024452711212158305
30 0.0024452711212158305
31 0.0024452711212158305
32 0.0024452711212158305
33 0.0024452711212158305
34 0.0024452711212158305
35 0.0024452711212158305
36 0.002426961153873209
37 0.002089582330405223
38 0.002089582330405223
39 0.002089582330405223
40 0.002089582330405223
41 0.002089582330405223
42 0.002089582330405223
43 0.002089582330405223
44 0.002089582330405223
45 0.002089582330405223
46 0.0024298165157816236
47 0.0024298165157816236
48 0.0024778649828641718
49 0.0027459567777155447
50 0.00275748856596852
51 0.0023150084642895564
52 0.002426961153873209
