6 0.024924002725166733
11 0.024901705171002556
16 0.024435296789379148
21 0.023946590853591562
26 0.021014355238866064
31 0.02080351867511871
36 0.02080351867511871
38 0.04784555169886347
40 0.02713795910276317
41 0.02080351867511871
42 0.02667560840927494
43 0.035504801616455306
44 0.025637474542790202
45 0.026213448216422228
46 0.02080351867511871
47 0.023808104321030945
48 0.02080351867511871
49 0.023776789764466656
50 0.026058021473235955
51 0.02341577148035129
52 0.028280810745118665
53 0.03141534663544577
54 0.027633772231792825
55 0.04301657361060414
56 0.02605782601295546
58 0.046344665519659205
