49 0.002224351303105855
50 0.002224351303105855
51 0.0020075048183271996
52 0.0020070861046798394
53 0.0020070861046798394
54 0.0020065480748002857
55 0.0020065480748002857
56 0.0020065480748002857
57 0.002005638259954533
58 0.002005638259954533
59 0.0018184577373883586
60 0.0016153275891957978
61 0.0016153275891957978
62 0.0016153275891957978
63 0.0016153275891957978
64 0.0016146611205273204
65 0.0016136969685910817
66 0.0016132141323534654
67 0.001602374806863462
68 0.001602374806863462
69 0.0014183432850558503
70 0.0014151679827705409
71 0.0014151679827705409
72 0.0014128087028869908
73 0.0014128087028869908
74 0.0014128087028869908
75 0.0014128087028869908
76 0.0014128087028869908
77 0.0014128087028869908
78 0.0014115530271143774
79 0.0014116470120780415
80 0.0014064880748002855
81 0.0014064880748002855
82 0.0014060559373539922
83 0.0014063605576082401
84 0.001405560634025107
85 0.0014052489748710927
86 0.0014052489748710927
87 0.0014048725218730768
88 0.0014048725218730768
89 0.0014043140311188558
90 0.0014043140311188558
91 0.0014043140311188558
92 0.0014043140311188558
93 0.0012250852646743416
94 0.0012250852646743416
95 0.0012250852646743416
96 0.0012250852646743416
97 0.0012250852646743416
98 0.0012250852646743416
99 0.0012250852646743416
100 0.0012250852646743416
101 0.0014043140311188558
102 0.0012250852646743416
103 0.0014043140311188558
104 0.0014043140311188558
105 0.0014043140311188558
106 0.0014043140311188558
107 0.0014056653767332797
108 0.0014043140311188558
109 0.0014056653767332797
110 0.0014043140311188558
111 0.0014056653767332797
112 0.0014056653767332797
113 0.0014056653767332797
114 0.0014056653767332797
115 0.0014056653767332797
116 0.0014056653767332797
117 0.0014056653767332797
118 0.0014057228362729514
119 0.001406527504014305
120 0.0014056653767332797
121 0.0014128087028869908
122 0.0014095738179612251
123 0.001412504666612367
124 0.0020179968934647915
125 0.0016144858356193132
126 0.002209256079439442
127 0.001604879857640136
128 0.0024082996435059213
129 0.002024931814597307
130 0.00241285514422284
131 0.0028105681797395894
132 0.0022154748807535164
