26 0.017452970353025427
27 0.017452970353025427
28 0.017452970353025427
29 0.017452970353025427
30 0.017789267540200205
31 0.017789267540200205
32 0.017951626648826154
33 0.018948939240427606
34 0.018450282944626882
35 0.014461032578221067
36 0.014461032578221067
37 0.014461032578221067
38 0.01446196559796981
39 0.015005001360857579
40 0.015005001360857579
41 0.015548037123745348
42 0.015548037123745348
43 0.0158762599589897
44 0.0158762599589897
45 0.0158762599589897
46 0.020943564423630514
47 0.025930127381637778
48 0.026042619287910823
49 0.027560650650451574
50 0.027560089737234287
51 0.029420721452242865
52 0.02618534123116515
53 0.034321082738890896
54 0.028534761874913876
55 0.027908407752103542
56 0.04129720494828709
57 0.03814847334282888
58 0.04565259685987176
60 0.04665649080752484
