23 0.02365961054602591
24 0.02362401721643401
25 0.02362401721643401
26 0.02362401721643401
27 0.02362401721643401
28 0.02362401721643401
29 0.02362401721643401
30 0.02365961054602591
31 0.02362401721643401
32 0.020916742532748327
33 0.020916742532748327
34 0.021112090805739173
35 0.021112090805739173
36 0.021112090805739173
37 0.021112090805739173
38 0.021112090805739173
39 0.021112090805739173
40 0.0219996524062226
41 0.0219996524062226
42 0.025598846764842156
43 0.027281380249505775
44 0.025789836963382558
45 0.032191251173040204
46 0.032254020619448306
47 0.027821867648664043
48 0.03397945159941779
49 0.025038002269954285
50 0.025404746296861236
51 0.027827502714690915
52 0.024493860465323883
53 0.024493860465323883
54 0.024493860465323883
55 0.024493860465323883
56 0.024493860465323883
57 0.024493860465323883
58 0.024493860465323883
62 0.0516539789045941
