69 0.006222308301731911
70 0.006022288301731912
71 0.006422328301731912
72 0.006022288301731912
73 0.0050221883017319115
74 0.005010735313453379
75 0.0046221483017319116
76 0.0048153123900982284
77 0.00481071531345338
78 0.004615292390098228
79 0.004615292390098228
80 0.0050221883017319115
81 0.005215352390098228
82 0.005222208301731912
83 0.0054222283017319114
84 0.005220957168317787
85 0.004422128301731912
86 0.005616085182563298
87 0.005222208301731912
88 0.00462280784722006
89 0.004022237014605003
90 0.004614549753757925
91 0.0038220683017319112
92 0.0036220483017319113
93 0.0036220483017319113
94 0.0036144497537579255
95 0.0036144497537579255
96 0.0036144497537579255
97 0.0036144497537579255
98 0.0036144497537579255
99 0.0036144497537579255
100 0.0036220483017319113
101 0.0036158851825632975
102 0.003622197014605003
103 0.00362270784722006
104 0.00362270784722006
105 0.00362270784722006
106 0.0038220683017319112
107 0.004214509753757925
108 0.003822217014605003
109 0.003822217014605003
110 0.004822168301731912
111 0.00422276784722006
112 0.00422276784722006
113 0.004810243412670494
114 0.004810243412670494
115 0.004810243412670494
116 0.004810243412670494
117 0.005409612928365769
118 0.00422276784722006
119 0.00422276784722006
120 0.00422276784722006
121 0.00422276784722006
122 0.00422276784722006
123 0.009025278955625323
124 0.008622105127148694
125 0.006020347843047542
126 0.0060184605905346834
130 0.012221556766242963
