6 0.0022707870679429224
7 0.0020300999554268328
8 0.0016125976320693315
9 0.0014707070679429225
10 0.0013547983292265568
11 0.0012372158201136485
12 0.001216092586474696
13 0.0011701807651727488
14 0.0010956358155788173
15 0.0010714437369544814
16 0.0010714437369544814
17 0.0009629744144096055
18 0.0009005541881261888
19 0.0009037367520134021
20 0.0009037367520134021
21 0.0009112561570309985
22 0.0009112561570309985
23 0.0009112561570309985
24 0.0009112561570309985
25 0.0009112561570309985
26 0.0009403345088083673
