20 0.008767321353282564
21 0.008730474762642274
22 0.008730474762642274
23 0.008730474762642274
24 0.008730474762642274
25 0.008730474762642274
26 0.008730474762642274
27 0.008730474762642274
28 0.008730474762642274
29 0.008730474762642274
30 0.008730474762642274
31 0.008730474762642274
32 0.008730474762642274
33 0.008730474762642274
34 0.008730474762642274
35 0.008730474762642274
36 0.008730474762642274
37 0.008730474762642274
38 0.008730474762642274
39 0.008730474762642274
40 0.008957672933837375
41 0.010228541578829659
42 0.00974146817031396
43 0.01001590427966495
44 0.010715614987345357
45 0.01090629006259561
46 0.011446747748188513
47 0.010246782229787015
48 0.010246782229787015
49 0.010425359328418607
50 0.011373119267365752
51 0.01089923929789218
52 0.013792982063857394
53 0.013150982029923847
