16 0.006223443042708599
17 0.006223443042708599
18 0.005486117356518422
19 0.005486117356518422
20 0.005486117356518422
21 0.0052057199222384585
22 0.0052057199222384585
23 0.005086077356518422
24 0.005086077356518422
25 0.005086077356518422
26 0.005086077356518422
27 0.005086077356518422
28 0.005086077356518422
29 0.005086077356518422
30 0.005086077356518422
31 0.005086077356518422
32 0.005086077356518422
33 0.005086077356518422
34 0.0050892062920962254
35 0.0050892062920962254
36 0.005086077356518422
37 0.005086077356518422
38 0.005086077356518422
39 0.005086077356518422
40 0.005098221983276971
41 0.005486117356518422
42 0.005486117356518422
43 0.005486117356518422
44 0.005486117356518422
45 0.005486117356518422
46 0.005486117356518422
47 0.005631368510943762
48 0.005486117356518422
49 0.005805779922238458
50 0.005842808263036812
51 0.005861882076456869
52 0.005861882076456869
