58 0.005818857737388359
59 0.006418917737388358
61 0.005018777737388359
62 0.005418817737388358
63 0.005418817737388358
64 0.005218797737388359
65 0.0056188377373883585
66 0.005418817737388358
67 0.004818757737388359
68 0.005018777737388359
69 0.005018777737388359
70 0.005018777737388359
71 0.005018777737388359
72 0.004018677737388359
73 0.004218697737388359
74 0.0030185777373883584
75 0.0024185177373883585
76 0.003418617737388359
77 0.003418617737388359
78 0.0024173220830692936
79 0.0022173020830692936
80 0.0022173020830692936
81 0.0020184777373883586
82 0.0018184577373883586
83 0.0020172820830692936
84 0.0022184977373883585
85 0.0020184777373883586
86 0.001817262083069294
87 0.0016060759373539922
88 0.0016184377373883584
89 0.0014184177373883584
90 0.0014203975654242774
91 0.0016172420830692937
92 0.0012203775654242774
93 0.0012203775654242774
94 0.0012203775654242774
95 0.0016055982599545327
96 0.0016055982599545327
97 0.0012203775654242774
98 0.0012203775654242774
99 0.0012203775654242774
100 0.0016116191823355866
101 0.001217389380806384
102 0.0012250852646743416
103 0.0014160787963675143
104 0.0016056853767332797
105 0.0012143648998767266
106 0.0012143648998767266
107 0.0012143648998767266
108 0.0010192255261614006
109 0.0010192255261614006
110 0.0010192255261614006
111 0.0010192255261614006
112 0.0010192255261614006
113 0.0010192255261614006
114 0.0010192255261614006
115 0.002008794167287422
116 0.001404630340961919
117 0.0012122110650398263
118 0.0014138090033019928
