1 0.09683506382256149
2 0.04437248653093945
3 0.03012444039715155
4 0.023240415317414758
5 0.018912643092625615
6 0.015493610211609839
7 0.013754869161854779
8 0.011920263699923448
9 0.01071369485832712
10 0.009436875429106062
11 0.008445850476195942
12 0.007790650084401032
13 0.007332371749153693
14 0.007143967953287837
15 0.006411527690016064
16 0.005855546461809656
17 0.005774992211543402
18 0.005774992211543402
19 0.005774992211543402
20 0.005774992211543402
21 0.005774992211543402
22 0.005774992211543402
23 0.005774992211543402
24 0.005774992211543402
25 0.005774992211543402
26 0.005774992211543402
27 0.005774992211543402
28 0.005774992211543402
29 0.005774992211543402
30 0.005774992211543402
31 0.005774992211543402
32 0.005774992211543402
33 0.005774992211543402
34 0.005935217130640861
35 0.005960131849961724
36 0.0059584020828829295
37 0.005774992211543402
38 0.006465530738824524
39 0.006231125241921001
40 0.0063166498696396265
41 0.006271690441630418
42 0.0066596147659282005
43 0.00766813073460508
44 0.007684311408180598
45 0.007746805105804919
46 0.007289173321331506
47 0.008230980424917727
48 0.008230980424917727
49 0.007774960562921415
50 0.008567950776754448
51 0.009476706309689274
52 0.009043948042129695
53 0.007289173321331506
54 0.017528434754568212
55 0.0155918899253965
56 0.009173691968524538
57 0.009173691968524538
58 0.009173691968524538
