1 0.008344136069921062
2 0.004343736069921062
3 0.0030277403781719513
4 0.0025870575491546187
5 0.002345844188420032
6 0.0017728788496444831
7 0.0016859320134868514
8 0.001545764188420032
9 0.0014859120134868514
10 0.001386937549154619
11 0.0012268575860854528
12 0.0011457241884200318
13 0.001133557877528728
14 0.0010268375860854528
15 0.0010171261389345552
16 0.0010171261389345552
17 0.0010157568976563358
18 0.0009457041884200319
19 0.000933537877528728
20 0.0009074991021552211
21 0.0009074991021552211
22 0.0009074991021552211
23 0.0009074991021552211
24 0.0009457041884200319
25 0.0009457041884200319
26 0.0010921787112516809
