6 0.003237776947268345
7 0.0016572058668133296
8 0.0014564643821514981
9 0.0014375969472683447
10 0.0014045961133123007
11 0.0012551575748742257
12 0.001250381814994688
13 0.0010816562081312948
14 0.0010816562081312948
15 0.0010045561133123007
16 0.0009132425409493835
17 0.0008707416588079934
18 0.000850341814994688
19 0.0008075713856411917
20 0.0008045361133123006
21 0.0007866711812079351
22 0.0007132225409493835
23 0.0007378255917047214
24 0.0009027585557975512
25 0.0010194592052595111
26 0.0008813210056463632
