84 0.006421671734470047
85 0.006421671734470047
86 0.006414007317789837
87 0.006414007317789837
88 0.006414007317789837
89 0.006414007317789837
90 0.004611085216342742
91 0.003821595438669343
92 0.0038153887006506424
93 0.0038153887006506424
94 0.0038153887006506424
95 0.0038153887006506424
96 0.0038214117344700462
97 0.0038214117344700462
98 0.004421655438669343
99 0.004418300590534684
100 0.004418300590534684
101 0.004418300590534684
102 0.004015408700650642
103 0.004418300590534684
104 0.004418300590534684
105 0.004418300590534684
106 0.004416405905053845
107 0.004416405905053845
108 0.004416405905053845
109 0.004416405905053845
110 0.004416405905053845
111 0.004416405905053845
112 0.004416405905053845
113 0.004416405905053845
114 0.004416405905053845
115 0.004416405905053845
116 0.004416405905053845
117 0.004416405905053845
118 0.004416405905053845
119 0.004420188741191564
120 0.004420188741191564
121 0.004420188741191564
122 0.004420188741191564
123 0.00482512194450801
124 0.005407986758788751
125 0.005008680775095652
126 0.0050217154386693426
127 0.005216253677677111
128 0.006205324499133448
129 0.005610323412670494
130 0.006825000963168692
131 0.0076245347022369505
133 0.0066226739475156345
134 0.008621891734470047
135 0.010810347623726544
138 0.008610127623726545
