3 0.003638048644904413
4 0.0026379486449044126
5 0.002085586702315016
6 0.001903202053925828
7 0.0018046361133123008
8 0.0016378486449044125
9 0.0014097100767706794
10 0.0012689629710338638
11 0.0012689629710338638
12 0.0011867111812079352
13 0.0010689429710338638
14 0.00103995618988344
15 0.000986691181207935
16 0.000986691181207935
17 0.000986691181207935
18 0.000856404382151498
19 0.0008603575472962967
20 0.0008607781227711952
21 0.0008607781227711952
22 0.0008607781227711952
23 0.0009031020539258278
24 0.0008813210056463632
25 0.0010045561133123007
