39 0.007437150445890392
40 0.007309354054940868
41 0.007273617292270276
42 0.007309354054940868
43 0.006716285488760666
44 0.006698913314791933
45 0.006698913314791933
46 0.006312873083082799
47 0.00631214249837014
48 0.00626727226018645
49 0.00626727226018645
50 0.006256188059076995
51 0.005520605278604117
52 0.005520605278604117
53 0.005493464372731106
54 0.00549755306514914
55 0.005493464372731106
56 0.005295402469733244
57 0.005295402469733244
58 0.0050622841752600315
59 0.005049713998696112
60 0.005035992481843629
61 0.005036989391289119
62 0.005035992481843629
63 0.00502418498609395
64 0.005049713998696112
65 0.004873378339216656
66 0.004873378339216656
67 0.004869872918233141
68 0.004671281389588099
69 0.004671281389588099
70 0.004671281389588099
71 0.004648316007695552
72 0.004648316007695552
73 0.004650365650569491
74 0.004869872918233141
75 0.005001414195259542
76 0.005072021421905536
77 0.005046358555768795
78 0.004950282866038386
79 0.004950282866038386
80 0.004975170592895855
81 0.004950282866038386
82 0.005126352496828733
83 0.005374035131267877
84 0.005422029651200063
85 0.005411670096432281
86 0.005344103945126207
87 0.005374035131267877
88 0.005418490399314604
89 0.005459269345904745
90 0.005306610076243478
91 0.005418490399314604
92 0.005585471978670807
93 0.005741709928169754
94 0.005393081071276959
95 0.005393081071276959
96 0.005393081071276959
97 0.0058391088551385285
98 0.00617973924331814
99 0.006121532228765793
100 0.0066335607905278066
101 0.007237595235560881
102 0.00685560387636063
103 0.006780571572246447
104 0.006905442213584217
105 0.0067918251000582425
106 0.0071175953969664285
107 0.0070020644245148336
108 0.007121523810090388
109 0.0073916737428932405
110 0.007291320532419471
111 0.007396737420198853
112 0.006960837512755391
113 0.006960837512755391
114 0.007142962451919388
115 0.007382198479075399
116 0.007494311882138974
117 0.00797520637477266
118 0.0077319608578280494
119 0.008393320803072715
120 0.00914225227700355
121 0.008812986843226352
122 0.008138823911966834
123 0.009234127021394013
124 0.008333757880457492
125 0.008333757880457492
126 0.011431095038664203
127 0.019177411641285644
128 0.008548649993329336
