1 0.08816918403155428
2 0.04207638258302916
3 0.02925310408153456
4 0.022463758724544355
5 0.01800612638001149
6 0.015163053793693884
7 0.013224005954666308
8 0.011857645829185155
9 0.010418913782464366
10 0.009398935812202452
11 0.008558675347174577
12 0.007750865961117267
13 0.007300741972359746
14 0.006770167528947669
15 0.0063881492258147776
16 0.005864136890557076
17 0.005864136890557076
18 0.005864136890557076
19 0.005864136890557076
20 0.005864136890557076
21 0.005864136890557076
22 0.005864136890557076
23 0.005864136890557076
24 0.005864136890557076
25 0.005864136890557076
26 0.005864136890557076
27 0.005864136890557076
28 0.005864136890557076
29 0.005864136890557076
30 0.005864136890557076
31 0.005864136890557076
32 0.005864136890557076
33 0.005864136890557076
34 0.005864136890557076
35 0.005864136890557076
36 0.005864136890557076
37 0.005864136890557076
38 0.005864136890557076
39 0.005864136890557076
40 0.005864136890557076
41 0.006294279148466497
42 0.0062972895255968666
43 0.0062972895255968666
44 0.006730442160636658
45 0.006768130134989638
46 0.007790415446474762
47 0.007735005868559587
48 0.007303514481070089
49 0.007303514481070089
50 0.006816613515665416
51 0.007735005868559587
52 0.009102359407497929
53 0.009407146580700968
54 0.008725795890243476
55 0.008725795890243476
56 0.01031388659703919
