28 0.0014834272534687233
29 0.0014834272534687233
30 0.0010891342242431662
31 0.0010854722307746419
32 0.0010761028033691427
33 0.0010761028033691427
34 0.001075689800876419
35 0.0010771115381388147
36 0.0010789306427832243
37 0.0010789306427832243
38 0.0010833872534687233
39 0.0010833872534687233
40 0.0010833872534687233
41 0.0010833872534687233
42 0.001085745924041189
43 0.001085745924041189
44 0.001085745924041189
45 0.0010890860222553562
46 0.0010890860222553562
47 0.0010890860222553562
48 0.001234898854686786
49 0.0012488387893156933
50 0.0012488387893156933
51 0.0012502707241033068
52 0.0012901133013832411
