11 0.00253452823837418
12 0.0024512359383430937
13 0.0019148126446342478
14 0.0019148126446342478
15 0.0017474799686562745
16 0.0017474799686562745
17 0.0017474799686562745
18 0.0014785766074669434
19 0.0014785766074669434
20 0.0015119533772230307
21 0.0015119533772230307
22 0.0015119533772230307
23 0.001625973564591527
24 0.001540334838968461
25 0.001540334838968461
26 0.001625973564591527
27 0.0017259193483717746
28 0.0016752353540362423
29 0.0018259935645915269
30 0.0019474999686562747
31 0.0019259393483717748
