1 0.01622097920525951
2 0.00825786586681333
3 0.00565760586681333
4 0.0045136025409493845
5 0.0045136025409493845
6 0.0045136025409493845
7 0.0045136025409493845
8 0.0045136025409493845
9 0.0045136025409493845
10 0.0045136025409493845
11 0.0045136025409493845
12 0.0045136025409493845
13 0.0045136025409493845
14 0.0045136025409493845
15 0.0045136025409493845
16 0.0045136025409493845
17 0.0045136025409493845
18 0.0045136025409493845
19 0.0045136025409493845
20 0.0045136025409493845
21 0.0045136025409493845
22 0.004713622540949384
23 0.004787071181207935
24 0.005987191181207935
25 0.0074556992205371386
