16 0.01263945103464046
17 0.00848221148084213
18 0.008429776572142111
19 0.007665517085661834
20 0.007224429346024104
21 0.007024948419222655
22 0.006985350631281754
23 0.007024948419222655
24 0.006491346809491389
25 0.0068266442110638675
26 0.006491346809491389
27 0.006491346809491389
28 0.006491346809491389
29 0.006491346809491389
30 0.006491346809491389
31 0.006491346809491389
32 0.006491346809491389
33 0.006491346809491389
34 0.006491346809491389
35 0.006491346809491389
36 0.0068266442110638675
37 0.0068266442110638675
38 0.0068266442110638675
39 0.0068266442110638675
40 0.0068266442110638675
41 0.0068266442110638675
42 0.0068266442110638675
43 0.0068266442110638675
44 0.006962512506533231
45 0.006962512506533231
46 0.0069795477867043414
47 0.0069795477867043414
48 0.007586307243152561
49 0.007586307243152561
50 0.007586307243152561
51 0.007586307243152561
52 0.007586307243152561
53 0.015767577837316166
58 0.010157166999838587
