4 0.005457762331340486
5 0.004451338459319682
6 0.003693068085813096
7 0.0036214524832663803
8 0.003370634881189182
9 0.0028575023313404855
10 0.0028575023313404855
11 0.0028511784593196823
12 0.0028511784593196823
13 0.0029542342467454128
14 0.0030511984593196823
15 0.0030575223313404854
16 0.0030575223313404854
17 0.0031542542467454127
18 0.0032575423313404854
19 0.0030930080858130957
20 0.003693068085813096
21 0.0038576023313404858
22 0.004093108085813096
23 0.004801234725149952
24 0.007801534725149953
25 0.005493248085813096
