21 0.002947498608284035
22 0.002937208186252711
23 0.0029230832235357888
24 0.0028907611100999196
25 0.002466710697000464
26 0.002473836233075799
27 0.002447673488543926
28 0.002447673488543926
29 0.0024298165157816236
30 0.0024651417829605962
31 0.0024651417829605962
32 0.0025863346177137907
33 0.002473836233075799
34 0.002450675687158132
35 0.002443529678937915
36 0.0024290135033421343
37 0.0024290135033421343
38 0.0022979071383071002
39 0.0022979071383071002
40 0.0019581387908351408
41 0.0019581387908351408
42 0.0019068856032025804
43 0.0019068856032025804
44 0.0019581387908351408
45 0.0019581387908351408
46 0.0019581387908351408
47 0.0019581387908351408
48 0.0019581387908351408
49 0.0019581387908351408
50 0.0019581387908351408
51 0.0020662469211129054
52 0.003813771206405161
53 0.003691823656199799
