8 0.005846322825201663
9 0.003633833029561241
10 0.0030959111143647826
11 0.0028337530295612407
12 0.002686323278780765
13 0.0026620437024596657
14 0.002633172604135685
15 0.002633172604135685
16 0.002286818925434342
17 0.002286818925434342
18 0.0024840575593647503
19 0.0022161579056607966
20 0.0020338715111610007
21 0.0020338715111610007
22 0.0018308276563319128
23 0.0018957911143647826
24 0.0016587358813780599
25 0.0016459028252016634
26 0.0016338315111610005
27 0.0016338315111610005
28 0.0016338315111610005
29 0.0014518429766056055
30 0.0012894437443039537
31 0.001276836209075866
32 0.001276836209075866
33 0.001276836209075866
34 0.001276836209075866
35 0.001276836209075866
36 0.001276836209075866
37 0.0012460849545531199
38 0.0012224838669919393
39 0.0010990336165201254
40 0.0010990336165201254
41 0.0010968899128528293
42 0.0010968899128528293
43 0.0010968899128528293
44 0.0010862127321015563
45 0.0010862127321015563
46 0.0010862127321015563
47 0.0010862127321015563
48 0.0010862127321015563
49 0.0010904648234775958
50 0.0012224098667178585
51 0.0012224098667178585
52 0.0012224098667178585
53 0.001276836209075866
54 0.0016652852081856008
57 0.001276233735702082
