15 0.006772502551015532
16 0.005353900248028282
17 0.004826368344137784
18 0.004826368344137784
19 0.003816252305110516
20 0.003816252305110516
21 0.003426742883961496
22 0.003120280111334431
23 0.003120280111334431
24 0.0029629698660692955
25 0.0029629698660692955
26 0.0029629698660692955
27 0.0029629698660692955
28 0.002934149733522772
29 0.0026950986783208274
30 0.0023851576906940724
31 0.0023851576906940724
32 0.002288297314762954
33 0.0020578772331775455
34 0.0020578772331775455
35 0.0019797442559846222
36 0.0020578772331775455
37 0.0020578772331775455
38 0.0020627192273863734
39 0.0020627192273863734
40 0.0020627192273863734
41 0.0020627192273863734
42 0.0016882511980340718
43 0.0016882511980340718
44 0.0014800264182002784
45 0.0014800264182002784
46 0.0014800264182002784
47 0.0015294019931662826
48 0.0017872711790450995
49 0.0017872711790450995
50 0.0017914373314306714
51 0.0017872711790450995
52 0.0017914373314306714
53 0.0014959688874021794
54 0.0016915821422259368
55 0.0014790850697763576
56 0.0014790850697763576
57 0.0014790850697763576
58 0.0014790850697763576
59 0.001671706524323563
60 0.001671706524323563
61 0.001958725758929171
62 0.001941568923098567
