1 0.04029202488255121
2 0.02029094393416555
3 0.01428067141549764
4 0.010489963934165547
5 0.008456372135339512
6 0.0070719323147247415
7 0.006068307778469654
8 0.005655309281289413
9 0.005655309281289413
10 0.005655309281289413
11 0.005655309281289413
12 0.005655309281289413
13 0.005655309281289413
14 0.005655309281289413
15 0.005655309281289413
16 0.005655309281289413
17 0.005655309281289413
18 0.005655309281289413
19 0.005655309281289413
20 0.005688564882551203
21 0.005688564882551203
22 0.005688564882551203
23 0.005688564882551203
24 0.006088604882551203
25 0.006088604882551203
26 0.006088604882551203
27 0.0060895239341655465
28 0.006288624882551203
29 0.006288624882551203
30 0.006288624882551203
31 0.006488644882551203
32 0.0070887048825512035
33 0.007888784882551203
34 0.007888784882551203
35 0.007888784882551203
36 0.007888784882551203
37 0.007888784882551203
38 0.008288824882551202
39 0.008088804882551202
40 0.008088804882551202
41 0.008488844882551203
42 0.009088904882551202
