77 0.00882360198706533
78 0.007611406736140474
79 0.007611406736140474
80 0.007611406736140474
81 0.007611406736140474
82 0.007611406736140474
83 0.007611406736140474
84 0.007611406736140474
85 0.007611406736140474
86 0.007611406736140474
87 0.007611406736140474
88 0.007611406736140474
89 0.007611406736140474
90 0.0076391812012558
91 0.0077187020155362355
92 0.0077187020155362355
93 0.0077187020155362355
94 0.0077187020155362355
95 0.0077187020155362355
96 0.00776382028914286
97 0.00776382028914286
98 0.00776382028914286
99 0.007837365447539886
100 0.00805007068074434
101 0.00805007068074434
102 0.00805007068074434
103 0.00805007068074434
104 0.00805007068074434
105 0.009321237568014371
106 0.009215734768111782
107 0.009170031219454264
108 0.009321237568014371
109 0.011355585724819808
110 0.009680967335982655
111 0.011049950264896628
112 0.00969500687428154
113 0.009100938406476348
114 0.009100938406476348
115 0.009100938406476348
116 0.009100938406476348
117 0.009100938406476348
118 0.009100938406476348
119 0.009100938406476348
120 0.009100938406476348
121 0.009100938406476348
122 0.009779202210930007
123 0.010695559622413888
124 0.009280854321310057
125 0.009280854321310057
126 0.014467486497841752
127 0.013144361757249371
128 0.011741093538893771
129 0.012182117276395309
130 0.014755576246623688
131 0.02045434842625815
