9 0.007468220063989604
10 0.005357802415294887
11 0.004810856118686759
12 0.0043667694007120325
13 0.004129497821942744
14 0.003955784966354578
15 0.0034613118455602563
16 0.0033695041616271125
17 0.0029872880255958417
18 0.002935059109817653
19 0.0028881464242518106
20 0.0027838686042815147
21 0.0024888016013697046
22 0.002425983000395574
23 0.0023812477219320683
24 0.0022909930440980584
25 0.0019987682877754924
26 0.0019910412810957637
27 0.001948291787379959
28 0.001925430949501207
29 0.0018641399937722124
30 0.0018368886468650564
31 0.0017864111767885672
32 0.0016963077353862302
33 0.0016190066236802408
34 0.0014886352743040735
35 0.0014886352743040735
36 0.0014555898002373442
37 0.001443256835606028
38 0.001437308064292313
39 0.0014271672009286435
40 0.0014097732980814298
41 0.001381070800056128
42 0.0013654854878069915
43 0.0013416078084936048
44 0.0013053771514313151
45 0.00129402871935848
46 0.001276907936753894
47 0.0012663609942883745
48 0.0012466934742717847
49 0.0012142549677601805
50 0.0009993841438877462
51 0.0009924235162027156
52 0.0009924235162027156
53 0.0009924235162027156
54 0.0009924235162027156
55 0.0009924235162027156
56 0.0009955206405478818
57 0.0009993841438877462
58 0.0009955206405478818
59 0.0009924235162027156
60 0.000995762675198614
61 0.001410738043757184
62 0.0014555898002373442
63 0.001904998177545655
64 0.0018414277334081706
65 0.001991525350397228
66 0.002977270548608147
