6 0.0020172261389345553
7 0.0017409363148460238
8 0.0017075791021552212
9 0.001565682215456232
10 0.0013408963148460239
11 0.0012747326096474746
12 0.001264222146164366
13 0.0011457241884200318
14 0.0011457241884200318
15 0.0011115762256207647
16 0.001098694776727506
17 0.001098694776727506
18 0.001098694776727506
19 0.001133557877528728
20 0.001159497667287328
21 0.001159497667287328
22 0.0012625579573785472
23 0.0013005829246791863
24 0.0013075391021552213
25 0.0016189808335183905
26 0.00185847554042988
