7 0.0022172461389345552
8 0.0018172061389345553
9 0.0016686596994612002
10 0.0015149239123802677
11 0.001485485326540882
12 0.001287303801009771
13 0.001264222146164366
14 0.0011357509921157915
15 0.001133557877528728
16 0.0011148839123802678
17 0.0011148839123802678
18 0.0012223085889952034
19 0.0012223085889952034
20 0.0012223085889952034
21 0.0012223085889952034
22 0.0012625579573785472
23 0.0012625579573785472
24 0.0012921987112516809
25 0.0015006029246791863
26 0.00185847554042988
27 0.00205849554042988
28 0.0015409163148460238
