29 0.002863585705173726
30 0.002647348587386319
31 0.002647348587386319
32 0.0026458562607978254
33 0.0026458562607978254
34 0.002863585705173726
35 0.002278887242346588
36 0.002278887242346588
37 0.0019721134263684767
38 0.0019451799791420303
39 0.0019721134263684767
40 0.0019451799791420303
41 0.0019581387908351408
42 0.0018231097938772702
43 0.0018875125372351956
44 0.00183832571064568
45 0.0018875125372351956
46 0.0018239681681055538
47 0.0018239681681055538
48 0.0018055875855492944
49 0.0014899754648059751
50 0.001466117807362749
51 0.001466117807362749
52 0.0014686040931263555
53 0.001453621506352728
54 0.001453621506352728
55 0.001453621506352728
56 0.0014012385098044232
57 0.0014012385098044232
58 0.0014318232926197809
59 0.0014318232926197809
60 0.0014318232926197809
61 0.0014318232926197809
62 0.0018716244163391221
63 0.0014601546130986222
64 0.0019090571367824838
67 0.0014601546130986222
