50 0.0020139857541319403
51 0.001804998023177384
52 0.001804998023177384
53 0.001804998023177384
54 0.001804998023177384
55 0.0016213392123487344
56 0.0016116230589244744
57 0.0016116230589244744
58 0.0016116230589244744
59 0.0016123982591497686
60 0.0014132814221007972
61 0.0014132814221007972
62 0.0014132814221007972
63 0.001419165401586452
64 0.001415889905112274
65 0.001415889905112274
66 0.001422161277495127
67 0.001424989733887819
68 0.0014249626853920358
69 0.0014249626853920358
70 0.0014249626853920358
71 0.0014249626853920358
72 0.0014113623260768801
73 0.0014113623260768801
74 0.0014056127965908088
75 0.001210468115149816
76 0.001210468115149816
77 0.0012160641746764044
78 0.001210468115149816
79 0.001210468115149816
80 0.0012055927965908088
81 0.001025071547255441
82 0.001025071547255441
83 0.0010192397384900529
84 0.001025071547255441
85 0.0010168873403508358
86 0.0010168873403508358
87 0.0010176020005532769
88 0.0010115630589244745
89 0.0010115630589244745
90 0.0010115630589244745
91 0.0010115630589244745
92 0.0010115630589244745
93 0.0010160441746764044
94 0.0010248835124858266
95 0.0010165147602272033
96 0.0010165147602272033
97 0.0010204706783976973
98 0.0010219240221145149
99 0.0010204706783976973
100 0.0010192397384900529
101 0.0012146731995398758
102 0.0012146731995398758
103 0.0012108667379223434
104 0.0012080188176769565
105 0.0012080188176769565
106 0.0012103413357126842
107 0.0012086891110025448
108 0.0012103413357126842
109 0.0012103413357126842
110 0.0012224810335142457
111 0.0012122415191436144
112 0.0012241275373832711
113 0.001215869905112274
114 0.0014048222927552894
115 0.0014084612499132695
116 0.0014056991351896807
117 0.001408851140576746
118 0.0012128639440779846
122 0.0016085741628902941
