9 0.0041211807596675445
10 0.0039056307559180935
11 0.003422009287135091
12 0.002747453839778363
13 0.0022591031382655476
14 0.0021349566773077666
15 0.0019711716438969755
16 0.0019528153779590468
17 0.0017493889240895188
18 0.0017110046435675455
19 0.0017091175910895135
20 0.0014783787329227319
21 0.001423304451538511
22 0.0013737269198891816
23 0.0013145246626809705
24 0.0013018769186393644
25 0.0012712842727273027
26 0.0012344225241770358
27 0.0012344225241770358
28 0.001139411727393009
29 0.001139411727393009
30 0.001139411727393009
31 0.0011943589662760672
32 0.001571433489315545
