30 0.004197575408477539
31 0.003317863016271683
32 0.0030435919828075025
33 0.0030435919828075025
34 0.0029728130799163838
35 0.002527426578869751
36 0.002798383605651693
37 0.0023547657552634616
38 0.002285782975608491
39 0.002285782975608491
40 0.0022087771175054375
41 0.001972155212004518
42 0.0019188345394512958
43 0.0019188345394512958
44 0.0019188345394512958
45 0.0019188345394512958
46 0.0019790689864606394
47 0.0022979071383071002
48 0.0019600532055329646
49 0.0019866339530746333
50 0.0020412235676856003
51 0.002278887242346588
52 0.0023942532139161208
53 0.0023966262763749397
54 0.0022087771175054375
55 0.0022569844819366183
56 0.0024832924413432916
57 0.002256317159086091
58 0.002256317159086091
