1 0.04024958508757651
2 0.02084764508757651
3 0.01387564602941667
4 0.010454326606067618
5 0.00865414660606762
6 0.007277986971969408
7 0.006077866971969408
8 0.0052997218890229025
9 0.004831288510943762
10 0.004452837515623796
11 0.004061747846629208
12 0.003661707846629208
13 0.003661707846629208
14 0.0034507688149426675
15 0.0034507688149426675
16 0.0034507688149426675
17 0.0034507688149426675
18 0.0034507688149426675
19 0.0034507688149426675
20 0.0034507688149426675
21 0.0034507688149426675
22 0.0034507688149426675
23 0.0034507688149426675
24 0.0034507688149426675
25 0.0034507688149426675
26 0.0034507688149426675
27 0.0034507688149426675
28 0.0034507688149426675
29 0.0034507688149426675
30 0.0034507688149426675
31 0.0034507688149426675
32 0.0034507688149426675
33 0.0034507688149426675
34 0.0034507688149426675
35 0.003454306234410645
36 0.00347959141549764
37 0.00367462602941667
38 0.003868087778469654
39 0.0040295721991922126
40 0.003699561889022902
41 0.004660781848264276
42 0.00507166721607051
43 0.005054466234410644
44 0.00527478602941667
45 0.005689673941019109
46 0.00567981141549764
47 0.00607486602941667
48 0.0058561121353395106
49 0.006074731451905333
50 0.005646125087576508
51 0.00844687625337296
52 0.007668467778469654
55 0.009088904882551202
