5 0.008655542304059727
6 0.0046629586909816235
7 0.0040904225954373746
8 0.0032628186909816233
9 0.0032628186909816233
10 0.0032628186909816233
11 0.0030627986909816233
12 0.003054982304059726
13 0.0030130462792223385
14 0.002486987832028583
15 0.002458418608819612
16 0.0024258559789179647
17 0.002454922304059726
18 0.002259422161716264
19 0.002071771272347655
20 0.001837323433668466
21 0.001681225611868676
22 0.001659362161716264
23 0.0016548423040597259
24 0.0014963317581013578
25 0.0014963317581013578
26 0.0014963317581013578
27 0.0016129062792223385
28 0.0014963317581013578
29 0.001616029377880259
30 0.0014963317581013578
31 0.0012809411730723384
32 0.0012809411730723384
33 0.0012809411730723384
34 0.0012809411730723384
35 0.0012809411730723384
36 0.001227985666397446
37 0.001227985666397446
38 0.001227985666397446
39 0.001227985666397446
40 0.001227985666397446
41 0.001227985666397446
42 0.001227985666397446
43 0.001227985666397446
44 0.0012477836142723057
45 0.001281185611868676
46 0.0012699502313235312
47 0.0012885905561256794
48 0.0012477836142723057
49 0.0014814777373753018
50 0.0018792626880974378
53 0.0014809611730723384
