16 0.004059213091326972
17 0.004059213091326972
18 0.004059213091326972
19 0.004059213091326972
20 0.0040895565183029425
21 0.004289576518302942
22 0.003263817925462146
23 0.003255461829268997
24 0.003255461829268997
25 0.003255461829268997
26 0.003255461829268997
27 0.003255461829268997
28 0.0032642781007135857
29 0.0032642781007135857
30 0.0034134834456024145
31 0.0034134834456024145
32 0.0034134834456024145
33 0.0034134834456024145
34 0.0034134834456024145
35 0.003435445717143772
36 0.0034134834456024145
37 0.0034134834456024145
38 0.003435445717143772
39 0.003435445717143772
40 0.003435445717143772
41 0.003435445717143772
42 0.003435445717143772
43 0.003435445717143772
44 0.003435445717143772
45 0.003435445717143772
46 0.003464298100713586
47 0.003633415126922927
48 0.0038895365183029425
49 0.005285889596616431
50 0.004688071867423186
