4 0.005039344220345337
5 0.00397542757971661
6 0.0032820407972370454
7 0.002813177826203182
8 0.002516275231557066
9 0.002208570877620339
10 0.0020527301637975337
11 0.0018202302994969025
12 0.001677516821038044
13 0.0016192255652458891
14 0.0015118032661036009
15 0.0013711976004399885
16 0.0013251425265722034
17 0.001312430841805034
18 0.001258137615778533
19 0.0012225341569235752
20 0.0011083601367060628
21 0.0010263650818987669
22 0.0009978212805057125
23 0.0009625220112927265
24 0.0009260932534436081
25 0.0009247813546650447
26 0.0009141317336266591
27 0.0009126887643029962
28 0.0009101151497484512
29 0.0009005636299893758
30 0.0008834283510481356
31 0.0008797523797668798
32 0.0008754172898088249
33 0.0008749538945366893
34 0.0008541976530123
35 0.000838758410519022
36 0.000831504192134487
37 0.0008191801535413587
38 0.0008150227712823833
