2 0.02108135141549764
3 0.01368061141549764
4 0.010410025519604613
5 0.008300021889022902
6 0.007273160549977526
7 0.006099801889022902
8 0.005288524882551203
9 0.0048233030427086
10 0.0044728805499775265
11 0.0044728805499775265
12 0.0044728805499775265
13 0.0044728805499775265
14 0.0044728805499775265
15 0.0044728805499775265
16 0.0044728805499775265
17 0.0044728805499775265
18 0.0044728805499775265
19 0.004499641889022903
20 0.004672900549977526
21 0.004686037356518422
22 0.004686037356518422
23 0.004686037356518422
24 0.004686037356518422
25 0.004686037356518422
26 0.004686037356518422
27 0.004686037356518422
28 0.004686037356518422
29 0.004686037356518422
30 0.004686037356518422
31 0.004686037356518422
32 0.004686037356518422
33 0.00484651625337296
34 0.00504653625337296
35 0.00504653625337296
36 0.005086077356518422
37 0.0052860973565184224
38 0.0052860973565184224
39 0.005486117356518422
40 0.005486117356518422
41 0.0052997218890229025
42 0.005686137356518422
43 0.006286197356518422
44 0.006088604882551203
45 0.008473280549977527
46 0.009489646292096227
47 0.009489646292096227
48 0.009875111451905333
49 0.010075131451905334
50 0.010075131451905334
51 0.009464635126592898
