23 0.0020853766000791148
24 0.0016998320719438732
25 0.001691852559027398
26 0.0016817281662906088
27 0.001691852559027398
28 0.001498001337599307
29 0.0014241969338465576
30 0.0012852966000791149
31 0.001286867832028583
32 0.0012814577373753018
33 0.0012763495443864137
34 0.0010960238978752264
35 0.0010960238978752264
36 0.001097961337599307
37 0.001097961337599307
38 0.001264078100713586
39 0.001236499931223473
40 0.0010997720719438733
41 0.0010450207004294538
42 0.001037243433668466
43 0.0010196296045168148
44 0.0010196296045168148
45 0.0010314229064528268
46 0.0010314229064528268
47 0.0010314229064528268
48 0.0010314229064528268
49 0.001064058100713586
50 0.0012450407004294538
51 0.0012450407004294538
52 0.0010997720719438733
53 0.001259322161716264
54 0.0012699502313235312
