3 0.004462562329527997
4 0.002662382329527996
5 0.002462362329527996
6 0.0022172461389345552
7 0.0017336178775287279
8 0.0016873438010097709
9 0.001498131495512806
10 0.001485485326540882
11 0.001359517667287328
12 0.0012171461389345554
13 0.0010872838010097708
14 0.0010685996994612003
15 0.0010171261389345552
16 0.0009656222154562319
17 0.000933537877528728
18 0.0009148639123802676
19 0.0008685796994612002
20 0.0008622023295279959
21 0.0008622023295279959
22 0.0008622023295279959
23 0.0008622023295279959
24 0.0008854253265408818
25 0.0010171261389345552
26 0.0013005829246791863
27 0.0016189808335183905
