6 0.02371538971282433
11 0.014165571909704546
16 0.011069258376274937
21 0.010235154568843916
26 0.010235154568843916
31 0.009995724850080101
34 0.02350390726161465
35 0.013570466211098607
36 0.009746856118021237
37 0.01326007820681393
38 0.010282959426956409
39 0.011518685684832188
40 0.009746856118021237
41 0.009747766256041825
42 0.009887077608286934
43 0.009747766256041825
44 0.01060602392773084
45 0.008849850322408289
46 0.010089284602125746
47 0.010722542881646008
48 0.010089284602125746
49 0.012482650770051725
50 0.011843829097105612
51 0.012943751305788832
52 0.018033367573677375
