6 0.0018552175748742258
7 0.0016990506402528563
8 0.0015379055917047212
9 0.0014551775748742257
10 0.0012378086449044126
11 0.0012378086449044126
12 0.0011027785557975512
13 0.0010989906402528564
14 0.0010707616588079933
15 0.0010551375748742257
16 0.0010571458668133297
17 0.0008607781227711952
18 0.0008603575472962967
19 0.000856404382151498
20 0.000850341814994688
21 0.0008607781227711952
22 0.0008707416588079934
23 0.0008707416588079934
24 0.0008784609414437198
25 0.0008784609414437198
26 0.0008784609414437198
