13 0.009260496912792389
14 0.006197378210408387
15 0.005291712521595651
16 0.005662537611705587
17 0.004767214008006451
18 0.004290492607205806
19 0.00428048820788777
20 0.00428048820788777
21 0.004290492607205806
22 0.00428048820788777
23 0.003913189692181075
24 0.003478390837494289
25 0.003478390837494289
26 0.003478390837494289
27 0.0030435919828075025
28 0.0029581701395527153
29 0.0025481254970711863
30 0.0025481254970711863
31 0.002466710697000464
32 0.002466710697000464
33 0.002466710697000464
34 0.002473879930155059
35 0.001973368557600371
36 0.002204880217331521
37 0.0019721134263684767
38 0.001973368557600371
39 0.002204880217331521
40 0.002204880217331521
41 0.0019721134263684767
42 0.0019721134263684767
43 0.002243693946578466
44 0.002243693946578466
45 0.002243693946578466
46 0.0019790689864606394
47 0.002243693946578466
48 0.002243693946578466
49 0.0022681577711108985
50 0.002204880217331521
51 0.0019721134263684767
52 0.0023966262763749397
53 0.0023966262763749397
54 0.0024391428625365925
55 0.002926971435043911
56 0.003086832304264129
57 0.002473836233075799
