1 0.041891874316570724
2 0.022405905837630323
3 0.015499993497131168
4 0.011678760939390253
5 0.009432845374122898
6 0.007959456120148437
7 0.006702699890651316
8 0.005868650690917994
9 0.005243935408807097
10 0.004734560846312808
11 0.0043132106470830595
12 0.0039124337939453295
13 0.003787648677050246
14 0.0034148000075512296
15 0.003317863016271683
16 0.0029486643420147092
17 0.0029148162040105612
18 0.0028407365077876847
19 0.002527426578869751
20 0.002447673488543926
21 0.0024290135033421343
22 0.0022979071383071002
23 0.002243693946578466
24 0.002114477677782421
25 0.001994625183202906
26 0.0019432108026737074
27 0.001908126152555258
28 0.0018838126042107694
29 0.0018248120100569122
30 0.0018055875855492944
31 0.001698750331380791
32 0.0016849510525798338
33 0.0016500324252173271
34 0.0014843279580930354
35 0.0014700399041497236
36 0.0014634857175219555
37 0.0014499217604061697
38 0.0014203682538938423
39 0.0014091839552535811
40 0.001389005078573734
41 0.0013679761260791653
42 0.0013651562970580634
43 0.0013319291369638122
44 0.0012927197444982251
45 0.0012738144810012747
46 0.0012686866066694525
47 0.0012567562294971218
48 0.0012441986311018812
49 0.001237631536431824
50 0.0009911459931456687
51 0.000980270274863253
52 0.0009781084484863324
53 0.0009774118715751659
54 0.000975657145014637
55 0.0009635870366999733
56 0.0009584912549073467
57 0.0009512196017528378
58 0.0009437562686175978
59 0.0009419063021053847
60 0.0009394559701690541
61 0.000932794535217231
62 0.0009260033857158225
63 0.0009229559140499497
64 0.00091916285532284
65 0.0009153189259051816
66 0.0009143131902433963
67 0.0009124060050284561
68 0.0009115548969386351
69 0.000909146162569194
70 0.0009027937927746472
71 0.0009026224703762807
72 0.0008959206964037358
73 0.0008957186657153357
74 0.0008819520869326083
75 0.000879140905437048
76 0.000879140905437048
77 0.0008695977093735722
78 0.0008606843797122512
79 0.000853848132296217
80 0.0008671845944164787
81 0.0008493751656903955
82 0.0008465628188769415
83 0.0008457910711129684
84 0.0008424979118917247
85 0.0008424755262899169
86 0.0008421424595097243
87 0.00084214025541655
88 0.0008385945413197044
89 0.0008378374863314145
90 0.0008358532621617815
91 0.0008317873489220457
92 0.0008302133929663193
93 0.0008294657540679208
94 0.000827515573367352
95 0.0008274665024603778
96 0.000826498768445162
97 0.0008250876909545494
98 0.0008250162126086636
99 0.0008164894270742401
100 0.0004986562958007265
