21 0.02620274182874771
22 0.02524606012971954
23 0.02524606012971954
24 0.02524606012971954
25 0.02524606012971954
26 0.026376996135484852
27 0.02694246413836751
28 0.02694246413836751
29 0.024130652493907216
30 0.02363410856546013
31 0.02363410856546013
32 0.02363410856546013
33 0.023804332332752916
34 0.024130652493907216
35 0.024130652493907216
36 0.024130652493907216
37 0.024130652493907216
38 0.025613824328773186
39 0.025613824328773186
40 0.025613824328773186
41 0.025613824328773186
42 0.025613824328773186
43 0.025637474542790202
44 0.025637474542790202
45 0.025903294723916608
46 0.025903294723916608
47 0.025903294723916608
48 0.025903294723916608
49 0.025903294723916608
50 0.025903294723916608
51 0.025903294723916608
52 0.025903294723916608
53 0.025903294723916608
54 0.025903294723916608
55 0.025903294723916608
56 0.025903294723916608
57 0.037063125666456524
58 0.045141738234025106
60 0.042013654881032286
