42 0.002213468386539427
43 0.002213468386539427
44 0.0022138463194378982
45 0.0020118889450387463
46 0.0020118889450387463
47 0.0018118689450387464
48 0.0018118689450387464
49 0.0018118689450387464
50 0.0018127329895441014
51 0.0018104153134533788
52 0.0018104153134533788
53 0.0018102821377264113
54 0.0018118689450387464
55 0.0018127329895441014
56 0.0018127329895441014
57 0.0016239347022369505
58 0.001807101195598342
59 0.0016054794964514574
60 0.0016054794964514574
61 0.0016054794964514574
62 0.0014206962797752454
63 0.0014206962797752454
64 0.0014171992039384664
65 0.0014171992039384664
66 0.0014171992039384664
67 0.0014187472070236946
68 0.0014187472070236946
69 0.0014206962797752454
70 0.0016187672070236945
71 0.0014204767662429623
72 0.0014180005905346832
73 0.0014180005905346832
74 0.0014180005905346832
75 0.0014078274704325674
76 0.0014078274704325674
77 0.0014078274704325674
78 0.0014078274704325674
79 0.0014078274704325674
80 0.0014078762044552042
81 0.0014166694198496487
82 0.0014133883865394266
83 0.0012084545731298052
84 0.0012053762122966078
85 0.0012046028409950183
86 0.001204536492250888
87 0.0012046028409950183
88 0.0012053762122966078
89 0.0012046028409950183
90 0.0012046028409950183
91 0.0012046028409950183
92 0.0012084545731298052
93 0.0014046700627782015
94 0.0012170110241632572
95 0.0012038874296812223
96 0.0012038874296812223
97 0.0012038874296812223
98 0.0012038874296812223
99 0.0012038874296812223
100 0.0012038874296812223
101 0.0012038874296812223
102 0.0012038874296812223
103 0.0012038874296812223
104 0.0012038874296812223
105 0.0012038874296812223
106 0.0012038874296812223
107 0.0012075667587887503
108 0.0012075667587887503
109 0.0012107452163427422
110 0.001218516036491703
111 0.0012107452163427422
112 0.0012107452163427422
113 0.0012165468986618144
114 0.0014205524747095421
115 0.0014205524747095421
116 0.0014244609631686917
117 0.0014089257580305432
