27 0.011899871466569928
28 0.008795740151047497
29 0.008795740151047497
30 0.008709386379606786
31 0.008422902501833507
32 0.00846308329810034
33 0.008709386379606786
34 0.008709386379606786
35 0.008225531580739742
36 0.008225531580739742
37 0.008225531580739742
38 0.008225531580739742
39 0.008225531580739742
40 0.008057828080581645
41 0.008057828080581645
42 0.007610170964993776
43 0.008057828080581645
44 0.008243753851540126
45 0.008243753851540126
46 0.008890841529713145
47 0.008243753851540126
48 0.009461164456490544
49 0.009362543618298396
50 0.009362543618298396
51 0.010258258428869908
52 0.009932564998277365
53 0.010778390379158384
54 0.011544793845490594
