1 0.020247762825201666
2 0.010261680870194372
3 0.007016719869800284
4 0.0052848992135363666
5 0.004284799213536366
6 0.003649293042609488
7 0.003216339869800283
8 0.002846022825201663
9 0.002615645847061244
10 0.0022854745181529372
11 0.002216239869800283
12 0.0020225638669919394
13 0.002015585847061244
14 0.0018161998698002833
15 0.0016597423366682676
16 0.0016359709135975306
17 0.0014853945181529373
18 0.0014531960392430454
19 0.0014226736334525117
20 0.0012990536165201254
21 0.00128393755936475
22 0.0012597023366682676
23 0.0012458628252016634
24 0.001239159276201416
25 0.0010968899128528293
26 0.0010929590892381398
27 0.0010765604092129323
28 0.0010625742175953985
29 0.0010596823366682676
30 0.0010509927697448138
31 0.0010226336334525118
32 0.0010138544277989627
33 0.0010024661220737728
34 0.0008956911143647825
35 0.0008899016223714739
36 0.000881332614569949
37 0.0008652052081856009
38 0.0008625542175953983
39 0.0008611721259840805
40 0.0008576003960867
41 0.0008485685286027708
42 0.000839119276201416
43 0.0008375972554704222
44 0.0008224877942659961
45 0.0008178028534968181
46 0.0008168464880940335
47 0.0008144090155340413
48 0.0008058321007401382
49 0.0008024461220737728
50 0.0006989936165201253
51 0.0006959092101260066
52 0.0006929190892381397
53 0.0006861727321015562
54 0.0006861232787807651
55 0.0006848580676176137
56 0.0006813126145699491
57 0.0006813126145699491
58 0.000676776209075866
59 0.0006651852081856009
60 0.0006618437024596656
61 0.0006611521259840805
62 0.0006604788930039025
63 0.0006596423366682675
64 0.000658194616839501
65 0.0006537095727953402
66 0.0006527099044512936
67 0.0006523473724777671
68 0.0006509527697448138
69 0.0006489930426094878
70 0.0006454580177417341
71 0.000639099276201416
72 0.0006383864768174668
73 0.0006375772554704222
74 0.0006527099044512936
75 0.0006375772554704222
76 0.0006405179815644104
77 0.0008147264002010715
78 0.0006604788930039025
