1 0.04417554235010875
2 0.023430373030055004
3 0.015465832110999143
4 0.011927396434529364
5 0.009718619317023926
6 0.007951597623019576
7 0.007029111909016501
8 0.005946875958874012
9 0.005390146315215652
10 0.00488705935787583
11 0.004460156969155509
12 0.004091157731561374
13 0.003893745634929659
14 0.0035340433880087004
15 0.0033977456154224922
16 0.003141171525209852
17 0.002960268748895389
18 0.0028731038566993453
19 0.002727438487707582
20 0.0024932814790036323
21 0.0024283296202059447
22 0.0023863721543663013
23 0.002243693946578466
24 0.002123437914225989
25 0.001979103944124047
26 0.001958725758929171
27 0.001941568923098567
28 0.0018716244163391221
29 0.0018102496890167181
30 0.0017719177411573794
31 0.0017343691888329574
32 0.0016915821422259368
33 0.0016500324252173271
34 0.0014700399041497236
35 0.0014634857175219555
36 0.0014569977721235667
37 0.0014318232926197809
38 0.001422322096929223
39 0.0014268294026292569
40 0.0014156344029263967
41 0.001382084161362932
42 0.0013608946626665391
43 0.0013555137132982504
44 0.0013404533842838247
45 0.0013252662705032627
46 0.0012931673088568954
47 0.0012537798932426723
48 0.0012411997536905667
49 0.0012375243189129952
50 0.0009933169765373167
51 0.0009866842788001855
52 0.000980270274863253
53 0.0009781084484863324
54 0.000975657145014637
55 0.0009743610745119296
56 0.0009734364087324147
57 0.0009716054013368537
58 0.0009707844615492835
59 0.0009635870366999733
60 0.0009577012855664483
61 0.0009545488617465207
62 0.0009469121692625615
63 0.0009469121692625615
64 0.0009469121692625615
65 0.0009394559701690541
66 0.0009358122081695611
67 0.0009229559140499497
68 0.0009115548969386351
69 0.0009085455844619092
70 0.0009026224703762807
71 0.0009026224703762807
72 0.0009124060050284561
73 0.0008983662261069425
74 0.0008936355895225497
75 0.0008859588705786897
76 0.0008835108470021751
77 0.0008819520869326083
78 0.0008695977093735722
79 0.0008671845944164787
80 0.0008621115392379302
81 0.0008704170850065151
82 0.0009072631084443593
83 0.000980270274863253
