1 0.02022148578090762
2 0.010295815640892778
3 0.007020165780907618
4 0.005495335640892777
5 0.004295215640892777
6 0.0036597361117236427
7 0.003237442270280322
8 0.002852404783374231
9 0.002619725780907618
10 0.0022950156408927773
11 0.0022406707702330897
12 0.002038353631012302
13 0.0018595561117236425
14 0.0018297783103405712
15 0.0016720210572033396
16 0.001629758310340571
17 0.001489612729014293
18 0.001452264783374231
19 0.0014329189163452547
20 0.0014121307313445896
21 0.0012864227400791496
22 0.001248844946786553
23 0.0012346529736784039
24 0.0012303135225217017
25 0.001089572729014293
26 0.0010884884148586293
27 0.0010751191381455007
28 0.001066419925868528
29 0.0010604798197059516
30 0.0010575907113946374
31 0.001051815168163635
32 0.001019565780907618
33 0.0010043774473301908
34 0.000894875640892777
35 0.0008867211963316632
36 0.0008719410572033397
37 0.000866399925868528
38 0.000857368986083738
39 0.0008555885681925479
40 0.0008524099311400528
41 0.000848804946786553
42 0.0008405307702330896
43 0.0008372022702803222
44 0.000836608273943703
45 0.0008290371387517138
46 0.0008257684209789631
47 0.0008120707313445896
48 0.0008095492293900533
49 0.0008043574473301906
50 0.0008036026725532996
51 0.0006910838040522447
52 0.0006884484148586293
53 0.0006865140886853049
54 0.0006857098390898016
55 0.0006776542550648199
56 0.0006719210572033397
57 0.0006697098722176558
58 0.0006649032982971877
59 0.0006645794142167486
60 0.0006609409527167918
61 0.0006604398197059514
62 0.0006594263554679324
63 0.0006575507113946372
64 0.0006558002550727517
65 0.0006581633920683141
66 0.0006558002550727517
67 0.0006558002550727517
68 0.0006558002550727517
69 0.0006558002550727517
70 0.000657348986083738
71 0.000657348986083738
72 0.000656911388735255
73 0.0008555885681925479
