14 0.0022777871889952915
15 0.0016748290824249307
16 0.0016362927846051312
17 0.0014977423237325573
18 0.001462036499300861
19 0.0014362727846051312
20 0.001412321538663329
21 0.0012809023991639055
22 0.001265302522613609
23 0.001244437090292093
24 0.0012233144842839286
25 0.0010980907579843386
26 0.0010808823991639055
27 0.0010747690824249308
28 0.0010747690824249308
29 0.0010485533755670287
30 0.0010448014916318346
31 0.0010271331418420528
32 0.0010232944842839286
33 0.001012281538663329
34 0.0008996509026049598
35 0.0008919925808134804
36 0.0008884102290122875
37 0.0008789840471672902
38 0.0008769801907979949
39 0.0008631150059266561
40 0.0008586111531487505
41 0.0008563598638873449
42 0.0008494504972293619
43 0.0008444875033514888
44 0.0008444875033514888
45 0.0008400006023666852
46 0.0008362127846051311
47 0.0008362127846051311
48 0.0008144031282014425
49 0.0008119916177981282
50 0.0006996309026049599
51 0.0006996309026049599
52 0.0006934669621748987
53 0.0006908672036097624
54 0.0006883902290122875
55 0.0006856530263414024
56 0.0006808423991639056
57 0.0006779720357145214
58 0.0006779720357145214
59 0.0006768845119774086
60 0.0006747290824249306
61 0.0006742257575952632
62 0.0006677050701943092
63 0.0006677050701943092
64 0.0006630950059266561
65 0.0006628145731198158
66 0.0006585911531487506
67 0.0006585911531487506
68 0.0006553591152131458
69 0.0006485133755670285
70 0.0006482744670036052
71 0.0006482744670036052
72 0.0006482744670036052
73 0.0006463319799784703
74 0.0006463319799784703
75 0.0006444675033514889
76 0.0006447614916318344
77 0.0006444675033514889
78 0.0006407481522334568
79 0.0006407481522334568
80 0.0006407481522334568
81 0.0006407481522334568
83 0.0006616001978638245
