23 0.012071332619861413
24 0.011357035004259323
25 0.011850819134879296
26 0.008613075391150509
27 0.00852755694991604
28 0.008555702344757435
29 0.007019206660913072
30 0.006969712241578602
31 0.006969712241578602
32 0.006707597653316547
33 0.006417336933324122
34 0.006417336933324122
35 0.006417336933324122
36 0.006336048066427186
37 0.006109497322660239
38 0.006109497322660239
39 0.006109497322660239
40 0.006109497322660239
41 0.006109497322660239
42 0.006109497322660239
43 0.006109497322660239
44 0.006109497322660239
45 0.006239288079284103
46 0.006239288079284103
47 0.006239288079284103
48 0.006239288079284103
49 0.006239288079284103
50 0.006239288079284103
51 0.007698478015923432
52 0.008680685498729919
53 0.008772989630437641
54 0.007860253189509524
55 0.01200999516969819
