1 0.040226843042708606
2 0.020269727778469655
3 0.013627261860703484
4 0.010283475034589585
5 0.008254041478010786
6 0.0070235230427086
7 0.006206273617855537
8 0.005288524882551203
9 0.004807458181133816
10 0.00441900502915638
11 0.0040755903938503165
12 0.0040828550345895845
13 0.004089106292096225
14 0.004247309828361752
15 0.004089513941019109
16 0.004247309828361752
17 0.004089106292096225
18 0.004247309828361752
19 0.004247309828361752
20 0.004247309828361752
21 0.004247309828361752
22 0.004247309828361752
23 0.004247309828361752
24 0.004268127778469654
25 0.004268127778469654
26 0.004268127778469654
27 0.004268127778469654
28 0.004275610393850317
29 0.004275610393850317
30 0.004275610393850317
31 0.004285664045391893
32 0.0042891262920962256
33 0.004407418181133816
34 0.004407418181133816
35 0.004407418181133816
36 0.004485684045391894
37 0.004489285664979561
38 0.004489285664979561
39 0.004489285664979561
40 0.004489285664979561
41 0.004489285664979561
42 0.004888484882551203
43 0.005099701889022902
44 0.005099701889022902
45 0.005475730393850317
46 0.005475730393850317
47 0.005864275126592897
48 0.006288624882551203
49 0.007086277356518423
50 0.006411057197910612
51 0.010665485496745526
52 0.007297992693878709
53 0.009664655126592897
