33 0.0031754208795552576
34 0.0029686559161860708
35 0.0029686559161860708
36 0.0028878069183409225
37 0.0024823995073811334
38 0.0024823995073811334
39 0.002204880217331521
40 0.002204880217331521
41 0.001994625183202906
42 0.0020627192273863734
43 0.001796732452213885
44 0.001796732452213885
45 0.0017391954187471444
46 0.0017391954187471444
47 0.0017391954187471444
48 0.0017391954187471444
49 0.0019432108026737074
50 0.001972155212004518
51 0.0019562168969726648
52 0.0018789119403381082
53 0.0018248120100569122
54 0.0018459118280998994
55 0.0019822919862913374
56 0.0019822919862913374
57 0.0021760427125162877
58 0.0017670216940043502
59 0.0017670216940043502
60 0.0024391428625365925
