8 0.0030902933013832413
9 0.0026338322972082394
10 0.002487400537255965
11 0.002285865924041189
12 0.002075789800876419
13 0.0018888659357875833
14 0.0018337522972082395
15 0.001692715919536623
16 0.0016493231130534714
17 0.001490133301383241
18 0.001485785924041189
19 0.0014513834318172184
20 0.0012948759860310119
21 0.0012891249555871287
22 0.001285765924041189
23 0.0012551520990193546
24 0.001223381409438471
25 0.0010987362958007267
26 0.00109484724661516
27 0.0010860433031563248
28 0.001077344284195621
29 0.001077344284195621
30 0.0010572365951216983
31 0.0010492631130534715
32 0.0010229755355564843
33 0.0010229755355564843
34 0.0008956329965728344
35 0.0008948272466151599
36 0.0008900733013832412
37 0.0008878885725073186
38 0.0008857259240411889
39 0.0008833672534687233
40 0.0008735160846312808
41 0.0008686674606011001
42 0.0008671395032681411
43 0.0008562630025142281
44 0.0008558374484693176
45 0.0008526224222541796
46 0.0008487987893156932
47 0.0008233414094384708
48 0.0008211301277082749
49 0.0008133093842225811
50 0.0006986962958007265
51 0.0006948072466151599
52 0.0006948072466151599
53 0.0006930788030011295
54 0.0006901751374316265
55 0.0006890942242431663
56 0.000688745935787583
57 0.000688745935787583
58 0.000688745935787583
59 0.0006857059240411889
60 0.000684580502117576
61 0.0006792856274536734
62 0.0006767614008006452
63 0.0006760628033691426
64 0.0006734960846312808
65 0.0006734960846312808
66 0.0006709931510526924
67 0.0006697679850845271
68 0.0006671195032681411
69 0.0006607347204543106
70 0.00065962142766142
71 0.0006671195032681411
72 0.00065962142766142
73 0.0006607347204543106
74 0.0006679461040847806
75 0.0006878685725073186
76 0.0006948072466151599
