26 0.007439158468128395
27 0.007337647774544132
28 0.007279791300377593
29 0.007279791300377593
30 0.007279791300377593
31 0.007279791300377593
32 0.0063922632673561715
33 0.0063922632673561715
34 0.0063922632673561715
35 0.0063922632673561715
36 0.0063922632673561715
37 0.0063922632673561715
38 0.0064507528553176515
39 0.0064507528553176515
40 0.0063922632673561715
41 0.0063922632673561715
42 0.0063922632673561715
43 0.0063922632673561715
44 0.0064507528553176515
45 0.0064507528553176515
46 0.006524489978202744
47 0.006524489978202744
48 0.006524489978202744
49 0.008404990359770248
50 0.008096242254569033
51 0.007700414899974265
52 0.010732862467948839
