18 0.003894833120794323
19 0.003694813120794323
20 0.0030255048447135795
21 0.0030255048447135795
22 0.0030255048447135795
23 0.0030255048447135795
24 0.0030255048447135795
25 0.0030255048447135795
26 0.003053878246133222
27 0.003054982304059726
28 0.003059502161716264
29 0.003059502161716264
30 0.0030610618471821407
31 0.0030610618471821407
32 0.0030661068762047176
33 0.0030661068762047176
34 0.0030661068762047176
35 0.0030661068762047176
36 0.0030661068762047176
37 0.0030661068762047176
38 0.0030661068762047176
39 0.0030661068762047176
40 0.0030661068762047176
41 0.0034090316884689107
42 0.0036595621617162644
43 0.0037000320719438734
44 0.0037000320719438734
45 0.004496631758101359
46 0.003847562602831202
47 0.0034825179115391615
48 0.0034825179115391615
49 0.004279502688097438
50 0.004279502688097438
