2 0.02127456054997753
3 0.014237591690190702
4 0.010473480549977526
5 0.008637031690190703
6 0.007436911690190703
7 0.006273060549977526
8 0.005433422629616978
9 0.004847369828361752
10 0.004847369828361752
11 0.004847369828361752
12 0.004847369828361752
13 0.004847369828361752
14 0.004847369828361752
15 0.004847369828361752
16 0.004847369828361752
17 0.004847369828361752
18 0.004847369828361752
19 0.004847369828361752
20 0.004847369828361752
21 0.004847369828361752
22 0.004847369828361752
23 0.004847369828361752
24 0.004847369828361752
25 0.004847369828361752
26 0.004847369828361752
27 0.004847369828361752
28 0.004847369828361752
29 0.004847369828361752
30 0.004847369828361752
31 0.004847369828361752
32 0.004847369828361752
33 0.004847369828361752
34 0.004847369828361752
35 0.004847369828361752
36 0.004847369828361752
37 0.004847369828361752
38 0.005472980549977526
39 0.005472980549977526
40 0.005489463934165546
41 0.006299821889022902
42 0.005499741889022902
43 0.010075131451905334
44 0.007074831451905334
45 0.010075131451905334
46 0.010075131451905334
47 0.009898701983276971
48 0.010075131451905334
49 0.010075131451905334
50 0.010075131451905334
