23 0.0034309459620213848
24 0.003337049805604516
25 0.003329268606134932
26 0.0031853646931354813
27 0.003086832304264129
28 0.002934149733522772
29 0.002934149733522772
30 0.002926971435043911
31 0.002934149733522772
32 0.002934149733522772
33 0.002934149733522772
34 0.002934149733522772
35 0.002934149733522772
36 0.002934149733522772
37 0.0033095049898121216
38 0.0033519544994825693
39 0.003337049805604516
40 0.002934325345458997
41 0.00252642076624965
42 0.0023353975163407053
43 0.0023353975163407053
44 0.0023353975163407053
45 0.0023353975163407053
46 0.0023353975163407053
47 0.002167961486041197
48 0.002167961486041197
49 0.002167961486041197
50 0.00206878893341838
51 0.00206878893341838
52 0.002167961486041197
53 0.002167961486041197
54 0.002167961486041197
55 0.002527493735675174
56 0.002288297314762954
57 0.0024391428625365925
58 0.0026458562607978254
59 0.003887706425250598
