53 0.0010218069452647732
54 0.0010210250552260978
55 0.0010210250552260978
56 0.001022338238197119
57 0.0010175239294838018
58 0.0010111089797087297
59 0.001011516800369495
60 0.0010092696973919674
61 0.0010088480474918819
62 0.0010088480474918819
63 0.0010092696973919674
64 0.0010093408533247354
65 0.0010052130458380547
66 0.0010043701399903267
67 0.0010043701399903267
68 0.0010057563786770069
69 0.0010079069692733355
70 0.0010079069692733355
71 0.000819135146523625
72 0.0008183195853770203
73 0.000817345582434088
74 0.000817345582434088
75 0.0008162106870114484
76 0.0008162106870114484
77 0.0008172183123107993
78 0.0008145274735734857
79 0.000813948884133214
80 0.000813948884133214
81 0.0008118305095962385
82 0.0008117638215382357
83 0.000811951440546013
84 0.0008109071691648663
85 0.0008106405544614236
86 0.0008093665219959788
87 0.0008092496973919674
88 0.0008117638215382357
89 0.0008087583129476006
90 0.000808202487677393
91 0.0008076810139553564
92 0.0008066248582393339
93 0.0008061792873085966
94 0.0008057363786770068
95 0.0008056624811320133
96 0.000805394252823063
97 0.000804712939206666
98 0.000804543226582249
99 0.0008042441376243305
100 0.000624652100601497
101 0.0006239791295433111
102 0.0006228224439780543
103 0.000622298238197119
104 0.0006220218174506208
105 0.0006217669452647733
106 0.0006216343903711979
107 0.0006222458830400842
108 0.0006208362261217981
109 0.0006200564478624339
110 0.0006200564478624339
111 0.000619115146523625
112 0.000619115146523625
113 0.0006197352781983453
114 0.0006182995853770203
115 0.0006181614252135964
116 0.0006181614252135964
117 0.0006181179493844862
118 0.0006180432002452698
119 0.000617470596726371
120 0.0006164735194197819
121 0.0006161906870114485
122 0.0006156331598801396
123 0.0006156331598801396
124 0.0006156957851814271
125 0.0006151107945047748
126 0.0006151107945047748
127 0.0006156331598801396
128 0.0006145134612929089
129 0.0006144979232103374
130 0.0006128308999011022
131 0.0006129000761294983
132 0.0006122226217756238
133 0.0006122226217756238
134 0.0006128308999011022
135 0.0006129000761294983
136 0.0006120504173007177
137 0.0006120504173007177
138 0.0006122064417266211
139 0.0006114185909687545
140 0.0006110689797087296
141 0.0006110689797087296
142 0.0006114185909687545
143 0.0006114185909687545
144 0.0006113457906534009
145 0.0006117438215382358
146 0.0006102800305260872
147 0.0006100645455289367
148 0.0006100645455289367
149 0.0006106205544614236
150 0.0006101168247342511
151 0.0006100504799703743
152 0.0006100504799703743
153 0.0006093736018352722
154 0.0006092436180810106
155 0.0006092436180810106
156 0.0006091934559868319
157 0.0006089903283976346
158 0.0006091934559868319
159 0.0006089390387907994
160 0.0006088080474918818
161 0.0006088080474918818
162 0.000608182487677393
163 0.000608182487677393
164 0.0006083075641940254
165 0.0006081611609072542
166 0.0006078669692733353
167 0.0006076610139553564
168 0.0006076610139553564
169 0.0006075767280711987
170 0.0006075767280711987
171 0.000607564457258121
172 0.0006074456778835374
173 0.0006074456778835374
174 0.0006071041679473602
175 0.0006070627850845524
176 0.0006067973939832794
177 0.0006067428132880718
178 0.0006066048582393339
179 0.0006064544222317709
180 0.0006063749126132905
181 0.0006063408410732455
182 0.0006062602174704485
183 0.0006061592873085966
184 0.0006060197585721199
185 0.0006057668202923809
186 0.0006057163786770068
187 0.0006056424811320133
188 0.000605374252823063
189 0.0006053133213778411
190 0.0006052589965117462
191 0.0006051730458380547
192 0.0006047249404459643
193 0.000604692939206666
194 0.0006045781110635588
195 0.000604523226582249
