1 0.008242514175524069
2 0.004642154175524068
3 0.0030419941755240676
4 0.002260497547296297
5 0.0020418941755240678
6 0.0016604375472962967
7 0.0014604175472962967
8 0.0014504018149946879
9 0.0012418141755240679
10 0.0012378086449044126
11 0.0010564243821514982
12 0.0010502389417052734
13 0.0010096700767706795
14 0.0010045561133123007
15 0.0008603575472962967
16 0.000850341814994688
17 0.0008377686449044124
18 0.0008375369472683447
19 0.0008096500767706794
20 0.0008045361133123006
21 0.0007132225409493835
22 0.0006813010056463632
23 0.0006689029710338636
24 0.0006607581227711952
25 0.0006603375472962967
26 0.0006571058668133295
27 0.000656384382151498
28 0.0006550975748742257
29 0.000650321814994688
30 0.0006417541755240679
31 0.00063991618988344
32 0.0006377486449044125
33 0.0006375169472683447
34 0.0006271388265061499
35 0.0006194192052595111
36 0.0006501989417052733
