31 0.003407027430563452
32 0.0032000961658518873
33 0.002256317159086091
34 0.002256317159086091
35 0.002245915565267356
36 0.001973368557600371
37 0.001956024089021424
38 0.001956024089021424
39 0.001956024089021424
40 0.001956024089021424
41 0.0019581387908351408
42 0.0017213687594245025
43 0.0014843017398454795
44 0.0014843017398454795
45 0.0014843017398454795
46 0.0014843017398454795
47 0.0014843017398454795
48 0.0014843017398454795
49 0.0014843017398454795
50 0.0014843017398454795
51 0.0016635746978440915
52 0.0016915821422259368
53 0.0016329788541484802
54 0.0016329788541484802
55 0.0016329788541484802
56 0.0016329788541484802
57 0.0016329788541484802
58 0.0016329788541484802
59 0.0016329788541484802
60 0.0018055875855492944
61 0.001675674972662829
62 0.0019332290138748928
63 0.001941568923098567
64 0.0018055875855492944
65 0.0018055875855492944
67 0.002123437914225989
