4 0.0030691429710338635
5 0.0022046761133123005
6 0.0018376369472683448
7 0.0016097300767706794
8 0.0014689829710338637
9 0.0013040344220345338
10 0.0012045761133123007
11 0.0010989906402528564
12 0.0010631266267218042
13 0.0010571458668133297
14 0.0010375569472683447
15 0.0010045561133123007
16 0.0009031020539258278
17 0.0010045561133123007
18 0.0008375369472683447
19 0.0008271588265061499
20 0.0008271588265061499
21 0.0008271588265061499
22 0.0008377686449044124
23 0.000850341814994688
24 0.000850341814994688
25 0.0009119641937532575
26 0.0011867111812079352
