2 0.0046198192052595115
3 0.003019659205259511
4 0.002304134422034534
5 0.001904094422034534
6 0.0016564843821514981
7 0.0014604175472962967
8 0.0013132825409493834
9 0.001250381814994688
10 0.0011132625409493834
11 0.0010603775472962968
12 0.001041794175524068
13 0.0010194592052595111
14 0.0009132425409493835
15 0.0008689229710338636
16 0.0008551175748742257
17 0.0008417741755240678
18 0.0008375369472683447
19 0.0008075713856411917
20 0.0007542200683530315
21 0.0007039744220345336
22 0.0006989506402528563
23 0.0006689029710338636
24 0.0006624306773325224
25 0.0006603375472962967
26 0.0006571058668133295
27 0.000656384382151498
28 0.0006550975748742257
29 0.000650321814994688
30 0.0006417541755240679
31 0.00063991618988344
32 0.0006377486449044125
33 0.0006375169472683447
34 0.0006271388265061499
35 0.0006194192052595111
36 0.0006501989417052733
