14 0.006088211867423186
15 0.006088211867423186
16 0.004882657911539161
17 0.0034965317581013584
18 0.003437483433668466
19 0.0032920125590273977
20 0.003279402688097438
21 0.002616129377880259
22 0.002616129377880259
23 0.002616129377880259
24 0.002616129377880259
25 0.002616129377880259
26 0.002616129377880259
27 0.002616129377880259
28 0.002616129377880259
29 0.002616129377880259
30 0.002616129377880259
31 0.002616129377880259
32 0.002616129377880259
33 0.002616129377880259
34 0.0026306061439072812
35 0.0026306061439072812
36 0.0026306061439072812
37 0.002631582906452827
38 0.0026306061439072812
39 0.002631582906452827
40 0.002631582906452827
41 0.002631582906452827
42 0.002631582906452827
43 0.002631582906452827
44 0.002631582906452827
45 0.002631582906452827
46 0.002631582906452827
47 0.002681597737375302
48 0.004820009604516815
50 0.004647642602831202
