2 0.004631188553691179
3 0.0032310485536911787
4 0.0024708070679429223
5 0.0022707870679429224
6 0.0017061980022080596
7 0.0015061780022080596
8 0.0013537195103313514
9 0.0013537195103313514
10 0.0012718156091042709
11 0.0012125576320693315
12 0.0010958565538128225
13 0.0010209676394775957
14 0.0010125376320693315
15 0.0009429634212433627
16 0.0008958365538128225
17 0.0008726257245918508
18 0.0008308085536911789
19 0.0008209476394775957
20 0.0008090847800398492
21 0.0007777946405912725
22 0.0007629544144096055
23 0.0007403199588126555
24 0.0007112361570309985
25 0.0007060980022080597
26 0.0006958165538128226
27 0.0006955958155788174
28 0.0006922059829506941
29 0.0007547383292265566
