28 0.0018085145731298053
29 0.0018097999555489908
30 0.0018099434126704935
31 0.0016119661413249375
32 0.0016112249188558621
33 0.0016057734132745192
34 0.0016046900627782015
35 0.0014205771683177863
36 0.0014166694198496487
37 0.0014119340765928845
38 0.0014107701809707883
39 0.0014120480163094563
40 0.0014057534132745192
41 0.0014075858449738407
42 0.0012206298796473996
43 0.0012193229042940315
44 0.0012134873177898366
45 0.0012126729895441013
46 0.001216587426117596
47 0.0012097399555489907
48 0.0012075658449738408
49 0.0012061752252744927
50 0.0010240628009604493
51 0.001022397600390616
52 0.0010218991469432895
53 0.001020955194478181
54 0.0012046500627782015
55 0.0010190832121627358
56 0.0010177774616657248
57 0.0010199707703553167
58 0.0010205371683177863
59 0.001020545280357007
60 0.0010119061413249376
61 0.0010098256930042774
62 0.0010099976216032917
63 0.0010084345731298052
64 0.0010075458449738408
65 0.0010072254516705868
66 0.0010100857889772754
67 0.0008239109012114774
68 0.000822158599379025
69 0.0008220994601113247
70 0.0008220939475156332
71 0.0008206362797752455
72 0.000820525280357007
73 0.0008197260401536357
74 0.0008184760364917029
75 0.0008179867059921852
76 0.0008176898610213052
77 0.0008171392039384663
78 0.0008197260401536357
79 0.0008197260401536357
80 0.0008204167662429621
81 0.0008199507703553166
82 0.0008132206336402374
83 0.0008131322294999755
84 0.0008126329895441013
85 0.0008121995646719145
86 0.0008118740765928845
87 0.0008107171826157785
88 0.0008098056930042775
89 0.0008088657580305431
90 0.0008086345433764657
91 0.0008080772730842782
92 0.0008078162044552041
93 0.0008075258449738408
94 0.0008073986515179418
95 0.0008070011955983417
96 0.0008058827431860952
97 0.0008057955152726214
98 0.0008053362122966078
99 0.0008044964922508879
100 0.0006243812924244193
101 0.0006240228009604491
102 0.0006238909012114774
103 0.0006235816519992294
104 0.00062308812639399
105 0.0006218591469432896
106 0.0006216878675383724
107 0.000621091734470046
108 0.0006205698796473996
109 0.0006205052803570071
110 0.0006203967662429621
111 0.0006199307703553166
112 0.0006198078430475417
113 0.00061978911594076
114 0.0006192629042940315
115 0.0006188056361512181
116 0.0006186672070236946
117 0.0006183791715480665
118 0.000618456036491703
119 0.0006183791715480665
120 0.0006179930622886156
121 0.0006174756821685337
122 0.000617181988569152
123 0.0006165894198496488
124 0.0006160259050538446
125 0.0006150274181028603
126 0.000614071829427819
127 0.0006139715044912763
128 0.0006139715044912763
129 0.0006139054048406109
130 0.0006136863194378981
131 0.0006134273177898367
132 0.0006133588290894482
133 0.0006133083865394266
134 0.0006132006336402374
135 0.0006133588290894482
136 0.0006132006336402374
137 0.0006131122294999755
138 0.0006127610108817043
139 0.0006126129895441013
140 0.0006123711998738777
141 0.0006121795646719145
142 0.0006118661413249374
143 0.0006117489450387463
144 0.0006114076777851495
145 0.0006107628534061216
146 0.0006106971826157785
147 0.0006106901809707882
148 0.000610601596226794
149 0.0006103621002295337
150 0.0006102953134533788
151 0.0006101832297036095
152 0.000610162137726411
153 0.0006100457889772754
154 0.0006099764285318122
155 0.0006099576216032918
156 0.0006098655635515697
157 0.0006098234126704933
158 0.0006094378899291011
159 0.0006093276237265442
160 0.0006094378899291011
161 0.000609315541882541
162 0.0006091329283657691
163 0.0006088457580305432
164 0.000608835859892966
165 0.0006088248634835582
166 0.0006086621204812032
167 0.0006087240702991798
168 0.0006086145433764657
169 0.0006085234243871425
170 0.0006084340863975629
171 0.0006082407750956523
172 0.0006081421485843862
173 0.0006081421485843862
174 0.0006077962044552041
175 0.0006077474704325675
176 0.0006075067587887503
177 0.0006075058449738408
178 0.0006073786515179418
179 0.0006073786515179418
180 0.0006069811955983417
181 0.0006063977443836056
182 0.0006063811227981562
183 0.0006062424831520128
184 0.0006061677833919505
185 0.000606154861601388
186 0.0006061152252744927
