8 0.007613752530578739
10 0.004369226941668568
11 0.0026132525305787384
12 0.0027690669416685675
13 0.0024132325305787385
14 0.0024520540685141062
15 0.002250790029887156
16 0.0019496318986684706
17 0.0020511959383430938
18 0.0018917779684294702
19 0.0018786166074669436
20 0.0017496118986684707
21 0.0016511559383430934
22 0.0016511559383430934
23 0.0016507300298871557
24 0.001493092630960834
25 0.0013258793483717746
26 0.0014511359383430934
27 0.0016146625539988227
28 0.0016146625539988227
29 0.00173444823837418
30 0.0035424683629026905
31 0.0020147025539988227
