2 0.007069199699461201
3 0.0037597576672873285
4 0.0026687596994612005
5 0.0021595976672873283
6 0.001972898849644483
7 0.0019358309921157914
8 0.001498131495512806
9 0.001498131495512806
10 0.0014171661389345554
11 0.0012268575860854528
12 0.001215776897656336
13 0.001133557877528728
14 0.0010747126096474747
15 0.0010268375860854528
16 0.0009656222154562319
17 0.0009594776672873281
18 0.000933537877528728
19 0.0008872638010097709
20 0.0008746926096474745
21 0.0008622023295279959
22 0.0008622023295279959
23 0.0008746926096474745
24 0.0008854253265408818
25 0.0009357309921157915
26 0.0009115562256207647
