25 0.002885925924041189
26 0.002885925924041189
27 0.0026312957696189654
28 0.0026312957696189654
29 0.002286002700668427
30 0.0016768614008006453
31 0.0016311957696189651
32 0.0016230355355564842
33 0.001485785924041189
34 0.00145970142766142
35 0.00145970142766142
36 0.00145970142766142
37 0.0012891060222553561
38 0.0012879285725073187
39 0.0012793456274536733
40 0.001277364284195621
41 0.001277364284195621
42 0.0012664972676086155
43 0.0012891060222553561
44 0.001289781439732293
45 0.0012537315542221798
46 0.0012537315542221798
47 0.0012537315542221798
48 0.0010931188030011297
49 0.0010934221394000927
50 0.0010931188030011297
51 0.0010931188030011297
52 0.0010931188030011297
53 0.0010931188030011297
54 0.0010934221394000927
55 0.0014461203656593326
