11 0.01088506654976403
21 0.008206432041834624
31 0.006032045936945691
41 0.004649783815416822
44 0.006120395772207042
45 0.012651009246520285
46 0.010831869847893402
48 0.00654098067217462
49 0.007987848041021798
50 0.006126933506493116
51 0.00419092545386596
52 0.005925344754262531
53 0.0045912063503788505
54 0.0052990722921076785
55 0.00576051834439349
56 0.005257891672647047
57 0.005116729002682626
58 0.005181439736055426
59 0.005511213546137039
60 0.005465312529118539
61 0.00400037303809357
62 0.004205361764919603
63 0.004211922791868775
64 0.005080370462515368
65 0.00419092545386596
66 0.006071817174456094
67 0.006610996845582771
69 0.007935273043192609
70 0.0037586400931280007
71 0.006277588121327693
