35 0.002813153314570978
36 0.002813153314570978
37 0.0024199247012109447
38 0.002413942750145601
39 0.0024160582619041945
40 0.002407944812034113
41 0.002407944812034113
42 0.0022191106749624534
43 0.002211269058001072
44 0.002208814167287422
45 0.0020198847012109448
46 0.0020198847012109448
47 0.0020198847012109448
48 0.0020104881797395895
49 0.0020104881797395895
50 0.0020104881797395895
51 0.0018190706749624537
52 0.001818305217799153
53 0.001818305217799153
54 0.001818305217799153
55 0.0018098898650320344
56 0.0018098898650320344
57 0.0018098898650320344
58 0.0018098898650320344
59 0.0016168776335291901
60 0.0016168776335291901
61 0.0016153275891957978
62 0.0016153275891957978
63 0.001610649216843672
64 0.0016086399344409454
65 0.0016066398212923395
66 0.00160638055760824
67 0.001606547504014305
68 0.0014214205909750996
69 0.0014193881187441928
70 0.0014192655261614005
71 0.0014193881187441928
72 0.001413180380030168
73 0.001410829599632095
74 0.0014104281797395891
75 0.0014087966684606084
76 0.0014087966684606084
77 0.0014087966684606084
78 0.0014087966684606084
79 0.0014067557131935845
80 0.0012250852646743416
81 0.0012241801443684131
82 0.0012241801443684131
83 0.0012195535632825466
84 0.001218885728732343
85 0.001218885728732343
86 0.001218885728732343
87 0.0012188564952481454
88 0.0012188564952481454
89 0.0012188564952481454
90 0.0012188564952481454
91 0.0012188564952481454
92 0.0012188564952481454
93 0.0012188564952481454
94 0.0012188564952481454
95 0.0012188564952481454
96 0.0012186722297239713
97 0.0012186722297239713
98 0.0012186722297239713
99 0.0012186722297239713
100 0.0012186722297239713
101 0.0012186722297239713
102 0.001218885728732343
103 0.001218885728732343
104 0.001218885728732343
105 0.001218885728732343
106 0.001218885728732343
107 0.001218885728732343
108 0.001218885728732343
109 0.001218885728732343
110 0.001219804701210945
111 0.00121975559063441
112 0.001404859857640136
113 0.0012217327215728524
114 0.0012217327215728524
115 0.0012217610908739447
116 0.0012235707125294068
117 0.0012235707125294068
118 0.0012239512166076813
119 0.0014043140311188558
120 0.0014043140311188558
121 0.0014065269549999961
122 0.0016192545496084168
123 0.0016056853767332797
124 0.001621122930647803
125 0.0018140600079650743
126 0.0018144248998767268
127 0.002006088193843519
128 0.0018144248998767268
129 0.002014080007965074
130 0.002004374031118856
131 0.00202009515686531
132 0.0022065680748002857
133 0.0028103904004699084
