5 0.0026604473659785333
6 0.002419000144564699
7 0.0017640724377964222
8 0.0015640524377964222
9 0.0012735199037071372
10 0.001260307365978533
11 0.001260307365978533
12 0.0011640124377964222
13 0.0010981472483771822
14 0.0010981472483771822
15 0.000898127248377182
16 0.0008940906442599355
17 0.000873479903707137
18 0.0008517959617426122
19 0.0008517959617426122
20 0.0008437640600261072
21 0.0008450134641843337
22 0.0008517959617426122
23 0.000873479903707137
24 0.0008450134641843337
25 0.0009213064648337024
26 0.001088380493822628
27 0.0009675076024742449
