102 0.007004853273462994
103 0.005620527031867023
104 0.005004508781362141
105 0.007025522685392037
106 0.007209134162890294
107 0.008607562053180525
108 0.006411862326076881
109 0.010807064005318277
110 0.004625243512485827
111 0.005414800351791477
112 0.005221312415465098
113 0.006208683065684989
114 0.00600998186844717
115 0.005605186145276046
116 0.006210998601492702
117 0.005419518109900463
118 0.005805398023177383
119 0.004825263512485827
120 0.0068217680895019915
121 0.005812701519143614
122 0.00641029269817151
123 0.005606936884989282
125 0.008010565866674042
126 0.00822308491982973
