85 0.0012668547594891903
87 0.0012668547594891903
88 0.0012668547594891903
89 0.0012668547594891903
90 0.0012651918256244808
91 0.0012668547594891903
92 0.0012668547594891903
93 0.0012668547594891903
94 0.0012668547594891903
95 0.0012668547594891903
96 0.0012668547594891903
97 0.0012668547594891903
98 0.0012668547594891903
99 0.0012668547594891903
100 0.0012699208199937442
101 0.0012668547594891903
102 0.0012668547594891903
103 0.0012668547594891903
104 0.0012668547594891903
105 0.0012668547594891903
106 0.001250364283185557
107 0.0012668547594891903
108 0.001239662139116458
109 0.001239662139116458
110 0.0012394842663023915
111 0.0012371695370167538
112 0.0012371695370167538
113 0.0012371695370167538
114 0.0012371695370167538
115 0.0012371695370167538
116 0.0012371695370167538
117 0.001239662139116458
118 0.001239662139116458
119 0.001239662139116458
120 0.001239662139116458
121 0.001239662139116458
122 0.0012419879663599562
123 0.0012419879663599562
124 0.001247798479613148
125 0.0012596220600613033
126 0.001267713558754826
127 0.0016161151254485632
128 0.001254599848327109
129 0.0012546634044710695
130 0.0012496121997821834
131 0.0012657255168105862
132 0.0012729504195990312
133 0.001267146929444112
134 0.0012699487048972889
135 0.0012745280561761074
136 0.0012699208199937442
137 0.0020470598210201125
138 0.0016208263805001896
