30 0.005217586256241433
31 0.005217586256241433
32 0.003944310424009036
33 0.003944310424009036
34 0.0027010243446198407
35 0.0027010243446198407
36 0.0024932814790036323
37 0.002473879930155059
38 0.0022569844819366183
39 0.001994625183202906
40 0.001994625183202906
41 0.001994625183202906
42 0.001994625183202906
43 0.0019169825098146933
44 0.0019169825098146933
45 0.0018789119403381082
46 0.0018789119403381082
47 0.0018744298424044005
48 0.001898851974533388
49 0.0018744298424044005
50 0.0018744298424044005
51 0.0017719177411573794
52 0.001693125637753883
53 0.0017719177411573794
54 0.0017719177411573794
55 0.0017719177411573794
56 0.001979103944124047
57 0.002116407047192354
58 0.0023319863380430773
