35 0.0032070220531805237
36 0.0032070220531805237
37 0.00301973156022702
38 0.0030106786014927013
39 0.0030105419229143203
40 0.0030117512053326576
41 0.0030083630656849896
42 0.0028192581099004623
43 0.002613401422100797
44 0.002613187779959278
45 0.0026117112053326576
46 0.0026117112053326576
47 0.0026090518615746097
48 0.0026066825655178144
49 0.00241268365316055
50 0.00241146232607688
51 0.002406616884989282
52 0.002406616884989282
53 0.002406616884989282
54 0.0024042947275395516
55 0.002404248781362141
56 0.002404248781362141
57 0.002208931140576746
58 0.002208789111002545
59 0.002206922053180524
60 0.002206448264157219
61 0.002024084803339558
62 0.002024084803339558
63 0.002023486939997915
64 0.002023486939997915
65 0.00202097767665621
66 0.002013175169449917
67 0.00202097767665621
68 0.002021109829083986
69 0.0020220885056035287
70 0.00220422318297819
71 0.00220422318297819
72 0.00220422318297819
73 0.00220422318297819
74 0.00220422318297819
75 0.00220422318297819
76 0.002205779135189681
77 0.0022058544751497947
78 0.0022081027819929344
79 0.0022081027819929344
80 0.002222108505603529
81 0.00222099767665621
82 0.00222099767665621
83 0.0022207953428405366
84 0.0022081027819929344
85 0.0020124382591497686
86 0.0020123215191436145
87 0.0020108734666644014
88 0.0020108734666644014
89 0.0020084233027763757
90 0.0020084233027763757
91 0.002013175169449917
92 0.0020207753428405366
93 0.0020212880895019917
94 0.0020220099848572127
95 0.002025022685392036
96 0.002025022685392036
97 0.0022053345162551512
98 0.002207479733954323
99 0.0022129639440779847
100 0.0022167860056862606
101 0.00221266365316055
102 0.0022129639440779847
103 0.0022213080895019917
104 0.0022213080895019917
105 0.00221965156022702
106 0.00221965156022702
107 0.0022210124154650977
108 0.0024065904387084412
109 0.0024220499848572126
110 0.0024121325219249195
111 0.0026124982591497685
112 0.0024220499848572126
113 0.0026213480895019917
114 0.0032214080895019916
115 0.0032243206233448863
116 0.003422891186251609
117 0.003411791205332658
118 0.0032228364251872745
119 0.003406716884989282
120 0.0034162841746764048
121 0.003408563302776376
122 0.0036178620005532774
123 0.0036151801038061073
124 0.005809971964204023
125 0.0038198115602270204
127 0.006623176425187276
128 0.004421187338014642
