4 0.002607751385641192
5 0.0022400761898834403
6 0.0019867911812079353
7 0.001807671385641192
8 0.0017040744220345337
9 0.0013040344220345338
10 0.00123997618988344
11 0.0012045761133123007
12 0.0010550592205371381
13 0.0010550592205371381
14 0.0010550592205371381
15 0.001050361814994688
16 0.0010550592205371381
17 0.0008854667023150159
18 0.0008854667023150159
19 0.0008854667023150159
20 0.0008854667023150159
21 0.0009132425409493835
22 0.0009039944220345336
23 0.0009039944220345336
24 0.0009648275930217794
