1 0.03631064585147262
2 0.018374929227297457
3 0.012708726048015415
4 0.009971536441417427
5 0.008728091382966293
6 0.008041553290423536
7 0.006898193201383341
8 0.006123805245702928
9 0.005858446133877141
10 0.005420008943944054
11 0.005420008943944054
12 0.005420008943944054
13 0.005420008943944054
14 0.005420008943944054
15 0.005420008943944054
16 0.005637358688341165
17 0.006356421363636513
18 0.007390921287196436
19 0.0074065351450622145
20 0.007883649373009533
21 0.007883649373009533
22 0.00936183363044882
23 0.011065953808434599
24 0.009764076889795234
25 0.009764076889795234
26 0.009764076889795234
27 0.009764076889795234
