82 0.024708232301035984
83 0.009233866324162735
84 0.008538812419194878
85 0.008538812419194878
86 0.00852868345123096
87 0.007567833261506558
88 0.007567833261506558
89 0.006904172317663157
90 0.006904172317663157
91 0.006904172317663157
92 0.006904172317663157
93 0.006904172317663157
94 0.006904172317663157
95 0.006624509270845103
96 0.006624509270845103
97 0.006624509270845103
98 0.006624509270845103
99 0.006624509270845103
100 0.006732951998261482
101 0.006732951998261482
102 0.006732951998261482
103 0.008053322840350718
104 0.008053322840350718
105 0.00875670872381926
106 0.008825832427714854
107 0.008597355688511124
108 0.008597355688511124
109 0.008597355688511124
110 0.007798604706016533
111 0.008187957798582023
112 0.008187957798582023
113 0.008187957798582023
114 0.008187957798582023
115 0.008187957798582023
116 0.008187957798582023
117 0.008187957798582023
118 0.008187957798582023
119 0.00885820208580908
120 0.00885820208580908
121 0.009556130197517422
122 0.009556130197517422
123 0.010650138807601945
124 0.010548642135769403
125 0.011750364950683236
126 0.0124260470465224
127 0.012141297288113893
128 0.013335479691120547
129 0.01667525142644591
130 0.011910497394048862
131 0.013195551100330397
