23 0.0014435837444043555
24 0.0014388584315657886
25 0.0014388584315657886
26 0.0014388584315657886
27 0.0014388584315657886
28 0.0014435837444043555
29 0.0012792026880974377
30 0.0012604569333520429
31 0.0010877118674231855
32 0.0010877118674231855
33 0.0010871529468449899
34 0.0010877118674231855
35 0.0010877118674231855
36 0.0010877118674231855
37 0.0010877118674231855
38 0.0010877118674231855
39 0.0010892565183029423
40 0.0010960238978752264
41 0.0010960238978752264
42 0.0010960238978752264
43 0.0010962917581013578
44 0.0010962917581013578
45 0.0010962917581013578
46 0.0010962917581013578
47 0.0010962917581013578
48 0.0010962917581013578
49 0.0012763495443864137
51 0.0016814977373753018
