71 0.005213365792824971
72 0.004411504918855863
73 0.004411504918855863
74 0.004411504918855863
75 0.004411504918855863
76 0.004411504918855863
77 0.004411504918855863
78 0.004411504918855863
79 0.004624838955625323
80 0.0044209498796474005
81 0.004624838955625323
82 0.004624838955625323
83 0.004624838955625323
84 0.00402274784722006
85 0.00402274784722006
86 0.0038247012924244195
87 0.0038247012924244195
88 0.0038247012924244195
89 0.0038247012924244195
90 0.0038247012924244195
91 0.0038247012924244195
92 0.0038247012924244195
93 0.0038247012924244195
94 0.00402274784722006
95 0.0038247012924244195
96 0.00402274784722006
97 0.00402274784722006
98 0.00402274784722006
99 0.00402274784722006
100 0.00402274784722006
101 0.00402274784722006
102 0.00402274784722006
103 0.00402274784722006
104 0.00402274784722006
105 0.00402274784722006
106 0.00402274784722006
107 0.00402274784722006
108 0.00402274784722006
109 0.00402274784722006
110 0.00402274784722006
111 0.00422276784722006
112 0.00422276784722006
113 0.00422276784722006
114 0.00422276784722006
115 0.00422276784722006
116 0.00422276784722006
117 0.00422276784722006
118 0.00422276784722006
119 0.00422276784722006
120 0.00422276784722006
121 0.00422276784722006
122 0.008221609499891343
123 0.008622105127148694
124 0.006020347843047542
125 0.006020347843047542
126 0.0060184605905346834
130 0.012221556766242963
