44 0.0026109649286193185
45 0.0026109649286193185
46 0.0020111286702412007
47 0.001804164947047536
48 0.001804164947047536
49 0.0016210698290839859
50 0.0016210698290839859
51 0.0016209183675080423
52 0.0016209183675080423
53 0.0016210698290839859
54 0.0016108334666644012
55 0.0016210698290839859
56 0.0016099258666740428
57 0.0016210698290839859
58 0.0016099258666740428
59 0.0016099258666740428
60 0.0016099258666740428
61 0.0016104764761343668
62 0.0016108649286193184
63 0.001606994004494609
64 0.0014219640221145148
65 0.0014219640221145148
66 0.0014104564761343668
67 0.001405254516255151
68 0.0012148843863009323
69 0.0012148843863009323
70 0.0012148843863009323
71 0.0012089886855288785
72 0.0012089886855288785
73 0.0012086891110025448
74 0.0012107934666644013
75 0.0012089886855288785
76 0.0012086891110025448
77 0.0012089886855288785
78 0.0012086891110025448
79 0.0012089886855288785
80 0.0012089886855288785
81 0.0012089886855288785
82 0.0012089886855288785
83 0.0012089886855288785
84 0.0012089886855288785
85 0.0012104364761343668
86 0.0012104364761343668
87 0.0012104364761343668
88 0.0012104364761343668
89 0.0012104364761343668
90 0.0012107663194560086
91 0.0012104364761343668
92 0.0012104364761343668
93 0.0010216888646257661
94 0.0010158523957111843
95 0.0010158523957111843
96 0.0010158523957111843
97 0.0010158523957111843
98 0.0010158523957111843
99 0.0010158523957111843
100 0.0010158523957111843
101 0.0010158523957111843
102 0.0010158523957111843
103 0.0010158523957111843
104 0.0010219240221145149
105 0.0010219240221145149
106 0.0010219240221145149
107 0.0010249226853920358
108 0.0012053065951250475
109 0.0012053065951250475
110 0.0012053065951250475
111 0.0012053065951250475
112 0.0012053065951250475
113 0.0012165149598022456
114 0.001206552523212774
115 0.001610870589531031
116 0.0012115830589244745
117 0.0012146731995398758
118 0.0014146931995398758
119 0.0016065139872066896
120 0.0016249435124858266
