27 0.0012963117581013578
28 0.0012885905561256794
29 0.0012814577373753018
30 0.0012814577373753018
31 0.0012809411730723384
32 0.0012792026880974377
33 0.001097961337599307
34 0.001097961337599307
35 0.0010885705561256794
36 0.001085276600079115
37 0.001085276600079115
38 0.0010809211730723385
39 0.0010763295443864138
40 0.0010699302313235313
41 0.0010699302313235313
42 0.0010699302313235313
43 0.0010699302313235313
44 0.0010699302313235313
45 0.0010791826880974377
46 0.000897820320273941
47 0.000897820320273941
48 0.000897941337599307
49 0.000897941337599307
50 0.000897941337599307
51 0.0008997520719438731
52 0.0010582786088196119
53 0.0008997520719438731
54 0.0008997520719438731
55 0.0008997520719438731
56 0.0008997520719438731
57 0.0010809211730723385
58 0.0010809211730723385
59 0.0010659068762047174
60 0.0010962917581013578
61 0.0014963317581013578
62 0.001097961337599307
64 0.0010962917581013578
