3 0.0036861320134868518
4 0.0030270375860854525
5 0.0022643221461643662
6 0.001892258711251681
7 0.0018223685889952035
8 0.0017336178775287279
9 0.0014922187112516808
10 0.001345744188420032
11 0.0012747326096474746
12 0.0012223085889952034
13 0.0011148839123802678
14 0.0010685996994612003
15 0.0010622223295279959
16 0.0009656222154562319
17 0.0009457041884200319
18 0.0009148639123802676
19 0.0009074991021552211
20 0.0008746926096474745
21 0.0008746926096474745
22 0.0008746926096474745
23 0.0008746926096474745
24 0.0008854253265408818
25 0.0009457041884200319
26 0.0016625979573785471
