1 0.016224849812864282
2 0.008364017658707208
3 0.005705467796069888
4 0.00443274574815624
5 0.003612351552659274
6 0.0031898165786554853
7 0.0028325857481562395
8 0.0024193654923534854
9 0.0022745200015347874
10 0.0022637758850329536
11 0.0022637758850329536
12 0.0022637758850329536
13 0.0022637758850329536
14 0.0022637758850329536
15 0.0022637758850329536
16 0.0022637758850329536
17 0.0022637758850329536
18 0.0023051277960698877
19 0.002363006553306117
20 0.002363006553306117
21 0.0023897365786554855
22 0.004446980459258231
23 0.003975496733782532
24 0.004847020459258231
