4 0.005254902105371491
5 0.0026084269566180956
6 0.0020322603093344866
7 0.001666338834593625
8 0.001666338834593625
9 0.001604913592214811
10 0.0013474595617651256
11 0.0013474595617651256
12 0.0010968451241449475
13 0.0010968451241449475
14 0.001036040742606628
15 0.0010321603093344865
16 0.0010321603093344865
17 0.001004853592214811
18 0.0009073022887628501
19 0.0010186701387801499
20 0.0010186701387801499
21 0.0010186701387801499
22 0.0010186701387801499
23 0.001124443471790823
24 0.001236060742606628
25 0.0014115963367990056
