77 0.009784143820392513
78 0.008561125842843447
79 0.007338107865294385
80 0.006522762546928341
81 0.006522762546928341
82 0.0052997445693792776
83 0.0052997445693792776
84 0.0044843992510132345
85 0.0040767265918302134
86 0.0040767265918302134
87 0.0032613812734641704
88 0.003252148838292873
89 0.0028537086142811493
90 0.0028537086142811493
91 0.0024460359550981282
92 0.0024391116287196548
93 0.0024391116287196548
94 0.0024391116287196548
95 0.0020483634908575457
96 0.0020483634908575457
97 0.0020483634908575457
98 0.0024460359550981282
99 0.0020483634908575457
100 0.0024391116287196548
101 0.0020483634908575457
102 0.0020483634908575457
103 0.0020483634908575457
104 0.0020483634908575457
105 0.0020483634908575457
106 0.0020483634908575457
107 0.0028537086142811493
108 0.0020742005190305343
109 0.0020483634908575457
110 0.0024839759327199124
111 0.0020483634908575457
112 0.0048920719101962565
113 0.0016434475797082013
114 0.0016434475797082013
115 0.0016434475797082013
116 0.0016434475797082013
117 0.0016434475797082013
118 0.0016434475797082013
119 0.001641472460599264
120 0.001641472460599264
121 0.001641472460599264
122 0.001641472460599264
123 0.0016510557763119381
124 0.001645932235697898
125 0.001627416017978436
126 0.0016671523775807426
127 0.001627416017978436
128 0.001627416017978436
129 0.001627416017978436
130 0.001642899714477274
131 0.0016751827535500161
132 0.0016652815827940502
133 0.0016823813713621465
134 0.0016805632841129323
136 0.0016932649398630518
