52 0.008618830340229472
53 0.007213360216059768
54 0.006424524803339558
55 0.0064194156883875045
56 0.0058112849286193185
57 0.0048205326701983514
58 0.005021258367508042
59 0.005820421373196559
60 0.005021258367508042
61 0.005021258367508042
62 0.00460681398720669
63 0.0044204926701983515
64 0.0044204926701983515
65 0.0044204926701983515
66 0.0030235869399979146
67 0.0030194397384900526
68 0.0030194397384900526
69 0.0030194397384900526
70 0.0030194397384900526
71 0.0030194397384900526
72 0.0030235869399979146
73 0.0030235869399979146
74 0.0030235869399979146
75 0.0030235869399979146
76 0.0030235869399979146
77 0.0030235869399979146
78 0.0030235869399979146
79 0.0030235869399979146
80 0.0032110249286193184
81 0.003411044928619319
82 0.0030235869399979146
83 0.0030235869399979146
84 0.0030235869399979146
85 0.0030235869399979146
86 0.0030235869399979146
87 0.0032110249286193184
88 0.0032110249286193184
89 0.003223606939997915
90 0.00321410575413194
91 0.003223606939997915
92 0.003223606939997915
93 0.003223606939997915
94 0.003223606939997915
95 0.003223606939997915
96 0.003223606939997915
97 0.003223606939997915
98 0.003223606939997915
99 0.003223606939997915
100 0.003223606939997915
101 0.003223606939997915
102 0.003223606939997915
103 0.003223606939997915
104 0.003223606939997915
105 0.003223606939997915
106 0.003223606939997915
107 0.003223606939997915
108 0.0038152001038061073
109 0.005420381373196559
110 0.005820547031867023
111 0.005805766595125048
112 0.005216914959802246
113 0.005019639738490053
114 0.005606119135189681
115 0.005004611439593946
116 0.005413515169449917
117 0.005610801922914321
118 0.005220640821028234
119 0.005417308094395186
120 0.00621768640308402
121 0.005806038917363092
122 0.005620401373196559
123 0.005817905079451757
127 0.007424740623344887
