84 0.00461237180298389
85 0.0048225012774951274
86 0.0044224612774951275
87 0.0044224612774951275
88 0.004021988864625767
89 0.0034211176766562102
90 0.0034211176766562102
91 0.004021988864625767
92 0.004021988864625767
93 0.0038075567451617623
94 0.0038075567451617623
95 0.003806364005318277
96 0.003806364005318277
97 0.0036149131995398764
98 0.0036149131995398764
99 0.003806364005318277
100 0.003806364005318277
101 0.003806364005318277
102 0.0038075567451617623
103 0.00341225180298389
104 0.00341225180298389
105 0.00341225180298389
106 0.00341225180298389
107 0.00341225180298389
108 0.003611288670241201
109 0.003611288670241201
110 0.003606261929697227
111 0.003611288670241201
112 0.003611288670241201
113 0.003611288670241201
114 0.004021988864625767
115 0.0040242848033395584
116 0.0040242848033395584
117 0.004022110608541494
118 0.004022110608541494
119 0.00440850306568499
120 0.004416384174676405
121 0.00441009269817151
122 0.00441009269817151
123 0.006009169111002545
124 0.006013527779959278
125 0.006022188864625766
126 0.0060223106085414944
127 0.005415093199539876
129 0.005206059005126324
