84 0.009650578622621668
85 0.009650578622621668
86 0.009650578622621668
87 0.009650578622621668
88 0.008638294261058232
89 0.008638294261058232
90 0.008638294261058232
91 0.008638294261058232
92 0.008638294261058232
93 0.008638294261058232
94 0.008638294261058232
95 0.008638294261058232
96 0.008638294261058232
97 0.008638294261058232
98 0.007672641585051057
99 0.007967170615677916
100 0.007967170615677916
101 0.007967170615677916
102 0.008638294261058232
103 0.008638294261058232
104 0.008638294261058232
105 0.008386495384924121
106 0.007862037728361238
107 0.007862037728361238
108 0.007862037728361238
109 0.007862037728361238
110 0.007862037728361238
111 0.007862037728361238
112 0.007862037728361238
113 0.007862037728361238
114 0.009044369681924607
115 0.009044369681924607
116 0.009577374410909502
117 0.011631388850181843
118 0.011155337108286409
119 0.010486619990233842
120 0.010451220968010252
121 0.012722498174297308
122 0.00963986837884604
123 0.011750619485128988
124 0.011450498940127694
125 0.014706685081677454
126 0.0149081047525026
127 0.01501084763921706
128 0.013460230594945007
129 0.016537830694069146
130 0.015020626271036622
131 0.016068159669000034
132 0.013298532219152767
