56 0.0014102442806465977
57 0.0014102442806465977
58 0.001407026104679839
59 0.0014060559373539922
60 0.0014060281938435186
61 0.0014060281938435186
62 0.0012244764968409756
63 0.0012244764968409756
64 0.0012155844420011059
65 0.0012155844420011059
66 0.0012155844420011059
67 0.0012155844420011059
68 0.0012155844420011059
69 0.0012155844420011059
70 0.0012155844420011059
71 0.0012155844420011059
72 0.0012155844420011059
73 0.0012155844420011059
74 0.0012155844420011059
75 0.0012167222559058876
76 0.0012188564952481454
77 0.0012167222559058876
78 0.0012184057934235355
79 0.0012192455261614006
80 0.0012101508246675752
81 0.0012101508246675752
82 0.0012101508246675752
83 0.0012101508246675752
84 0.0012101508246675752
85 0.0010229304631626948
86 0.0010229304631626948
87 0.0010229304631626948
88 0.0010229304631626948
89 0.0010229304631626948
90 0.0010229304631626948
91 0.0010229304631626948
92 0.0010229304631626948
93 0.0010229304631626948
94 0.0010229304631626948
95 0.0010229304631626948
96 0.0010229304631626948
97 0.0010229304631626948
98 0.0010229304631626948
99 0.0010229304631626948
100 0.001204568581032436
101 0.001204568581032436
102 0.001204568581032436
103 0.001204568581032436
104 0.0012060359373539922
105 0.0012060359373539922
106 0.0012067572920450706
107 0.0012102242806465977
108 0.0012115330271143775
109 0.0012115330271143775
110 0.0012115330271143775
111 0.0012123259996181298
112 0.0012241992279879803
113 0.0012217327215728524
114 0.0014123146625462987
115 0.0014115530271143774
116 0.0012184579469169707
117 0.0012225113109161803
120 0.0012131741323534655
121 0.0012131741323534655
122 0.0014204577552981291
