4 0.0034499745550902114
5 0.0021119229158815594
6 0.0019119029158815592
7 0.0017449312534063368
8 0.0016497945550902112
9 0.001471407085525784
10 0.001311842915881559
11 0.0012692733244194147
12 0.0012497545550902113
13 0.0012166232029880944
14 0.0011829251996996232
15 0.0011351174366499915
16 0.0010781542146588532
17 0.001071367085525784
18 0.001071367085525784
19 0.001132933339553175
20 0.0011383286390447083
21 0.0011383286390447083
22 0.001332953339553175
23 0.0012049961144363214
24 0.0014479693965359405
25 0.001482502327497583
26 0.001695452524529298
