5 0.002237676947268345
6 0.0019133425409493835
7 0.0018376369472683448
8 0.0016376169472683447
9 0.0012571658668133296
10 0.0012571658668133296
11 0.0012571658668133296
12 0.0012375769472683447
13 0.0010564243821514982
14 0.0010375569472683447
15 0.0010075913856411917
16 0.000939801855081963
17 0.0008603575472962967
18 0.000856404382151498
19 0.000856404382151498
20 0.000819439205259511
21 0.0008096500767706794
22 0.000739781855081963
23 0.0008271588265061499
24 0.0008271588265061499
25 0.0008271588265061499
