25 0.004479522688097438
26 0.004294873120794323
27 0.005092192559027398
28 0.004294873120794323
29 0.004053345582351427
30 0.004053345582351427
31 0.004053345582351427
32 0.0032316429064528267
33 0.0030669841933585102
34 0.002896471758101358
35 0.0028627786909816233
36 0.002838998431565789
37 0.0028669641933585103
38 0.0026764895443864138
39 0.0026764895443864138
40 0.002631582906452827
41 0.002496431758101358
42 0.002496431758101358
43 0.002496431758101358
44 0.002496431758101358
45 0.002496431758101358
46 0.002496431758101358
47 0.002631582906452827
48 0.002681597737375302
49 0.002696451758101358
50 0.0034701702313235314
