21 0.01709470835659212
22 0.01709470835659212
23 0.01709470835659212
24 0.01709470835659212
25 0.01709470835659212
26 0.015084787253468724
27 0.015084787253468724
28 0.015284807253468724
29 0.015284807253468724
30 0.015284807253468724
31 0.015284807253468724
32 0.015284807253468724
33 0.015284807253468724
34 0.015284807253468724
35 0.015284807253468724
36 0.015284807253468724
37 0.015284807253468724
38 0.015284807253468724
39 0.015284807253468724
40 0.015284807253468724
41 0.015284807253468724
42 0.015284807253468724
43 0.015284807253468724
44 0.015284807253468724
45 0.015284807253468724
46 0.015284807253468724
47 0.016084887253468724
48 0.01963714854250326
49 0.017896535986031012
