17 0.010323336917719169
18 0.01016095077620792
19 0.010258258428869908
20 0.010258258428869908
21 0.00987474600048165
22 0.009189829691240579
23 0.009189829691240579
24 0.009189829691240579
25 0.009189829691240579
26 0.008735439934118874
27 0.008735439934118874
28 0.008735439934118874
29 0.008735439934118874
30 0.008735439934118874
31 0.008735439934118874
32 0.008735439934118874
33 0.008007423306419834
34 0.008007423306419834
35 0.008007423306419834
36 0.008007423306419834
37 0.008007423306419834
38 0.008186507643391853
39 0.008186507643391853
40 0.008186507643391853
41 0.009673504938147977
42 0.00945874015670038
43 0.008845107331597614
44 0.009596086088298303
45 0.009769769932257054
46 0.009043902314593144
47 0.009043902314593144
48 0.01038084087107772
49 0.010031078982023189
50 0.010990409632910831
51 0.01099864954476926
52 0.009348581258963106
