5 0.002507659102155221
6 0.0020172261389345553
7 0.0016287164419064163
8 0.0016171861389345553
9 0.0015075591021552212
10 0.0014275803781719511
11 0.0013075391021552213
12 0.0011457241884200318
13 0.001098694776727506
14 0.0010858720134868515
15 0.0010171261389345552
16 0.0009656222154562319
17 0.0009433960699210616
18 0.000898071495512806
19 0.0008872638010097709
20 0.0008622023295279959
21 0.0008622023295279959
22 0.0008622023295279959
23 0.0008622023295279959
24 0.0008854253265408818
25 0.0009457041884200319
26 0.0009457041884200319
