90 0.0008219865170924929
91 0.0008219865170924929
92 0.0008219865170924929
93 0.0008211502451308774
94 0.0008211502451308774
95 0.0008211502451308774
96 0.0008211502451308774
97 0.0008219865170924929
98 0.0008225424128672195
99 0.0008195678192964972
100 0.0008194047654609244
101 0.0008194047654609244
102 0.0008194047654609244
103 0.0008194047654609244
104 0.0008194047654609244
105 0.0008194047654609244
106 0.0008194047654609244
107 0.0008194047654609244
108 0.0008194047654609244
109 0.0008195678192964972
110 0.0008205171683177862
111 0.0008206362797752455
112 0.0008204167662429621
113 0.0008206362797752455
114 0.0008206362797752455
115 0.0008206362797752455
116 0.0008206362797752455
117 0.0008206362797752455
118 0.0008206362797752455
119 0.0008206362797752455
120 0.0008206362797752455
121 0.0008206362797752455
122 0.0008206362797752455
123 0.0008219865170924929
124 0.0008225424128672195
125 0.0008211502451308774
126 0.0008227284518254614
127 0.0008220994601113247
128 0.0008219277946253198
129 0.0008244589556253223
130 0.0010038674296812223
131 0.0008219865170924929
132 0.0008227284518254614
133 0.0008244589556253223
134 0.0008219865170924929
135 0.0008243758699845661
136 0.0010082807750956522
137 0.001220565280357007
138 0.0012131835499379524
140 0.001004804499133448
