1 0.016289147145937308
2 0.008295623525000446
3 0.005688087145937306
4 0.004295223525000446
5 0.003495143525000446
6 0.00308269399729802
7 0.00268265399729802
8 0.0022950235250004457
9 0.002096329229293512
10 0.0018949835250004457
11 0.0018395853702618478
12 0.0016836433828170995
13 0.0016246232001654738
14 0.0014888248644165582
15 0.0014691250282748115
16 0.001297267256378717
17 0.0012888048644165582
18 0.001287647145937306
19 0.0012766640561114066
20 0.0012385521558966424
21 0.0012385521558966424
22 0.0016825539972980198
23 0.0016385921558966423
24 0.002087727145937306
