1 0.016270605028274814
2 0.008293142006509425
3 0.005689244864416559
4 0.0042927420065094245
5 0.003495143525000446
6 0.0030692850282748115
7 0.0026826631072031162
8 0.002297367256378717
9 0.0020840871092457566
10 0.0018973272563787172
11 0.0018610797380036346
12 0.0016836433828170995
13 0.0016385921558966423
14 0.001489003893821605
15 0.0014610397380036345
16 0.0014337972164348046
17 0.001292442006509424
18 0.0012889838938216051
19 0.0012781418439941122
20 0.0012781418439941122
21 0.001282523107203116
22 0.0012949235250004458
23 0.0014949435250004458
24 0.0024841271092457566
