1 0.020240904799480527
2 0.01027035488074762
3 0.007031119732322312
4 0.005269854880747618
5 0.004296239558936282
6 0.0036662478370575137
7 0.0032330989163452547
8 0.0028391647994805247
9 0.00261225073134459
10 0.0024306597323223117
11 0.00221221073134459
12 0.002039084799480525
13 0.0018695148807476177
14 0.001819645780907618
15 0.0016994376441534904
16 0.0016329389163452547
17 0.0014959595589362819
18 0.0014629883540329528
19 0.0014390247994805247
20 0.0012959395589362819
21 0.001286574088685305
22 0.0012574089860837379
23 0.001240964051549888
24 0.0012303135225217017
25 0.0012121107313445897
26 0.001086554088685305
27 0.0010694348807476178
28 0.001056951388735255
29 0.0010421708610772714
30 0.0010385786893030381
31 0.0010305197323223117
32 0.001024448732487113
33 0.0010068748679198309
34 0.0008911038040522447
35 0.0008863827400791495
36 0.0008857298390898016
37 0.0008629312129931808
38 0.0008594561117236424
39 0.000857368986083738
40 0.0008524099311400528
41 0.0008488073575641518
42 0.0008405307702330896
43 0.0008350752994460741
44 0.0008302735225217017
45 0.0008297635408045095
46 0.0008261849470694156
47 0.0008185740551334997
48 0.0008128739748183309
49 0.0008043574473301906
50 0.0006993376441534903
51 0.0006908285050935614
52 0.0006867011963316632
53 0.0006865140886853049
54 0.0006857098390898016
55 0.0006776542550648199
56 0.0006750791381455006
57 0.0006731495044234636
58 0.0006693948807476177
59 0.0006693948807476177
60 0.0006594361117236424
61 0.0006594263554679324
62 0.0006581633920683141
63 0.000657348986083738
64 0.000657348986083738
65 0.0006598613776822432
66 0.0006523899311400528
67 0.0006521847833742309
68 0.000648784946786553
69 0.0006460679896228627
70 0.0006405107702330896
71 0.0006405107702330896
72 0.0006392157659373172
73 0.0006429468849168668
74 0.0006449164590621019
75 0.000838233631012302
76 0.0008302735225217017
77 0.0006460679896228627
