77 0.0016087145433764656
78 0.0014103753134533789
79 0.0014103753134533789
80 0.0014103753134533789
81 0.0014039074296812223
82 0.001210355313453379
83 0.001210355313453379
84 0.001218865636151218
85 0.001218865636151218
86 0.001210355313453379
87 0.0014102421377264111
88 0.0014137663194378981
89 0.0014039074296812223
90 0.0014046228409950183
91 0.0014039074296812223
92 0.001407458651517942
93 0.0012239509012114773
94 0.0012128737115668377
95 0.0012098456930042774
96 0.0012098456930042774
97 0.0012082021485843863
98 0.0012070411955983416
99 0.0012070411955983416
100 0.0012084545731298052
101 0.0012053762122966078
102 0.001018845636151218
103 0.001018845636151218
104 0.001022178599379025
105 0.0010175156821685338
106 0.0010175156821685338
107 0.0010175156821685338
108 0.0010132406336402374
109 0.0010132406336402374
110 0.0010169396142961154
111 0.0010169396142961154
112 0.0010169396142961154
113 0.001020955194478181
114 0.0012170110241632572
115 0.0012128210108817042
116 0.0012038874296812223
117 0.0012137463194378981
118 0.0012101057889772754
119 0.001206214861601388
120 0.001206214861601388
122 0.001221454115666626
