19 0.009230593430242798
20 0.00747551308828365
21 0.00747551308828365
22 0.00697714554906474
23 0.006946117683204163
24 0.006946117683204163
25 0.00647877800984583
26 0.00647877800984583
27 0.006488906769921489
28 0.00647877800984583
29 0.00647877800984583
30 0.00647877800984583
31 0.006488906769921489
32 0.00598041047062692
33 0.00598041047062692
34 0.00598041047062692
35 0.00598041047062692
36 0.00598041047062692
37 0.00598041047062692
38 0.00598041047062692
39 0.006056312985260057
40 0.00598041047062692
41 0.00598041047062692
42 0.00598041047062692
43 0.006864963057253164
44 0.007398620795834394
45 0.007442268946290175
46 0.007442268946290175
47 0.007957375011471934
48 0.007460039073254938
49 0.007460039073254938
50 0.007460039073254938
51 0.007460039073254938
52 0.00897061570594038
53 0.013413918074138978
54 0.013762277213595964
56 0.0119360625172079
