6 0.00935894247119584
11 0.006409504439014684
16 0.004614779570249748
21 0.0034484461569517207
26 0.003288095895591689
31 0.002947498608284035
36 0.00252298676123553
37 0.003288095895591689
39 0.0029340361335321364
40 0.003430093109682688
41 0.0024452711212158305
42 0.003035146080457676
43 0.0025876667758690584
44 0.0029324312021599503
45 0.0028074366245086834
46 0.002256317159086091
47 0.0024932814790036323
48 0.00242270251058788
49 0.0021062447797293117
50 0.002447673488543926
51 0.0022628121112708978
52 0.00242270251058788
53 0.0026871559971460074
54 0.0022628121112708978
55 0.0024778649828641718
56 0.00199933845109787
57 0.00199933845109787
