13 0.008756601827675367
14 0.008259623120891959
15 0.007584066802766985
16 0.007584066802766985
17 0.00746824817171232
18 0.00746824817171232
19 0.007503073004296456
20 0.007503073004296456
21 0.007638164999055244
22 0.007638164999055244
23 0.007638164999055244
24 0.007638164999055244
25 0.007638164999055244
26 0.007638164999055244
27 0.007638164999055244
28 0.007638164999055244
29 0.007638164999055244
30 0.007638164999055244
31 0.007638164999055244
32 0.007638164999055244
33 0.007638164999055244
34 0.007638164999055244
35 0.007638164999055244
36 0.007638164999055244
37 0.008115550311496196
38 0.008474607573034958
39 0.008474607573034958
40 0.008474607573034958
41 0.008474607573034958
42 0.008474607573034958
43 0.008474607573034958
44 0.008474607573034958
45 0.009498688639431995
46 0.009498688639431995
47 0.011793361299269289
48 0.009874229295296712
49 0.013299183226118633
50 0.010253870188575494
51 0.013344551895938604
