5 0.003037756947268345
6 0.0018046361133123008
7 0.0016378486449044125
8 0.0014378286449044126
9 0.0014097100767706794
10 0.0012375769472683447
11 0.0012375769472683447
12 0.0010571458668133297
13 0.0010377886449044126
14 0.0010158320960672435
15 0.0008816362081312948
16 0.0008813210056463632
17 0.0008571258668133295
18 0.0008571258668133295
19 0.0008571258668133295
20 0.0008607781227711952
21 0.0008607781227711952
22 0.0008607781227711952
23 0.0008607781227711952
24 0.0009027585557975512
25 0.0008784609414437198
