77 0.011414834457124597
78 0.008968798502026469
79 0.008561125842843447
80 0.008153453183660427
81 0.007745780524477405
82 0.007338107865294385
83 0.006930435206111363
84 0.00611508988774532
85 0.005707417228562299
86 0.0052997445693792776
87 0.0052997445693792776
88 0.0048920719101962565
89 0.0044843992510132345
90 0.0040767265918302134
91 0.0036690539326471924
92 0.0032613812734641704
93 0.0032613812734641704
94 0.0028537086142811493
95 0.0032613812734641704
96 0.0028570527151446246
97 0.0024460359550981282
98 0.0024460359550981282
99 0.002448902327266821
100 0.0024460359550981282
101 0.00204217081445147
102 0.00204217081445147
103 0.00204217081445147
104 0.0024460359550981282
105 0.00204217081445147
106 0.0024460359550981282
107 0.00204217081445147
108 0.00204217081445147
109 0.00204217081445147
110 0.0032613812734641704
111 0.00204217081445147
112 0.00204217081445147
113 0.00204217081445147
114 0.00204217081445147
115 0.00204217081445147
116 0.0016778062409080797
117 0.0016778062409080797
118 0.0016778062409080797
119 0.001670879898335342
120 0.0016993707415681432
121 0.0016254228425146274
122 0.001689524134056983
123 0.0016794454927862347
124 0.0016661495997095778
125 0.0016652815827940502
126 0.0012648265938772984
127 0.0012648265938772984
128 0.0012648265938772984
129 0.0012648265938772984
130 0.001642899714477274
131 0.001274609201663457
132 0.0020562116303843997
133 0.001682793077503201
134 0.0012720618700346592
135 0.0016260744191464364
139 0.0016316752707078255
