1 0.04234617824772248
2 0.02159655090633846
3 0.015507506278895725
4 0.011856929909362292
5 0.00973962099697617
6 0.007988715355794769
7 0.006581076473486829
8 0.005880511145248492
9 0.005264861178789463
10 0.004870729468449898
11 0.004410383358936369
12 0.004129497821942744
13 0.0038057792024763825
14 0.003473482306709504
15 0.0033053075648193124
16 0.0032118316392888008
17 0.0029224376810699382
18 0.0027491916529176702
19 0.0025444616030793456
20 0.0024610158058127047
21 0.002435364734224949
22 0.0022909930440980584
23 0.002193692157828943
24 0.0020778224571196408
25 0.0019987682877754924
26 0.0019601703817494973
27 0.0018641399937722124
28 0.001832794435278447
29 0.0017830927819116817
30 0.0017323005076917068
31 0.001696653760060828
32 0.0016884813257178326
33 0.0016526537824096562
34 0.0014675295549088265
35 0.0014555898002373442
36 0.001437308064292313
37 0.0014271672009286435
38 0.0014084703569848165
39 0.0013905537763864383
40 0.0013764992739809146
41 0.0013745958264588351
42 0.001344159827478748
43 0.0013162152946973658
44 0.00129402871935848
45 0.0012910984317218432
46 0.0012724903200456211
47 0.0012305079029063524
48 0.0012261350654067305
49 0.0012259539214352659
50 0.000995762675198614
51 0.0009924235162027156
52 0.0009889462415886446
53 0.0009834251180547956
54 0.0009703932001582296
55 0.0009703932001582296
56 0.0009616823461446767
57 0.0009616823461446767
58 0.0009616823461446767
59 0.0009514448006190956
60 0.0009431825446953091
61 0.0009320699968861062
62 0.0009207138667040853
63 0.0009207138667040853
64 0.0009207138667040853
65 0.0009397004626470621
66 0.0009207138667040853
67 0.0008944052056624031
68 0.0009094046081194519
69 0.0008944052056624031
70 0.0008915463909558408
71 0.0008869274888087108
72 0.0008790580419884593
73 0.0008743268673369315
74 0.0008765141531372922
75 0.0008727998624469457
76 0.0008727998624469457
77 0.0008727998624469457
78 0.0008727998624469457
79 0.0008727998624469457
80 0.0008626858129056532
