15 0.36518488432000723
16 0.36518488432000723
17 0.36518488432000723
18 0.36518488432000723
19 0.36518488432000723
20 0.36518488432000723
21 0.36518488432000723
22 0.36518488432000723
23 0.36518488432000723
24 0.36518488432000723
25 0.36518488432000723
26 0.36518488432000723
27 0.36518488432000723
28 0.36518488432000723
29 0.36518488432000723
30 0.36518488432000723
31 0.36518488432000723
32 0.36518488432000723
33 0.36518488432000723
34 0.36518488432000723
35 0.36518488432000723
36 0.36518488432000723
37 0.36518488432000723
38 0.36518488432000723
39 0.36518488432000723
40 0.36518488432000723
41 0.36518488432000723
42 0.36518488432000723
43 0.36518488432000723
44 0.36518488432000723
45 0.36518488432000723
46 0.36518488432000723
47 0.36518488432000723
48 0.36518488432000723
49 0.36518488432000723
50 0.36518488432000723
51 0.36518488432000723
52 0.36518488432000723
53 0.36518488432000723
54 0.36518488432000723
55 0.40230676175421387
56 0.40230676175421387
57 0.40230676175421387
58 0.40230676175421387
59 0.4259718653868147
60 0.4259718653868147
