25 0.0265621069955101
26 0.02022866543610865
27 0.020945073834140168
28 0.01988782014243316
29 0.020020258618829855
30 0.02022866543610865
31 0.021804399085197195
32 0.02120968559640808
33 0.020614972107618968
34 0.02147370067999367
35 0.022530954371700683
36 0.022530954371700683
37 0.023588208063407688
38 0.018801487469178448
39 0.018306711483147435
40 0.018306711483147435
41 0.018306711483147435
42 0.018306711483147435
43 0.018306711483147435
44 0.018306711483147435
45 0.018306711483147435
46 0.01929626345520946
47 0.01942554513004074
48 0.01942554513004074
49 0.01942554513004074
50 0.01942554513004074
51 0.020020258618829855
52 0.020020258618829855
53 0.020020258618829855
54 0.020614972107618968
55 0.03133767701279784
56 0.0430696889859242
57 0.03138918638464978
58 0.04758489208101398
59 0.043406653022389954
