46 0.0012199613731965588
47 0.0012199613731965588
48 0.001206348264157219
49 0.001206348264157219
50 0.001025071547255441
51 0.0012049380231773836
52 0.0012057544751497948
53 0.001206954004494609
54 0.00120807176532326
55 0.0012082503878778036
56 0.0010132414221007973
57 0.001010810589531031
58 0.0010104786014927013
59 0.0010086691110025448
60 0.0010083233027763754
61 0.0010081615789209555
62 0.0010068579050375541
63 0.001006328264157219
64 0.001006934004494609
65 0.00100805176532326
66 0.001010252778388917
67 0.0010104786014927013
68 0.0010055589173630919
69 0.0010055589173630919
70 0.0008202212844114684
71 0.0008201326701983504
72 0.0008190581099004623
73 0.0008188544974053992
74 0.0008177799745838355
75 0.0008180503402294714
76 0.0008188462895831492
77 0.0008217906085414936
78 0.0008208273380146418
79 0.00081199180298389
80 0.0008108267379223433
81 0.000810790589531031
82 0.0008103964761343666
83 0.0008098821297680247
84 0.0008094719642040226
85 0.0008084941628902941
86 0.0008082592845266001
87 0.0008081415789209553
88 0.0008073397339543229
89 0.000806837905037554
90 0.0008065125232127739
91 0.0008064568849892816
92 0.0008059972424199685
93 0.0008059242117298399
94 0.0008056190051263229
95 0.0008055389173630919
96 0.0008050125110501727
97 0.0008047622927552895
98 0.0008041973692760506
99 0.0008041347275395516
100 0.0006233729490645757
101 0.0006229888209344663
102 0.0006226106523860215
103 0.0006216488646257662
104 0.0006212392123487345
105 0.000620969829083986
106 0.0006204306783976971
107 0.0006204306783976971
108 0.0006204306783976971
109 0.0006195479040414476
110 0.0006191997384900527
111 0.0006191414342016114
112 0.0006191414342016114
113 0.0006188262895831492
114 0.0006182399494423697
115 0.0006177599745838356
116 0.0006171264030840201
117 0.0006168280943951857
118 0.0006163603956985126
119 0.000615809905112274
120 0.0006157745818532372
121 0.0006160041746764044
122 0.0006153680744797061
123 0.0006158123957111843
124 0.0006148243863009321
125 0.0006146131995398759
126 0.0006143883724143342
127 0.0006132383925376787
128 0.0006132014221007972
129 0.0006130351694499168
130 0.0006127002160597685
131 0.0006122982591497685
132 0.0006125036531605501
133 0.0006122982591497685
134 0.00061197180298389
135 0.0006121815191436143
136 0.00061197180298389
137 0.000610770589531031
138 0.000610770589531031
139 0.0006107649286193186
140 0.000610770589531031
141 0.0006107334666644014
142 0.0006107063194560086
143 0.0006103128652914572
144 0.0006103019229143204
145 0.0006099446013310424
146 0.0006089286855288784
147 0.0006087711405767459
148 0.0006084741628902942
149 0.0006083812499132694
150 0.0006082833027763754
151 0.0006082392845266001
152 0.0006081903878778035
153 0.0006081308403959272
154 0.0006081230656849895
155 0.0006080117653232602
156 0.0006079588176769564
157 0.0006079427819929342
158 0.0006077126591830214
159 0.0006073197339543229
160 0.0006072367451617621
161 0.0006073197339543229
162 0.0006068940044946091
163 0.0006068179050375541
164 0.0006067620531805237
165 0.0006065586047866091
166 0.0006064925232127739
167 0.0006064368849892816
168 0.0006064139872066898
169 0.0006064104387084413
170 0.0006063957106286569
171 0.0006063861715158006
172 0.0006062882641572189
173 0.0006062077670609061
174 0.000606205619146202
175 0.0006060440053182769
176 0.0006059772424199685
177 0.0006059619296972267
178 0.0006059042117298399
179 0.0006056944751497948
180 0.0006056759200588726
181 0.0006056191351896808
182 0.0006055990051263229
183 0.0006055327965908087
184 0.0006055189173630919
185 0.0006052465951250474
186 0.0006051745162551509
187 0.0006049925110501727
188 0.0006048780231773837
189 0.0006048532779487465
190 0.000604746572936874
191 0.0006047422927552895
192 0.0006046861452760453
193 0.0006042132734629931
194 0.0006041773692760506
195 0.000604171439593946
196 0.0006041147275395516
197 0.0006040687813621408
198 0.0006040631829781896
199 0.0006040449470475356
200 0.00042501154725544104
