6 0.01943597893168999
11 0.014232867878604089
16 0.012480966165935126
21 0.01112991226805687
26 0.010915327787892257
30 0.011119113613545305
31 0.009441689064731331
32 0.011493936730590206
33 0.0145753998836387
34 0.01489638117341113
35 0.01282427604611295
36 0.009441689064731331
37 0.014123643470118574
38 0.011265923511222017
39 0.011257946419928087
40 0.01190763031406428
41 0.009441689064731331
42 0.01093248207495207
43 0.012448562836218658
44 0.010915327787892257
45 0.009938620068138244
46 0.009441689064731331
47 0.01142941307835898
48 0.01106618359120422
49 0.009441689064731331
51 0.011411479050978269
