6 0.02645977414582523
11 0.02613050289938232
16 0.02514444618619808
21 0.019560240890214242
26 0.019560240890214242
31 0.019560240890214242
36 0.019560240890214242
38 0.02677090278451192
39 0.034304310532779464
40 0.04364966567434224
41 0.019455700403315825
42 0.030478621277788047
43 0.02489965089584849
44 0.02834494427567981
45 0.02619899862396398
46 0.019455700403315825
47 0.021991586891984688
48 0.021810778056394878
49 0.019455700403315825
50 0.024126181159700093
51 0.024535708841936645
52 0.024535708841936645
53 0.02597106818016591
54 0.044476372143844076
55 0.026118160936274844
56 0.03056119117026459
60 0.03056119117026459
