71 0.006610385693004278
72 0.006610385693004278
73 0.006610385693004278
74 0.006610385693004278
75 0.006610385693004278
76 0.006610385693004278
77 0.004817101861035235
78 0.004606175515272622
79 0.004606175515272622
80 0.004606175515272622
81 0.004606175515272622
82 0.004606175515272622
83 0.004606175515272622
84 0.004606175515272622
85 0.004606175515272622
86 0.004606175515272622
87 0.004606175515272622
88 0.004606175515272622
89 0.004606175515272622
90 0.004606175515272622
91 0.004606175515272622
92 0.004606175515272622
93 0.004606175515272622
94 0.004606175515272622
95 0.004606175515272622
96 0.004606175515272622
97 0.004606175515272622
98 0.004606175515272622
99 0.004606175515272622
100 0.004606175515272622
101 0.004606175515272622
102 0.004606175515272622
103 0.004606175515272622
104 0.004617081861035235
105 0.004617081861035235
106 0.004805799496451458
107 0.004805799496451458
108 0.004805799496451458
109 0.004805799496451458
110 0.004805799496451458
111 0.004807925844973841
112 0.004807925844973841
113 0.004817101861035235
114 0.004817101861035235
115 0.004817101861035235
116 0.004817101861035235
117 0.004817101861035235
118 0.006818540590534683
119 0.0058051100627782015
120 0.006206675225274493
121 0.008218497461665725
122 0.008409604863483558
123 0.007017321861035235
124 0.0064195331652994354
125 0.0074113771826157795
126 0.008217941988569153
127 0.008217941988569153
128 0.0070225370146050035
