7 0.0036053113657774248
8 0.0022322803093344865
9 0.0016322203093344864
10 0.001635675887207755
11 0.0014450306416410063
12 0.0013093198635295237
13 0.0012115763367990056
14 0.0011092998635295237
15 0.0010578295309857557
16 0.0010578215691913414
17 0.001036157561011763
18 0.0010356158872077551
19 0.00099620061554549
20 0.001004853592214811
21 0.0008923256914104138
22 0.0008968251241449473
23 0.0009043005418501451
24 0.0008840528841247894
25 0.0009073022887628501
26 0.0010623612740918427
27 0.0012578415691913416
29 0.001036040742606628
