4 0.0023028985557975515
5 0.002004656113312301
6 0.0018632066267218043
7 0.0016551975748742257
8 0.0014551775748742257
9 0.0012689629710338638
10 0.00127850094144372
11 0.0012045761133123007
12 0.0010631266267218042
13 0.001050361814994688
14 0.001041794175524068
15 0.0009027585557975512
16 0.0008989706402528563
17 0.0008551175748742257
18 0.0008399361898834399
19 0.0008075713856411917
20 0.0008045361133123006
21 0.0007132225409493835
22 0.0007132225409493835
23 0.000739781855081963
24 0.001250381814994688
25 0.0010194592052595111
26 0.0010194592052595111
