43 0.0014056127965908088
44 0.0012128639440779846
45 0.0012127602160597684
46 0.0012128639440779846
47 0.0012130951694499167
48 0.001206455710628657
49 0.0012095018684471698
50 0.001025071547255441
51 0.0010249226853920358
52 0.0010216888646257661
53 0.0010194480683531544
54 0.0010176020005532769
55 0.0012041287813621408
56 0.001014075988786652
57 0.0010128439440779847
58 0.0010127402160597684
59 0.0010107463194560086
60 0.001010252778388917
61 0.0010083233027763754
62 0.00100805176532326
63 0.0010064539872066897
64 0.001006084005318277
65 0.0010049180231773837
66 0.0010041547275395518
67 0.0008249026853920358
68 0.000823376234965763
69 0.000822442309814704
70 0.0008218899848572125
71 0.000820989829083986
72 0.0008195679040414476
73 0.0008175768205152627
74 0.0008168673403508357
75 0.0008146331995398759
76 0.0008140559887866521
77 0.0008131464989660437
78 0.0008127202160597684
79 0.0008125236531605501
80 0.0008115430589244745
81 0.0008110086702412006
82 0.0008104586014927014
83 0.0008103219229143204
84 0.0008097326981715092
85 0.0008094618684471698
86 0.0008086491110025447
87 0.0008082592845266001
88 0.0008081430656849894
89 0.0008065786047866091
90 0.0008064568849892816
91 0.0008064157106286568
92 0.0008063082641572188
93 0.0008057144751497947
94 0.0008056391351896808
95 0.0008055389173630919
96 0.0008048980231773837
97 0.000804766572936874
98 0.0008041973692760506
99 0.0008040887813621408
100 0.000625031547255441
101 0.0006248435124858266
102 0.0006240606233448864
103 0.000623356234965763
104 0.0006229729123427407
105 0.000622422309814704
106 0.0006218840221145149
107 0.0006217706085414937
108 0.0006212392123487345
109 0.0006201808210282332
110 0.0006199140200204345
111 0.0006196672144710428
112 0.000619085401586452
113 0.0006190381099004624
114 0.0006175568205152627
115 0.0006166260056862604
116 0.0006164549598022457
117 0.0006163603956985126
118 0.0006160041746764044
119 0.0006157745818532372
120 0.0006153680744797061
121 0.0006157745818532372
122 0.0006143203517914765
123 0.0006140359887866521
124 0.0006140359887866521
125 0.0006138457541319402
126 0.0006136190046234046
127 0.0006132607130388194
128 0.0006130351694499168
129 0.0006127002160597685
130 0.0006125036531605501
131 0.0006124298456722512
132 0.0006122982591497685
133 0.0006121815191436143
134 0.00061197180298389
135 0.0006115230589244746
136 0.0006115225177356857
137 0.0006107649286193186
138 0.0006103764761343667
139 0.0006103128652914572
140 0.0006103019229143204
141 0.0006102813357126843
142 0.0006102127783889169
143 0.0006099446013310424
144 0.0006097126981715092
145 0.0006094519642040226
146 0.0006094418684471698
147 0.0006094418684471698
148 0.0006093616561206092
149 0.0006089286855288784
150 0.0006088518615746095
151 0.0006086291110025447
152 0.0006084741628902942
153 0.0006083812499132694
154 0.0006082833027763754
155 0.0006081230656849895
156 0.0006081215789209553
157 0.0006080117653232602
158 0.0006079792826939059
159 0.0006079588176769564
160 0.0006079427819929342
161 0.0006073197339543229
162 0.0006068940044946091
163 0.0006068179050375541
164 0.0006065586047866091
165 0.0006064925232127739
166 0.0006064825655178143
167 0.0006064368849892816
168 0.0006064139872066898
169 0.0006064104387084413
170 0.0006064104387084413
171 0.0006063861715158006
172 0.0006062882641572189
173 0.0006062077670609061
174 0.000606205619146202
175 0.0006060440053182769
176 0.0006059772424199685
177 0.0006059619296972267
178 0.0006059042117298399
179 0.0006056944751497948
180 0.0006056759200588726
181 0.0006056191351896808
182 0.0006055990051263229
183 0.0006055327965908087
184 0.0006055189173630919
185 0.0006052465951250474
186 0.0006051745162551509
187 0.0006049925110501727
188 0.0006048780231773837
189 0.0006048532779487465
190 0.000604746572936874
191 0.0006047422927552895
192 0.0006046861452760453
193 0.0006042132734629931
194 0.0006041773692760506
195 0.000604171439593946
196 0.0006063957106286569
197 0.0006040687813621408
198 0.0006040631829781896
199 0.0006040449470475356
200 0.00042501154725544104
