5 0.0024083603287515538
6 0.0016959165538128224
7 0.0016125976320693315
8 0.0014125776320693315
9 0.001292265982950694
10 0.001249265326331273
11 0.0011112761570309985
12 0.001092245982950694
13 0.001049245326331273
14 0.0010125376320693315
15 0.0009112561570309985
16 0.0008726257245918508
17 0.0008503194593696359
18 0.0008308085536911789
19 0.0008209476394775957
20 0.0008125176320693313
21 0.0007777946405912725
22 0.0007536595103313512
23 0.0007279575723052496
24 0.0007112361570309985
25 0.0007060980022080597
26 0.0006958165538128226
27 0.0006955958155788174
28 0.0006922059829506941
29 0.0006922059829506941
30 0.0007005341881261887
