76 0.006808332659183022
77 0.008408492659183022
78 0.005008152659183022
79 0.005008152659183022
81 0.003808032659183022
82 0.004208072659183022
83 0.003808032659183022
84 0.003407992659183022
85 0.0032079726591830214
86 0.0032079726591830214
87 0.0026079126591830215
88 0.0026079126591830215
89 0.0024078926591830216
90 0.0022078726591830216
91 0.0022078726591830216
92 0.0024078926591830216
93 0.0022078726591830216
94 0.0022078726591830216
95 0.0018078326591830216
96 0.0016078126591830212
97 0.0016078126591830212
98 0.0016078126591830212
99 0.0018078326591830216
100 0.0016078126591830212
101 0.0016078126591830212
102 0.0016078126591830212
103 0.0016078126591830212
104 0.0014077926591830213
105 0.0014077926591830213
106 0.0014077926591830213
107 0.001404826572936874
108 0.0014077926591830213
109 0.001404826572936874
110 0.001404826572936874
111 0.001404826572936874
112 0.0014077926591830213
113 0.0014077926591830213
114 0.001404826572936874
115 0.005208172659183022
116 0.001420887338014642
117 0.001404826572936874
118 0.001206104005318277
119 0.0010226164251872748
120 0.0010208924154650975
121 0.0010199540200204345
122 0.0010064261715158006
123 0.001025071547255441
124 0.0010062477670609062
125 0.0010062456191462022
126 0.000824087537383271
127 0.000824087537383271
128 0.0010055589173630919
129 0.0008196872144710427
130 0.0008196872144710427
131 0.0008196872144710427
133 0.00121203180298389
134 0.0010079988176769565
135 0.0008227915878650537
136 0.0008215394026224935
137 0.0010200670318670224
