1 0.016344503421243363
2 0.008543723421243364
3 0.007143583421243363
4 0.004421307639477596
5 0.004363314414409606
6 0.0030960565538128227
7 0.002809284780039849
8 0.002472785724591851
9 0.002409244780039849
10 0.002409244780039849
11 0.002409244780039849
12 0.002409244780039849
13 0.002409244780039849
14 0.002409244780039849
15 0.0025431234212433627
16 0.0025431234212433627
17 0.003092445982950694
18 0.003092445982950694
19 0.003092445982950694
20 0.003092445982950694
21 0.003092445982950694
22 0.004092545982950694
23 0.004355098329226557
24 0.004037495820113648
