38 0.003604344947047536
39 0.0034178420005532774
40 0.0034178420005532774
41 0.0028192581099004623
42 0.0028182503402294713
43 0.0028182503402294713
44 0.0028042649470475358
45 0.002625109733887819
46 0.00262263207072136
47 0.002622622309814704
48 0.002425023512485827
49 0.002424247537383271
50 0.0024213280895019917
51 0.0024213280895019917
52 0.0024226120707213604
53 0.002410950589531031
54 0.002410950589531031
55 0.002406224005318277
56 0.002406224005318277
57 0.0024050332779487465
58 0.0022213080895019917
59 0.002220061373196559
60 0.0022193597384900527
61 0.0022193597384900527
62 0.0022161328265377163
63 0.0022161328265377163
64 0.0022161328265377163
65 0.0022149843863009324
66 0.0022149843863009324
67 0.0022116830589244746
68 0.002210930589531031
69 0.0022108934666644014
70 0.0022181903402294714
71 0.0022224339201903187
72 0.0022224339201903187
73 0.002222931587865054
74 0.0024042947275395516
75 0.002404351439593946
76 0.0024049222927552895
77 0.0024049222927552895
78 0.002406224005318277
79 0.0024066725232127738
80 0.0024109867379223434
81 0.0024109867379223434
82 0.002413799004623405
83 0.0024220499848572126
84 0.002606244005318277
85 0.002422602309814704
86 0.002422602309814704
87 0.002616009905112274
88 0.0026212491783282046
89 0.0026121525219249195
90 0.0028113921395475873
91 0.0028117430589244745
92 0.0028117430589244745
93 0.0028224939201903186
94 0.0028224939201903186
95 0.002820121373196559
96 0.0028110267379223433
97 0.0028110267379223433
98 0.003004308781362141
99 0.0028212691783282046
100 0.002822831186251609
101 0.003004308781362141
102 0.0028240584929420938
103 0.002822642309814704
104 0.0030101021297680246
105 0.003010648115149816
106 0.0030062019296972268
107 0.002823576234965763
108 0.002823576234965763
109 0.0032043049470475357
110 0.003007476745161762
111 0.003007057905037554
112 0.0032066968849892817
113 0.0032067425655178143
114 0.0032067425655178143
115 0.00322205774968866
116 0.003223616234965763
117 0.0032170880943951856
118 0.0032122125219249194
119 0.003406241929697227
120 0.003406241929697227
121 0.003225169733887819
122 0.0034044932734629933
123 0.0032201740200204347
124 0.00322109767665621
125 0.00361227180298389
126 0.0038144801758852086
132 0.0036058189173630924
