14 0.0010551375748742257
15 0.0008816362081312948
16 0.000856404382151498
17 0.0008399361898834399
18 0.0008158120960672435
19 0.0008075713856411917
20 0.000739781855081963
21 0.0007039744220345336
22 0.000685446702315016
23 0.0006707216588079934
24 0.0006607581227711952
25 0.0006603375472962967
26 0.0006571058668133295
27 0.000656384382151498
28 0.0006550975748742257
29 0.000650321814994688
30 0.0006417541755240679
31 0.00063991618988344
32 0.0006377486449044125
33 0.0006375169472683447
34 0.0006271388265061499
35 0.0006194192052595111
36 0.0006501989417052733
