20 0.016690646022255357
21 0.016690646022255357
22 0.016690646022255357
23 0.016690646022255357
24 0.016690646022255357
25 0.016490626022255355
26 0.016490626022255355
27 0.016490626022255355
28 0.016490626022255355
29 0.016490626022255355
30 0.016490626022255355
31 0.016490626022255355
32 0.016490626022255355
33 0.016490626022255355
34 0.016490626022255355
35 0.016490626022255355
36 0.016490626022255355
37 0.016491154697708784
38 0.016491154697708784
39 0.016491154697708784
40 0.016691174697708786
41 0.01689643598603101
42 0.017291234697708786
43 0.017291234697708786
44 0.017291234697708786
45 0.017291234697708786
46 0.017291234697708786
47 0.017291234697708786
48 0.018895202139400095
49 0.019691474697708787
