41 0.0008891142242431662
42 0.0008890660222553561
43 0.0008878885725073186
44 0.0008878885725073186
45 0.0008878885725073186
46 0.0008878885725073186
47 0.0008895946977087851
48 0.0008895946977087851
49 0.0008901951374316265
50 0.0008897414397322928
51 0.0008891142242431662
52 0.0008891142242431662
53 0.0008572165951216982
54 0.0008560520420263884
55 0.0008502307241033068
56 0.0008502307241033068
57 0.0008572165951216982
58 0.0008572165951216982
59 0.0008572165951216982
60 0.0008560520420263884
61 0.0008560520420263884
62 0.0008572165951216982
63 0.0008572165951216982
64 0.0008679661040847806
65 0.0008773344308732603
66 0.0008854522307746418
67 0.0008878885725073186
68 0.0008878885725073186
69 0.0010773544308732605
