1 0.02029681564089278
2 0.011095895640892778
3 0.007070526400898899
4 0.005466427837057514
5 0.004295215640892777
6 0.0036951556408927775
7 0.003252035168163635
8 0.00287787425506482
9 0.002657548986083738
10 0.0022950156408927773
11 0.0022306397323223117
12 0.002057488986083738
13 0.001870006400898898
14 0.0018386586893030382
15 0.0016660478370575135
16 0.0016574489860837378
17 0.001489612729014293
18 0.0014660278370575135
19 0.0014518551681636349
20 0.0012993976441534904
21 0.0012993976441534904
22 0.0012993976441534904
23 0.0012574089860837379
24 0.0012277945321268202
25 0.001094895640892777
26 0.0010864027400791496
27 0.0010864027400791496
28 0.001061690193202125
29 0.001061690193202125
30 0.0010475020686170652
31 0.0010305197323223117
32 0.0010232857885484584
33 0.001012893974818331
34 0.001012893974818331
35 0.0008810764288144338
36 0.0008810764288144338
37 0.0008750991381455005
38 0.0008629283540329527
39 0.0008629283540329527
40 0.0008575707113946372
41 0.0008575707113946372
42 0.000848804946786553
43 0.0008389647994805246
44 0.0008389647994805246
45 0.0008389647994805246
46 0.0008288155766322414
47 0.0008277545321268201
48 0.0008277545321268201
49 0.0008232657885484582
50 0.0006993376441534903
51 0.000695879558936282
52 0.0006895327290142929
53 0.0006884484148586293
54 0.0006865140886853049
55 0.0006865140886853049
56 0.0006810564288144338
57 0.0006700316670891519
58 0.0006660470476409412
59 0.0006660470476409412
60 0.0006660470476409412
61 0.0006629083540329527
62 0.0006622899977247867
63 0.0006604398197059514
64 0.0006594361117236424
65 0.0006594361117236424
66 0.0006575507113946372
67 0.0006575507113946372
68 0.0006575507113946372
69 0.0006575507113946372
70 0.0006575507113946372
72 0.0006595168021402081
