1 0.020232366143907284
2 0.010253965582351428
3 0.007031046143907282
4 0.005279602688097438
5 0.004296343897875227
6 0.003640239492880137
7 0.0032374634336684656
8 0.0028401594928801365
9 0.0026306061439072812
10 0.0022961438978752265
11 0.0022305661439072813
12 0.002036579931223473
13 0.001875882400309548
14 0.0018305261439072813
15 0.0016817281662906088
16 0.001636539931223473
17 0.0014871929468449898
18 0.0014552818292689973
19 0.0014372834336684659
20 0.0012963117581013578
21 0.001282297911539161
22 0.001275822400309548
23 0.0012582986088196118
24 0.0012372634336684659
25 0.0010960238978752264
26 0.0010871529468449899
27 0.0010763295443864138
28 0.0010582786088196119
29 0.0010552418292689974
30 0.0010530455823514273
31 0.001036479931223473
32 0.0010196296045168148
33 0.0010132434456024142
34 0.0008917725590273978
35 0.0008876918674231854
36 0.000881145611868676
37 0.0008763095443864138
38 0.0008733184941714016
39 0.0008640381007135858
40 0.0008588930913269715
41 0.0008536582461332221
42 0.0008536582461332221
43 0.0008395890209942296
44 0.0008372234336684657
45 0.0008205597929481815
46 0.0008159493778802588
47 0.0008132829677733294
48 0.0008128758096304554
49 0.0008098210144268331
50 0.0008098210144268331
51 0.0006962517581013579
52 0.000697921337599307
53 0.0006885305561256793
54 0.0006871129468449897
55 0.0006852366000791147
56 0.000682237911539161
57 0.0006699644326938099
58 0.0006669839088761249
59 0.0006667441933585103
60 0.0006660749984430532
61 0.0006635579254621461
62 0.0006625586909816234
63 0.0006608218471821405
64 0.0006603969333520427
65 0.0006603969333520427
66 0.0006571061409869116
67 0.0006571061409869116
68 0.0006603969333520427
69 0.0006466427941971419
70 0.0006472426028312016
71 0.0006536382461332221
72 0.0006536382461332221
73 0.0006458131954779205
