2 0.004504354422034534
3 0.0033042344220345337
4 0.002304134422034534
5 0.0020708616588079936
6 0.001855139220537138
7 0.0018552175748742258
8 0.00143999618988344
9 0.0012631466267218042
10 0.001219479205259511
11 0.0010813410056463634
12 0.0010707616588079933
13 0.0010045561133123007
14 0.000986691181207935
15 0.0009027585557975512
16 0.0008550392205371382
17 0.0008502189417052734
18 0.0008377686449044124
19 0.0008096500767706794
20 0.0007866711812079351
21 0.0007132225409493835
22 0.0006989506402528563
23 0.0006707216588079934
24 0.000663086626721804
25 0.0006603375472962967
26 0.0006571058668133295
27 0.000656384382151498
28 0.0006550975748742257
29 0.000650321814994688
30 0.0006417541755240679
31 0.00063991618988344
32 0.0006377486449044125
33 0.0006375169472683447
34 0.0006271388265061499
35 0.0006194192052595111
36 0.0006501989417052733
