1 0.008443121859246111
2 0.004442721859246112
3 0.0030719956091042706
4 0.002450479459369636
5 0.002050439459369636
6 0.0018707470679429226
7 0.0016503994593696357
8 0.0014707070679429225
9 0.001292265982950694
10 0.0012714637369544814
11 0.0011403599588126557
12 0.001092245982950694
13 0.001049245326331273
14 0.0010091047800398494
15 0.0009279775723052496
16 0.0008922259829506941
17 0.0008503194593696359
18 0.0008308085536911789
19 0.0008299799554268326
20 0.000816052586474696
21 0.0007701407651727486
22 0.0007629544144096055
23 0.0007429434212433627
24 0.0007112361570309985
25 0.0007060980022080597
26 0.0006958165538128226
27 0.0006955958155788174
28 0.0006922059829506941
29 0.0006922059829506941
30 0.0007005341881261887
