1 0.008251081814994688
2 0.004313582540949384
3 0.003050561814994688
4 0.0023133825409493835
5 0.0019133425409493835
6 0.0016608581227711952
7 0.0014504018149946879
8 0.0013132825409493834
9 0.001250381814994688
10 0.0011132625409493834
11 0.0010603775472962968
12 0.0010375569472683447
13 0.0010158320960672435
14 0.0009132425409493835
15 0.000863106626721804
16 0.0008603575472962967
17 0.0008550392205371382
18 0.0008375369472683447
19 0.0008096500767706794
20 0.0007866711812079351
21 0.0007030820539258278
22 0.000685446702315016
23 0.0006784409414437198
24 0.000663086626721804
25 0.0006624306773325224
26 0.0006571058668133295
27 0.000656384382151498
28 0.0006550975748742257
29 0.000650321814994688
30 0.0006417541755240679
31 0.00063991618988344
32 0.0006377486449044125
33 0.0006375169472683447
34 0.0006271388265061499
35 0.0006194192052595111
36 0.0006550192205371382
