1 0.0082195801445647
2 0.004232008953485707
3 0.003019060144564699
4 0.002300166432743196
5 0.0020142694503967897
6 0.0018142494503967897
7 0.0014450734641843336
8 0.0014317289534857064
9 0.0012638182312924083
10 0.0012438040600261074
11 0.0011000464327431962
12 0.0010589090711459553
13 0.0010188601445646989
14 0.001005645709138898
15 0.0009541212476348368
16 0.0008637782312924083
17 0.0008450134641843337
18 0.0008397750435045275
19 0.0008274309459697072
20 0.0008144002932466249
21 0.000720419964310596
22 0.0007061373788233812
23 0.0007061373788233812
24 0.0006883404938226281
25 0.0006796275798084738
26 0.0006796275798084738
27 0.0006663366427525401
28 0.0006637582312924084
29 0.0006602473659785332
30 0.0006449934641843337
31 0.0006437440600261073
32 0.0006437440600261073
33 0.0006568297507441737
34 0.0006637582312924084
