109 0.0012097726981715093
110 0.0012097726981715093
111 0.0012097726981715093
112 0.0012060372424199685
113 0.0012060372424199685
114 0.0010216888646257661
115 0.0016123982591497686
116 0.0010216888646257661
117 0.0010103213357126842
118 0.0010103213357126842
119 0.0008224410335142458
120 0.0008224410335142458
121 0.0008208383675080422
122 0.0008208383675080422
123 0.0008208383675080422
124 0.0008208383675080422
125 0.0010113809560719923
126 0.0010119925219249193
127 0.0010094818684471699
128 0.0010086691110025448
129 0.001006934004494609
130 0.001005214516255151
131 0.0010188756883875042
132 0.0010164003956985128
133 0.0010206753428405367
134 0.001020220821028233
136 0.0010233962349657632
