26 0.004884905561256792
27 0.003907924449005434
28 0.0032669293535095723
29 0.0029309433367540752
30 0.0029111796004746885
31 0.0029111796004746885
32 0.0029111796004746885
33 0.0029111796004746885
34 0.0029111796004746885
35 0.0025437803157708516
36 0.0025437803157708516
37 0.002442452780628396
38 0.0021198169298090428
39 0.0019987682877754924
40 0.001977892483177289
41 0.001977892483177289
42 0.0019233646922893533
43 0.001904998177545655
44 0.001904998177545655
45 0.001832794435278447
46 0.0014990762158316193
47 0.0014886352743040735
48 0.0014886352743040735
49 0.0014886352743040735
50 0.0014886352743040735
51 0.0014886352743040735
52 0.0014886352743040735
53 0.0014886352743040735
54 0.0014990762158316193
55 0.0014936440127979208
56 0.0014936440127979208
57 0.0014886352743040735
58 0.0014886352743040735
59 0.0014936440127979208
60 0.001832794435278447
61 0.0018668167734340415
62 0.0019910412810957637
64 0.0019910412810957637
67 0.0019910412810957637
