1 0.01630652779606989
2 0.008763646553306118
3 0.005705467796069888
4 0.004505347796069889
5 0.0036194854923534856
6 0.0031404583378734324
7 0.002763046553306117
8 0.0024884047264378444
9 0.0022637758850329536
10 0.0022637758850329536
11 0.0022637758850329536
12 0.0022637758850329536
13 0.0022637758850329536
14 0.0022637758850329536
15 0.0022637758850329536
16 0.0022637758850329536
17 0.0022637758850329536
18 0.0022637758850329536
19 0.002317310081274307
20 0.0023634176587072086
21 0.0023634176587072086
22 0.0023634176587072086
23 0.0023897365786554855
24 0.002446780459258231
26 0.005505447796069887
