3 0.003827117586085453
4 0.002941056314846024
5 0.0022224085889952037
6 0.0018223685889952035
7 0.0016873438010097709
8 0.0016268975860854527
9 0.0014268775860854527
10 0.0012858920134868515
11 0.0012854653265408817
12 0.0011457241884200318
13 0.001140876314846024
14 0.001098091495512806
15 0.0010171261389345552
16 0.0009656222154562319
17 0.0009457041884200319
18 0.0009148639123802676
19 0.0008858520134868513
20 0.0008746926096474745
21 0.0008746926096474745
22 0.0008746926096474745
23 0.0008854253265408818
24 0.0008854253265408818
25 0.0009148639123802676
26 0.0009457041884200319
