114 0.002039696413469529
115 0.002025672581275754
116 0.0016409653428507368
117 0.002020686846380253
118 0.0016409653428507368
119 0.0016409653428507368
120 0.0016165494771042022
121 0.0016165494771042022
122 0.0016318870612930404
123 0.001625770262071257
124 0.001625770262071257
125 0.001625770262071257
126 0.0016165494771042022
127 0.0016165494771042022
128 0.0016165494771042022
129 0.0016327971381064
130 0.0016225436802354903
131 0.0016526456884031885
132 0.0016208263805001896
133 0.0012676092755618238
134 0.0012676092755618238
135 0.0020241901158869185
136 0.0012676092755618238
