22 0.001684680502117576
23 0.0016819335183499867
24 0.0016793856274536733
25 0.0016337322972082395
26 0.0016789906427832242
27 0.0016337322972082395
28 0.0014138777866836761
29 0.0012768214008006453
30 0.0012793456274536733
31 0.0012735560846312808
32 0.0012735560846312808
33 0.0012719781343087989
34 0.0010934221394000927
35 0.0010934221394000927
36 0.0010934221394000927
37 0.0010934221394000927
38 0.0010934221394000927
39 0.0010934221394000927
40 0.0010934221394000927
41 0.0010934221394000927
42 0.0010934221394000927
43 0.0010934221394000927
44 0.0010934221394000927
45 0.0010934221394000927
46 0.0010934221394000927
47 0.0010934221394000927
48 0.0012793456274536733
49 0.0012891060222553561
50 0.0016138732512301888
51 0.001461597957024975
52 0.0014879485725073187
