4 0.00738506613071201
5 0.0051127380904929295
6 0.004600836319383397
7 0.004371849773855805
8 0.003368899866131038
9 0.003254692296598411
10 0.002603753837278729
11 0.002585265119145525
12 0.002585265119145525
13 0.002585265119145525
14 0.0022158969869816502
15 0.0021055624163318987
16 0.0020419628774540977
17 0.0019528153779590468
18 0.0017110046435675455
19 0.0016943273536991607
20 0.001684449933065519
21 0.0016619227402362377
22 0.001580909831163715
23 0.0015219308644279035
24 0.0015219308644279035
25 0.001423304451538511
26 0.001962734081118576
27 0.00227232804021908
28 0.0018516337862655536
30 0.001971786994021456
