7 0.1806458237928788
8 0.1452360260987059
9 0.10738115862231126
10 0.09462347154915687
11 0.07494683323543962
12 0.07342740234529965
13 0.07342740234529965
14 0.07342740234529965
15 0.07342740234529965
16 0.07342740234529965
17 0.07342740234529965
18 0.07342740234529965
19 0.07342740234529965
20 0.07342740234529965
21 0.07342740234529965
22 0.07342740234529965
23 0.07342740234529965
24 0.07342740234529965
25 0.07342740234529965
26 0.07342740234529965
27 0.07342740234529965
28 0.07342740234529965
29 0.07342740234529965
30 0.07342740234529965
31 0.07342740234529965
32 0.07342740234529965
33 0.07342740234529965
34 0.07342740234529965
35 0.07342740234529965
36 0.07342740234529965
37 0.07342740234529965
38 0.07342740234529965
39 0.10064452216800106
40 0.09902456324911765
41 0.09022237984919608
42 0.10064452216800106
43 0.10064452216800106
44 0.10064452216800106
45 0.10064452216800106
46 0.10403283378213841
47 0.10689329828281409
48 0.10271241259525427
49 0.12341361328369513
50 0.12341361328369513
51 0.15114928725528842
52 0.13638807389881563
53 0.14104412946708014
54 0.36518488432000723
55 0.36518488432000723
56 0.36518488432000723
57 0.40230676175421387
58 0.40916422169644684
59 0.40767071047556325
61 0.36518488432000723
