5 0.01063186851094376
6 0.008041077025828746
7 0.007422532123888239
8 0.005673000549977526
9 0.005673000549977526
10 0.005689266292096226
11 0.0056982819832769715
12 0.0056982819832769715
13 0.0056982819832769715
14 0.005816517386856089
15 0.005464965496745526
16 0.005464965496745526
17 0.005464965496745526
18 0.005464965496745526
19 0.005464965496745526
20 0.005664985496745527
21 0.005664985496745527
22 0.005664985496745527
23 0.005664985496745527
24 0.005664985496745527
25 0.005664985496745527
26 0.0056982819832769715
27 0.005809700338596546
28 0.005840857025828746
29 0.005840857025828746
30 0.005840857025828746
31 0.006489485664979561
32 0.006489485664979561
33 0.00785406660606762
34 0.00785406660606762
35 0.00785406660606762
36 0.00785406660606762
37 0.008254106606067619
38 0.008254106606067619
39 0.01168041141549764
40 0.008689705664979562
