95 0.0018195618511574897
97 0.002014653461292909
98 0.001418303511908892
99 0.0016237955054639905
100 0.0014173574502410707
101 0.0014217771571024735
102 0.0016062592873085967
103 0.001620114780662485
104 0.0014115568003694949
105 0.0014186739975889412
106 0.0012145500078676642
107 0.0014071841679473601
108 0.0014048049404459643
109 0.0012186020669985897
110 0.0014106785577131604
111 0.0016090903283976345
112 0.0014130639055204425
113 0.001214183396021004
114 0.0014145779232103374
115 0.0016061197585721199
116 0.0012145500078676642
118 0.0010116146528749317
119 0.0016075456778835372
