90 0.0008244589556253223
91 0.0008247079764357015
92 0.0008244589556253223
93 0.0008244589556253223
94 0.0008244589556253223
95 0.0008244589556253223
96 0.0008244589556253223
97 0.0008244589556253223
98 0.0008244589556253223
99 0.0008244589556253223
100 0.0008244589556253223
101 0.0008244589556253223
102 0.0008244589556253223
103 0.0008244589556253223
104 0.0008244589556253223
105 0.0008244589556253223
106 0.0008244589556253223
107 0.0008244589556253223
108 0.0008228205136881355
109 0.0008227284518254614
110 0.0008227284518254614
111 0.0008131435499379524
112 0.0008107171826157785
113 0.0008107171826157785
114 0.0008107171826157785
115 0.0008107171826157785
116 0.0008107171826157785
117 0.0008107171826157785
118 0.0008107171826157785
119 0.0008107171826157785
120 0.0008107171826157785
121 0.0008107171826157785
122 0.0008107171826157785
123 0.0008107171826157785
124 0.0008107171826157785
125 0.0008131435499379524
126 0.0008107171826157785
127 0.0008132206336402374
128 0.0008107171826157785
129 0.0008111075294963976
130 0.0008111075294963976
131 0.0008111075294963976
132 0.0008152285966859803
133 0.0008219865170924929
134 0.0008195678192964972
135 0.0008219865170924929
136 0.0008152285966859803
137 0.0008152285966859803
138 0.0008152285966859803
139 0.0008152285966859803
140 0.0008204924747095421
