53 0.001022121277495127
54 0.001022121277495127
55 0.0010218377496886604
56 0.0010230129123427409
57 0.0010228115878650537
58 0.0010230129123427409
59 0.0010230129123427409
60 0.0010233962349657632
61 0.0010230288209344663
62 0.0010068020531805238
63 0.00100805176532326
64 0.00100805176532326
65 0.0010049180231773837
66 0.0010049180231773837
67 0.0010049180231773837
68 0.0008229929123427407
69 0.0008229929123427407
70 0.0008218899848572125
71 0.0008221012774951271
72 0.0008230088209344663
73 0.000823376234965763
74 0.0008180503402294714
75 0.0008158323957111843
76 0.000815388074479706
77 0.000815388074479706
78 0.0008148443863009321
79 0.0008127202160597684
80 0.0008124498456722512
81 0.00081199180298389
82 0.0008148443863009321
83 0.0008102327783889168
84 0.0008098458666740429
85 0.0008098458666740429
86 0.0008084012499132694
87 0.0008084012499132694
88 0.0008084012499132694
89 0.0008079627819929341
90 0.0008079627819929341
91 0.0008064304387084412
92 0.0008063082641572188
93 0.0008057144751497947
94 0.0008055527965908087
95 0.0008050125110501727
96 0.0008048732779487465
97 0.0008047061452760453
98 0.0008041347275395516
99 0.0008040831829781896
100 0.0008040831829781896
101 0.000624067537383271
102 0.000624067537383271
103 0.0008040831829781896
104 0.0008040887813621408
105 0.0006217977496886602
106 0.0006217706085414937
107 0.000620969829083986
108 0.0006202012844114685
109 0.0006212392123487345
110 0.0006201808210282332
111 0.0006199140200204345
112 0.0006199013731965587
113 0.0006195479040414476
114 0.0006188344974053993
115 0.0006188262895831492
116 0.0006188262895831492
117 0.0006171264030840201
118 0.0006168280943951857
119 0.0006168280943951857
120 0.0006171264030840201
121 0.0006171264030840201
122 0.000615809905112274
123 0.000615635813081457
124 0.000615809905112274
125 0.0006164549598022457
126 0.000616807610256233
127 0.0006177599745838356
128 0.0006168473403508357
129 0.0006165773999273945
130 0.0006138457541319402
131 0.000613412211443934
132 0.0006131264989660437
133 0.0006113409560719922
134 0.0006109886702412007
135 0.0006113409560719922
136 0.000610770589531031
137 0.000610770589531031
138 0.0006111721395475871
139 0.0006115230589244746
140 0.0006107649286193186
141 0.0006107649286193186
142 0.0006103764761343667
143 0.0006103128652914572
144 0.0006103019229143204
145 0.0006107063194560086
146 0.0006103128652914572
147 0.0006099446013310424
148 0.0006098258666740429
149 0.0006093616561206092
150 0.0006094418684471698
151 0.0006087711405767459
152 0.0006087711405767459
153 0.0006084741628902942
154 0.0006083812499132694
155 0.0006081308403959272
156 0.0006082392845266001
157 0.0006080117653232602
158 0.0006079588176769564
159 0.0006081230656849895
160 0.0006077126591830214
161 0.0006073197339543229
162 0.0006072367451617621
163 0.0006068179050375541
164 0.0006065586047866091
165 0.0006065586047866091
166 0.0006068179050375541
167 0.0006064368849892816
168 0.0006064139872066898
169 0.0006064104387084413
170 0.0006063957106286569
171 0.0006063861715158006
172 0.0006062882641572189
173 0.0006062077670609061
174 0.000606205619146202
175 0.0006060440053182769
176 0.0006059772424199685
177 0.0006059619296972267
178 0.0006059042117298399
179 0.0006056944751497948
180 0.0006056759200588726
181 0.0006056191351896808
182 0.0006055990051263229
183 0.0006055327965908087
184 0.0006055189173630919
185 0.0006052465951250474
186 0.0006051745162551509
187 0.0006049925110501727
188 0.0006048780231773837
189 0.0006048532779487465
190 0.000604746572936874
191 0.0006047422927552895
192 0.0006046861452760453
193 0.0006042132734629931
194 0.0006041773692760506
195 0.000604171439593946
196 0.0006041147275395516
