75 0.002473549554898611
76 0.002473549554898611
77 0.002112855931258043
78 0.002112855931258043
79 0.0021102063874756352
80 0.0021102063874756352
81 0.0021102063874756352
82 0.0021102063874756352
83 0.002112855931258043
84 0.0021102063874756352
85 0.0021102063874756352
86 0.0020826869996369724
87 0.0020826869996369724
88 0.0020826869996369724
89 0.0020483634908575457
90 0.0016992140499433063
91 0.0016992140499433063
92 0.0016992140499433063
93 0.0016992140499433063
94 0.0016992140499433063
95 0.0016992140499433063
96 0.0016992140499433063
97 0.0016881651099805084
98 0.001683113470032169
99 0.001683113470032169
100 0.0016534888457757357
101 0.0016396184053241696
102 0.0016391434666961713
103 0.0016396184053241696
104 0.0016391434666961713
105 0.0016391434666961713
106 0.0016391434666961713
107 0.001627416017978436
108 0.001270234141786557
109 0.001270234141786557
110 0.001270234141786557
111 0.001270234141786557
112 0.001270234141786557
113 0.001267713558754826
114 0.001267713558754826
115 0.001267713558754826
116 0.001267713558754826
117 0.001267713558754826
118 0.001267713558754826
119 0.001267713558754826
120 0.001267713558754826
121 0.001267713558754826
122 0.001267713558754826
123 0.001267713558754826
124 0.001267713558754826
125 0.001267713558754826
126 0.0020300200265913845
127 0.0016932277599916589
128 0.002028272375748974
