84 0.0069990520656586855
85 0.0069990520656586855
86 0.0069990520656586855
87 0.0069990520656586855
88 0.0069990520656586855
89 0.0069990520656586855
90 0.0069990520656586855
91 0.0069990520656586855
92 0.0069990520656586855
93 0.0069990520656586855
94 0.0069990520656586855
95 0.0069990520656586855
96 0.0069990520656586855
97 0.0069990520656586855
98 0.0069990520656586855
99 0.0069990520656586855
100 0.0069990520656586855
101 0.0069990520656586855
102 0.0069990520656586855
103 0.0069990520656586855
104 0.007316975820340424
105 0.008062478300205143
106 0.008556777830522288
107 0.009529753145024763
108 0.008145173686411636
109 0.008749479081739918
110 0.008832122230415407
111 0.008842086423870967
112 0.009694635475012434
113 0.01211364174223053
114 0.009763332576665661
115 0.009763332576665661
116 0.009763332576665661
117 0.009763332576665661
118 0.009763332576665661
119 0.009763332576665661
120 0.009763332576665661
121 0.009763332576665661
122 0.010152465243909113
123 0.010759665834332228
124 0.011838141396920136
125 0.011674639917265115
126 0.012717799287326508
127 0.011235766196432559
128 0.011328948719205244
129 0.014587305839180748
130 0.017737227322351296
131 0.012177672392915208
132 0.013090074411970253
133 0.012617391982606741
