1 0.01623392574815624
2 0.00983328574815624
3 0.005720475065620731
4 0.004423669812864281
5 0.003663915885032954
6 0.003088464726437844
7 0.0026552977377271025
8 0.002428311059191842
9 0.0022637758850329536
10 0.0022637758850329536
11 0.0022637758850329536
12 0.0022637758850329536
13 0.0022637758850329536
14 0.0022637758850329536
15 0.0022637758850329536
16 0.0022637758850329536
17 0.0022637758850329536
18 0.0022637758850329536
19 0.002375336733782532
20 0.002375336733782532
21 0.0023897365786554855
22 0.0033052277960698875
23 0.003163086553306117
24 0.0033052277960698875
25 0.005390036578655486
