88 0.0010065225655178144
89 0.0010047822927552895
90 0.0010047822927552895
91 0.0010041031829781896
92 0.0008219685056035287
93 0.0008219685056035287
94 0.0008192763230802262
95 0.0008168276102562329
96 0.0008165973999273944
97 0.000815655813081457
98 0.0008165973999273944
99 0.0008132807130388194
100 0.000815655813081457
101 0.0008132807130388194
102 0.0008132807130388194
103 0.0008132583925376787
104 0.0008131464989660437
105 0.0008131464989660437
106 0.0008115312053326576
107 0.0008131464989660437
108 0.0008131464989660437
109 0.0008131464989660437
110 0.000815655813081457
111 0.0008165973999273944
112 0.0008165973999273944
113 0.0008168480943951857
114 0.0008168480943951857
115 0.0008165973999273944
116 0.0008168480943951857
117 0.0008168480943951857
118 0.0008168480943951857
119 0.0008195679040414476
120 0.0008210691783282044
121 0.0008210691783282044
122 0.0008225964251872746
123 0.0008225964251872746
124 0.0008225964251872746
125 0.0008208576766562098
126 0.0008208576766562098
127 0.0008208576766562098
128 0.0008208576766562098
129 0.0008208576766562098
130 0.0008208576766562098
131 0.0008208576766562098
132 0.0008208576766562098
133 0.0010060172424199685
134 0.0008240806233448864
135 0.0008240806233448864
136 0.0010113223260768802
137 0.0008222939201903187
138 0.0010103419229143206
139 0.000824087537383271
