76 0.001210306116364553
77 0.001210306116364553
78 0.001207438651517942
79 0.001207438651517942
80 0.0012091929283657692
81 0.001207438651517942
82 0.0012072454516705868
83 0.0012063024831520128
84 0.001207438651517942
85 0.001207438651517942
86 0.001207438651517942
87 0.0010140115044912764
88 0.0010140115044912764
89 0.0010140115044912764
90 0.0010140115044912764
91 0.0010128537115668378
92 0.0010128537115668378
93 0.0010128537115668378
94 0.0010128537115668378
95 0.0010128537115668378
96 0.0010128537115668378
97 0.0010107808933363174
98 0.0010128537115668378
99 0.0010099055635515697
100 0.0010107808933363174
101 0.0010107808933363174
102 0.0010099055635515697
103 0.0010099055635515697
104 0.0010097199555489907
105 0.0010099055635515697
106 0.0010099055635515697
107 0.0010097199555489907
108 0.0010072254516705868
109 0.0010072254516705868
110 0.0010072254516705868
111 0.0010072254516705868
112 0.0010072254516705868
113 0.001004516492250888
114 0.0010072254516705868
115 0.0010072254516705868
116 0.0010072254516705868
117 0.0010046300627782015
118 0.0010107808933363174
119 0.001020955194478181
120 0.0010236216519992293
125 0.001222198599379025
