56 0.010120999241565863
57 0.00969929093983395
58 0.00969929093983395
59 0.010120999241565863
60 0.010120999241565863
61 0.00969929093983395
62 0.010542707543297773
63 0.010542707543297773
64 0.010964415845029683
65 0.010542707543297773
66 0.00969929093983395
67 0.007590749431174397
68 0.00843416603463822
69 0.005903916224246753
70 0.0050604996207829316
71 0.005482207922514842
72 0.0050604996207829316
73 0.005026957983593215
74 0.0050604996207829316
75 0.005056249387999513
76 0.0033736664138552873
77 0.004189131652994346
78 0.0033513053223954764
79 0.0029494788096663827
80 0.002877594431991034
81 0.0029494788096663827
82 0.0029323921570960417
83 0.002843417382064089
84 0.002877594431991034
85 0.0025281246939997566
86 0.002843417382064089
87 0.0029323921570960417
88 0.002843417382064089
89 0.002877594431991034
90 0.002877594431991034
91 0.002877594431991034
92 0.0029494788096663827
93 0.003341038888170442
94 0.002877594431991034
95 0.0067473328277105745
96 0.006283697479491519
97 0.0033767887950321993
98 0.002523463494404402
99 0.002523463494404402
100 0.002523463494404402
101 0.0028863183991171435
102 0.0024527091809013486
103 0.0024492046505739133
104 0.002843417382064089
105 0.0024715680978567383
106 0.0016973651696976775
107 0.0016973651696976775
108 0.0020824371305879796
109 0.0025438968057626948
110 0.0021217064621220968
111 0.0020643289641248492
112 0.0020643289641248492
113 0.0020643289641248492
114 0.0020189371484061105
115 0.0020189371484061105
116 0.0024702536702324775
117 0.0025072835432080986
118 0.002874516514399195
