26 0.0034309459620213848
27 0.0034309459620213848
28 0.0034309459620213848
29 0.002426961153873209
30 0.002426961153873209
31 0.002288297314762954
32 0.002243693946578466
33 0.0019600532055329646
34 0.0019600532055329646
35 0.001951314290029274
36 0.0019600532055329646
37 0.0019487221490238592
38 0.0019487221490238592
39 0.0019487221490238592
40 0.0019822919862913374
41 0.0019600532055329646
42 0.0019822919862913374
43 0.0019090571367824838
44 0.001908126152555258
45 0.001830637851810363
46 0.001830637851810363
47 0.001830637851810363
48 0.001830637851810363
49 0.001830637851810363
50 0.001830637851810363
51 0.0017719177411573794
52 0.0016915821422259368
53 0.0017719177411573794
54 0.0017719177411573794
55 0.001796732452213885
