1 0.04335922972082394
2 0.02233309497499656
3 0.01504065579948748
4 0.011732849227247674
5 0.009115548969386352
6 0.007486086140298411
7 0.006528128137548864
8 0.005874416372505422
9 0.005222502510039091
10 0.004559920420263885
11 0.0042037155294132695
12 0.003916876882529318
13 0.0036462195877545404
14 0.003426742883961496
15 0.003190442139285223
16 0.003035146080457676
17 0.0028927456895580673
18 0.0027359522521583305
19 0.0026112512550195456
20 0.002473836233075799
21 0.002386321420978105
22 0.0022799602101319424
23 0.002204880217331521
24 0.002114477677782421
25 0.001972155212004518
26 0.001941568923098567
27 0.001893824338525123
28 0.001852006771431645
29 0.0018286263804867925
30 0.0017914373314306714
31 0.001693125637753883
32 0.0016842805108331
33 0.0016329788541484802
34 0.0014700399041497236
35 0.001467074866761386
36 0.0014245055430168931
37 0.0014012385098044232
38 0.001389005078573734
39 0.0013686090075426842
40 0.0013628183766928638
41 0.0013608946626665391
42 0.001353933705564421
43 0.0012776843290251024
44 0.0012698442283154124
45 0.0012686866066694525
46 0.001263210383124825
47 0.0012537798932426723
48 0.001241273360051028
49 0.0012397481526677432
50 0.000997312591601453
51 0.000986077606002259
52 0.0009805875681173153
53 0.000975657145014637
54 0.0009707844615492835
55 0.0009469121692625615
56 0.0009394559701690541
57 0.0009364713100711867
58 0.0009341590065362821
59 0.0009332960572486587
60 0.000932794535217231
61 0.0009229559140499497
62 0.0009157398984903589
63 0.0009143131902433963
64 0.0009119840840527769
65 0.0009115548969386351
66 0.0009027937927746472
67 0.0009026224703762807
68 0.0008983662261069425
69 0.0008957186657153357
70 0.0008936355895225497
71 0.0008920007313186651
72 0.0008859588705786897
73 0.0008835108470021751
74 0.0008819520869326083
75 0.0008695977093735722
76 0.0008671845944164787
77 0.0008621115392379302
78 0.0008606843797122512
79 0.0008517895526834016
80 0.0008493751656903955
81 0.0008465628188769415
82 0.0008457910711129684
83 0.0008441255990170359
84 0.0008424979118917247
85 0.0008424755262899169
86 0.0008421424595097243
87 0.00084214025541655
88 0.0008385945413197044
89 0.0008378374863314145
90 0.0008358532621617815
91 0.0008317873489220457
92 0.0008302133929663193
93 0.0008294657540679208
94 0.000827515573367352
95 0.0008274665024603778
96 0.000826498768445162
97 0.0008250876909545494
98 0.0008250162126086636
99 0.0008164894270742401
100 0.0004986562958007265
