2 0.01012091506562073
3 0.005720475065620731
4 0.004905387796069888
5 0.0038885447264378446
6 0.003175416733782532
7 0.002717350081274307
8 0.0024884047264378444
9 0.0023051277960698877
10 0.0023051277960698877
11 0.0023051277960698877
12 0.0023051277960698877
13 0.0023051277960698877
14 0.0023051277960698877
15 0.0023051277960698877
16 0.0023051277960698877
17 0.0023051277960698877
18 0.0023051277960698877
19 0.0023051277960698877
20 0.0023051277960698877
21 0.002317310081274307
22 0.0023051277960698877
23 0.0026486064327471415
24 0.0028468204592582307
25 0.005647100459258231
