16 0.04517409462847529
17 0.04517409462847529
18 0.04517409462847529
19 0.04517409462847529
20 0.04517409462847529
21 0.04345041991569023
22 0.04345041991569023
23 0.04345041991569023
24 0.04345041991569023
25 0.04345041991569023
26 0.04345041991569023
27 0.04345041991569023
28 0.04345041991569023
29 0.04345041991569023
30 0.04345041991569023
31 0.04345041991569023
32 0.04345041991569023
33 0.04345041991569023
34 0.04345041991569023
35 0.04345041991569023
36 0.04345041991569023
37 0.04345041991569023
38 0.04345041991569023
39 0.04345041991569023
40 0.04345041991569023
41 0.04345041991569023
42 0.04345041991569023
43 0.04345041991569023
44 0.04345041991569023
45 0.04345041991569023
46 0.04345041991569023
47 0.04345041991569023
48 0.04345041991569023
49 0.04345041991569023
50 0.04345041991569023
51 0.04345041991569023
52 0.04345041991569023
53 0.04345041991569023
54 0.04345041991569023
