1 0.016348081221731977
2 0.008481454292484699
3 0.005947041221731976
4 0.0046513584593196825
5 0.003893088085813096
6 0.0032321354697670253
7 0.0028929880858130958
8 0.002492948085813096
9 0.002287043459944591
10 0.0022574423313404856
11 0.0022574423313404856
12 0.0022574423313404856
13 0.0022574423313404856
14 0.0022574423313404856
15 0.0022574423313404856
16 0.002292928085813096
17 0.002292928085813096
18 0.002361145432213952
19 0.0024511384593196824
20 0.0024511384593196824
21 0.002492948085813096
22 0.002692968085813096
23 0.002692968085813096
24 0.0030511984593196823
25 0.0038512784593196826
