1 0.04029703880300113
2 0.020295038803001132
3 0.013680190642783226
4 0.01028666592404119
5 0.008279650642783225
6 0.007079530642783225
7 0.007079530642783225
8 0.007079530642783225
9 0.007079530642783225
10 0.007079530642783225
11 0.007079530642783225
12 0.007079530642783225
13 0.007079530642783225
14 0.007079530642783225
15 0.007079530642783225
16 0.007079530642783225
17 0.007079530642783225
18 0.007079530642783225
19 0.007079530642783225
20 0.007079530642783225
21 0.007079530642783225
22 0.007079530642783225
23 0.007079530642783225
24 0.007079530642783225
25 0.007079530642783225
26 0.007089385935787584
27 0.007086482700668428
28 0.00709370835659212
29 0.007285240502117576
30 0.007285240502117576
31 0.007285240502117576
32 0.007285240502117576
33 0.007285240502117576
34 0.007286502700668427
35 0.007286502700668427
36 0.007286502700668427
37 0.00749374835659212
38 0.007295475986031012
39 0.007295475986031012
40 0.007895535986031012
41 0.008095555986031011
42 0.009897618488268659
43 0.010088808572507319
44 0.010695815986031011
45 0.01049404835659212
46 0.01049404835659212
47 0.013685880502117578
48 0.015496295986031014
49 0.017695082139400096
50 0.016300256295800727
51 0.01769476835659212
52 0.018290806022255357
53 0.01688948857250732
54 0.016689468572507322
