6 0.011185123095304082
11 0.006703908998965139
16 0.005329945523293337
21 0.0043804638392958666
26 0.003476609417880609
31 0.0032248630431801744
34 0.003876324016940608
35 0.003946737115200742
36 0.0027459567777155447
37 0.003399661468288322
38 0.0027459567777155447
39 0.003430093109682688
40 0.0029408108245897588
41 0.002907243012705456
42 0.003463370726306119
43 0.002907243012705456
44 0.0032647808732603084
45 0.002435902686279824
46 0.002934325345458997
47 0.0034148000075512296
48 0.002934325345458997
49 0.003661275703620726
50 0.009534428016012902
