64 0.001604319563888428
65 0.0010046906805665304
66 0.001004259563888428
67 0.0008247638092121151
68 0.0008247638092121151
69 0.0008226279485345536
70 0.0008213733891728936
71 0.0008200825859600802
72 0.0008200022868475159
73 0.0008200022868475159
74 0.0008177485884833422
75 0.0008166295601703656
76 0.0008153649127724668
77 0.0008149520575574131
78 0.0008148704941103263
79 0.0008131528151711056
80 0.0008125087022936253
81 0.0008115995764848411
82 0.0008115995764848411
83 0.0008101868351517831
84 0.0008093315561920402
85 0.0008087143030898114
86 0.0008085622317852349
87 0.0008083424019919055
88 0.0008081752054936554
89 0.0008081752054936554
90 0.0008101010084698404
91 0.000807387931325218
92 0.0008071802497128752
93 0.0008071288501480334
94 0.0008061495898791708
95 0.0008059048086302449
96 0.0008058449150467798
97 0.0008057707430894107
98 0.0008046706805665303
99 0.000804304750905674
100 0.0006249254161024803
101 0.0006245266459724957
102 0.000623124139049239
103 0.0006230282859874163
104 0.0006225916755762712
105 0.0006220147755667865
106 0.0006219867469695288
107 0.0006204355702914039
108 0.0006202262079149284
109 0.0006200071146446409
110 0.0006199886267766002
111 0.0006194964544817046
112 0.0006186390157966559
113 0.0006186390157966559
114 0.0006185874170514459
115 0.0006183830612962215
116 0.0006179241841748599
117 0.0006177285884833422
118 0.0006166095601703657
119 0.0006165487861617814
120 0.0006163316563736269
121 0.0006162789639805425
122 0.0006158063779960403
123 0.0006144825272083285
124 0.000614073774061141
125 0.0006134699036370184
126 0.0006134092207096902
127 0.0006131328151711056
128 0.0006124535802468651
129 0.0006152955206708162
130 0.0006148979304577696
131 0.0006141801340782845
132 0.000614073774061141
133 0.0006132698904568205
134 0.0006131328151711056
135 0.0006121508323722004
136 0.0006124535802468651
137 0.0006114389460265597
138 0.0006110959528046234
139 0.0006110959528046234
140 0.0006105352117305931
141 0.0006096152477016834
142 0.0006096152477016834
143 0.0006097091242478707
144 0.0006096152477016834
145 0.0006093849039661427
146 0.0006093467620366789
147 0.0006091348632746734
148 0.0006089625983418244
149 0.0006089625983418244
150 0.0006086943030898114
151 0.0006086638511221135
152 0.0006086638511221135
153 0.0006083224019919055
154 0.0006082941611130763
155 0.0006082231828120797
156 0.0006081233738066365
157 0.0006080042009733343
158 0.0006078014351113019
159 0.0006076755581267577
160 0.0006076112859221653
161 0.0006074463878204342
162 0.000607391366623303
163 0.000607367931325218
164 0.0006072743077882941
165 0.0006072427704718563
166 0.00060719416097481
167 0.0006071602497128752
168 0.0006071288676254545
169 0.0006071088501480334
170 0.0006071035124582478
171 0.0006070245355075985
172 0.0006069826340391434
173 0.0006069568779118722
174 0.0006067633883122942
175 0.0006067089565174736
176 0.0006066037330527943
177 0.000606537780530493
178 0.0006064773598296037
179 0.0006064677189953377
180 0.0006061332842251551
181 0.0006061295898791709
182 0.0006061278953157735
183 0.0006059175862819311
184 0.0006058848086302449
185 0.0006058249150467798
186 0.0006057820384263109
187 0.0006057507430894107
188 0.0006056942507890231
189 0.0006056307932776324
190 0.0006051787587952257
191 0.0006051334725444074
192 0.0006046506805665303
193 0.0006045291309235171
194 0.0006045117670083584
195 0.000604284750905674
196 0.0006042507348068167
197 0.0006042195638884282
198 0.0006041401023188192
199 0.0006041250463549473
200 0.0004249054161024802
