1 0.08442406628589164
2 0.043478394137234186
3 0.029126302868632614
4 0.021950257234331826
5 0.017729053920037242
6 0.014774211600031034
7 0.01274453121953192
8 0.011141463366646455
9 0.010117688336243137
10 0.009237889350482866
11 0.008325336437669221
12 0.0077655220809092936
13 0.007169241199293071
14 0.006990524976645797
15 0.0063922632673561715
16 0.006058454979759691
17 0.005708668803714574
18 0.005455382876627489
19 0.005265035285449277
20 0.00476821389586298
21 0.004779494132862047
22 0.00442541303124658
23 0.004271392506276681
24 0.004271392506276681
25 0.004271392506276681
26 0.004271392506276681
27 0.004271392506276681
28 0.004271392506276681
29 0.004271392506276681
30 0.004271392506276681
31 0.004271392506276681
32 0.004281501602785931
33 0.004339781203852449
34 0.00442541303124658
35 0.00476821389586298
36 0.006199321036832047
37 0.006359294737938248
38 0.006475261673742728
39 0.006475261673742728
40 0.006641520079225131
41 0.006778766822388149
42 0.006814749648400162
43 0.00688397582638357
44 0.006814749648400162
45 0.0071140399959426425
46 0.007665643009559003
47 0.007342739529371666
48 0.00743129416972123
49 0.009161760319244058
50 0.01001356024391794
51 0.007887762085469294
52 0.008792830010262227
53 0.009081038852437889
55 0.01859287723959044
