14 0.008574913468574667
15 0.006956781674988578
16 0.006769668527822105
17 0.00484540502117576
18 0.004038649103841239
19 0.003816252305110516
20 0.003610489881505123
21 0.003572184402650041
22 0.003572184402650041
23 0.0032248630431801744
24 0.003032067079477287
25 0.002934325345458997
26 0.0028636465852395617
27 0.0028636465852395617
28 0.0028636465852395617
29 0.0028636465852395617
30 0.0028636465852395617
31 0.0028636465852395617
32 0.0028636465852395617
33 0.0022752604950967725
34 0.002116407047192354
35 0.00206878893341838
36 0.0020794683723051144
37 0.001938162008470304
38 0.001938162008470304
39 0.0020794683723051144
40 0.002116407047192354
41 0.002116407047192354
42 0.0018862481167706453
43 0.001764899058257546
44 0.001764899058257546
45 0.0017391954187471444
46 0.0017391954187471444
47 0.0017391954187471444
48 0.0017391954187471444
49 0.0017391954187471444
50 0.0017461046113257691
51 0.0017461046113257691
52 0.0017461046113257691
53 0.0017461046113257691
54 0.0017461046113257691
55 0.0018789119403381082
56 0.0018683180130725642
57 0.0018789119403381082
58 0.001973368557600371
59 0.0021252243939070387
60 0.0021252243939070387
