86 0.005606119135189681
87 0.005406099135189681
88 0.005205206572936875
89 0.005005614516255151
90 0.005005614516255151
91 0.005006932523212774
92 0.005006932523212774
93 0.005006932523212774
94 0.005006932523212774
95 0.005006932523212774
96 0.0048231915878650545
97 0.0036159358130814574
98 0.003611006319456009
99 0.003606277242419969
100 0.003611006319456009
101 0.003606277242419969
102 0.003606277242419969
103 0.003606277242419969
104 0.003410986319456009
105 0.003410986319456009
106 0.003605975920058873
107 0.003410986319456009
108 0.003606277242419969
109 0.003410986319456009
110 0.003605975920058873
111 0.003606277242419969
112 0.003606277242419969
113 0.003611006319456009
114 0.003606277242419969
115 0.003606277242419969
116 0.003806297242419969
117 0.003811026319456009
118 0.004006015920058873
119 0.004011046319456009
120 0.004011046319456009
121 0.005407297905037554
122 0.005407297905037554
123 0.008221729829083986
124 0.0062087503878778035
125 0.005809971964204023
127 0.006623176425187276
