51 0.009006606820292381
52 0.008006506820292381
53 0.007606466820292381
54 0.007606466820292381
55 0.006806386820292381
56 0.006406346820292381
57 0.006206326820292381
58 0.006806386820292381
59 0.005406246820292381
60 0.005406246820292381
61 0.006006306820292381
62 0.004806186820292381
63 0.005006206820292381
64 0.005406246820292381
65 0.005606266820292381
66 0.005406246820292381
67 0.004606166820292381
68 0.002005906820292381
69 0.0018107185577131606
70 0.0018107185577131606
71 0.0018058868202923811
72 0.001605866820292381
73 0.001605866820292381
74 0.001417213069641733
75 0.001412286441726621
76 0.0012181923526624393
77 0.0012244816494759235
78 0.0012142900144071528
79 0.0012142900144071528
80 0.001205826820292381
81 0.0012106585577131605
82 0.001205826820292381
83 0.0010244616494759235
84 0.0010244616494759235
85 0.0010244616494759235
86 0.0010244616494759235
87 0.0010244616494759235
88 0.0010244616494759235
89 0.0010244616494759235
90 0.0010244616494759235
91 0.0010244616494759235
92 0.0010244616494759235
93 0.0010244616494759235
94 0.0010244616494759235
95 0.0010244616494759235
96 0.0010244616494759235
97 0.0010244616494759235
98 0.0010244616494759235
99 0.0010244616494759235
100 0.0010244616494759235
101 0.001414008884133214
102 0.0016204135626571618
103 0.001216147202229862
104 0.0014083875641940254
105 0.0014219893982304205
106 0.001217385582434088
107 0.001414203396021004
108 0.001222262520724967
109 0.0014079469692733354
110 0.0012122084319642324
111 0.001215755785181427
113 0.001217193069641733
114 0.001211940708740756
115 0.0016173981505157664
116 0.001422031793481971
117 0.0014064208410732454
118 0.0014234669867471772
119 0.0016166254048157048
