10 0.0031691069416685674
11 0.0031260593483717746
12 0.0023259793483717747
13 0.0020540159750567742
14 0.0020260135645915273
15 0.0020260135645915273
16 0.0018519940685141063
17 0.0018259935645915269
18 0.0018259935645915269
19 0.0015258993483717746
20 0.0014511359383430934
21 0.0014511359383430934
22 0.0014511359383430934
23 0.0014511359383430934
24 0.0014511359383430934
25 0.0014511359383430934
26 0.0014511359383430934
27 0.0014539559750567739
28 0.0014761900093815659
29 0.0018511759383430934
30 0.0019259393483717748
