2 0.008714022540949384
3 0.006113762540949384
4 0.0045136025409493845
5 0.0045136025409493845
6 0.0045136025409493845
7 0.0045136025409493845
8 0.0045136025409493845
9 0.0045136025409493845
10 0.0045136025409493845
11 0.0045136025409493845
12 0.0045136025409493845
13 0.0045136025409493845
14 0.0045136025409493845
15 0.0045136025409493845
16 0.0045136025409493845
17 0.0045136025409493845
18 0.0045136025409493845
19 0.0045136025409493845
20 0.0045136025409493845
21 0.0045136025409493845
22 0.004660737547296297
23 0.0046858467023150165
24 0.0050575458668133295
26 0.006899570640252857
