19 0.030460357059503243
20 0.030460357059503243
21 0.030460357059503243
22 0.030988983905356746
23 0.030988983905356746
24 0.0235884455132779
25 0.0235884455132779
26 0.0235884455132779
27 0.0235884455132779
28 0.0235884455132779
29 0.0235884455132779
30 0.0235884455132779
31 0.0235884455132779
32 0.0235884455132779
33 0.0235884455132779
34 0.0235884455132779
35 0.0235884455132779
36 0.0235884455132779
37 0.0235884455132779
38 0.0235884455132779
39 0.0235884455132779
40 0.0235884455132779
41 0.0235884455132779
42 0.023682055419967436
43 0.0235884455132779
44 0.024165362673436164
45 0.024165362673436164
46 0.024165362673436164
47 0.024165362673436164
48 0.024368757883421056
49 0.024645709758312474
50 0.024368757883421056
51 0.024645709758312474
52 0.024645709758312474
53 0.028662359339437185
54 0.028662359339437185
56 0.04752298229827677
57 0.04447022992537508
61 0.03555042863493355
