58 0.008406546820292382
59 0.009406646820292382
60 0.005406246820292381
61 0.005606266820292381
62 0.0040061068202923815
63 0.004206126820292381
64 0.003806086820292381
65 0.003606066820292381
66 0.0032060268202923807
67 0.0030060068202923808
68 0.002805986820292381
69 0.002605966820292381
70 0.002605966820292381
71 0.002205926820292381
72 0.002405946820292381
73 0.002605966820292381
74 0.002405946820292381
75 0.002205926820292381
76 0.002605966820292381
77 0.002005906820292381
78 0.002005906820292381
79 0.002405946820292381
80 0.0018195618511574897
81 0.002005906820292381
82 0.0018058868202923811
83 0.0018195618511574897
84 0.0018079869692733353
85 0.0016195418511574895
86 0.0016195418511574895
87 0.0016195418511574895
88 0.0018064949126132906
89 0.001416371367413377
90 0.0016079669692733354
91 0.0016079669692733354
92 0.001605866820292381
93 0.001416371367413377
94 0.001416371367413377
95 0.001416371367413377
96 0.001416371367413377
97 0.001416371367413377
98 0.001418303511908892
99 0.0016237955054639905
100 0.0014173574502410707
101 0.0014217771571024735
102 0.0016062592873085967
103 0.001620114780662485
104 0.0014115568003694949
105 0.0014115568003694949
106 0.0012145500078676642
107 0.0012145500078676642
108 0.0014048049404459643
109 0.0012186020669985897
110 0.0014106785577131604
111 0.0012108066760109404
112 0.0012108066760109404
113 0.001214183396021004
114 0.001205826820292381
115 0.0010106385577131605
116 0.0010106385577131605
117 0.0010116146528749317
118 0.0010116146528749317
119 0.0016075456778835372
