1 0.016224849812864282
2 0.008575956733782532
3 0.005905487796069888
4 0.004505347796069889
5 0.003905287796069888
6 0.0031634976587072085
7 0.002840656861796764
8 0.0025051477960698876
9 0.0022637758850329536
10 0.0022637758850329536
11 0.0022637758850329536
12 0.0022637758850329536
13 0.0022637758850329536
14 0.0022637758850329536
15 0.0022637758850329536
16 0.0022637758850329536
17 0.0022637758850329536
18 0.0022637758850329536
19 0.0023032831305202905
20 0.0022637758850329536
21 0.002317310081274307
22 0.002563026553306117
23 0.002989796578655486
24 0.005064055885032954
25 0.004505347796069889
