35 0.001424435869984566
36 0.0014235614351126803
37 0.0014212102451308774
38 0.0016054162122966077
39 0.001406234861601388
40 0.0012247479764357016
41 0.0012244158699845661
42 0.0012244409631686918
43 0.0014046228409950183
44 0.0014058555152726214
45 0.0012134188290894483
46 0.0012126729895441013
47 0.0012133683865394266
48 0.0012133683865394266
49 0.0012058355152726214
50 0.0012057334132745193
51 0.0012133683865394266
52 0.0010213607454535607
53 0.0010208894998913428
54 0.0010188119617567523
55 0.0010180330622886157
56 0.0010177774616657248
57 0.0010213607454535607
58 0.001013945404840611
59 0.0010133483865394266
60 0.0010124111998738778
61 0.0010119661426185199
62 0.0010108028534061217
63 0.0010156251825632972
64 0.0010156251825632972
65 0.0010053562122966078
66 0.0010046300627782015
67 0.0008247079764357015
68 0.0010059646084983004
69 0.00082310812639399
70 0.0008220994601113247
71 0.0008209182055388533
72 0.0008202315231935871
73 0.0008198287411915636
74 0.0008197260401536357
75 0.0008244012924244193
76 0.0008162529701758806
77 0.0008160459050538445
78 0.0008152285966859803
79 0.0008143971535769398
80 0.0008137063194378981
81 0.0008134473177898367
82 0.0008133788290894482
83 0.0008133283865394265
84 0.0008129257928249699
85 0.0008126329895441013
86 0.0008119880163094564
87 0.0008103153134533787
88 0.0008099776216032918
89 0.0008096999555489905
90 0.0008086821204812032
91 0.0008085434243871425
92 0.0008077674704325675
93 0.0008073986515179418
94 0.0008064011227981562
95 0.000806174861601388
96 0.0008059446084983003
97 0.0008056934132745192
98 0.0008048642951389174
99 0.0008045628409950182
100 0.000624701944508009
101 0.0006241501608049169
102 0.0006240228009604491
103 0.0006235605605021451
104 0.0006228005136881355
105 0.0006224078472200597
106 0.0006220794601113247
107 0.0006218591469432896
108 0.0006213207454535606
109 0.000621091734470046
110 0.0006209151944781808
111 0.0006205949786154343
112 0.0006202115231935872
113 0.0006198078430475417
114 0.00061978911594076
115 0.0006197060401536358
116 0.0006193647692462061
117 0.0006187220821744959
118 0.000618456036491703
119 0.0006179667059921852
120 0.000617251304331324
121 0.0006169491712439759
122 0.0006168996142961155
123 0.0006169510241632571
124 0.0006162329701758806
125 0.0006162159972735689
126 0.0006157936776771106
127 0.0006152730851735887
128 0.000614637549407988
129 0.0006143771535769398
130 0.0006139054048406109
131 0.0006136863194378981
132 0.0006136863194378981
133 0.0006133626193820492
134 0.0006133626193820492
135 0.0006133588290894482
136 0.0006132006336402374
137 0.0006131235499379524
138 0.0006123711998738777
139 0.0006120226162212094
140 0.0006119680163094565
141 0.0006121795646719145
142 0.0006119261426185197
143 0.0006118540765928845
144 0.0006118540765928845
145 0.0006117489450387463
146 0.000610601596226794
147 0.0006103621002295337
148 0.0006102461163645529
149 0.0006101832297036095
150 0.000610162137726411
151 0.0006100457889772754
152 0.000610601596226794
153 0.0006102461163645529
154 0.0006100457889772754
155 0.0006100429643686141
156 0.0006099764285318122
157 0.0006098234126704933
158 0.0006097856930042775
159 0.0006094378899291011
160 0.0006093276237265442
161 0.000609315541882541
162 0.0006091329283657691
163 0.000608835859892966
164 0.0006088248634835582
165 0.0006087240702991798
166 0.0006086621204812032
167 0.0006086145433764657
168 0.0006086145433764657
169 0.0006085234243871425
170 0.0006083945731298051
171 0.0006082407750956523
172 0.0006081421485843862
173 0.0006080572730842782
174 0.0006077962044552041
175 0.0006077474704325675
176 0.0006075067587887503
177 0.0006075058449738408
178 0.0006073786515179418
179 0.0006071854516705869
180 0.0006069811955983417
181 0.0006063977443836056
182 0.0006063811227981562
183 0.0006062424831520128
184 0.0006061677833919505
185 0.000606154861601388
186 0.0006061152252744927
187 0.0006059246084983003
188 0.0006058627431860952
189 0.0006057755152726215
190 0.0006056734132745192
191 0.0006086621204812032
192 0.0006053162122966079
193 0.0006048442951389174
194 0.0006047644991334482
195 0.0006045900627782016
196 0.0006045428409950182
