17 0.007268427778469654
18 0.00704673625337296
19 0.007068407778469655
20 0.006689773941019109
21 0.006486217356518422
22 0.005688564882551203
23 0.0052164573868560896
24 0.005016437386856089
25 0.005016437386856089
26 0.005016437386856089
27 0.005007345562349168
28 0.005007345562349168
29 0.005007345562349168
30 0.005007345562349168
31 0.005007345562349168
32 0.005007345562349168
33 0.005007345562349168
34 0.005007345562349168
35 0.005007345562349168
36 0.005007345562349168
37 0.005007345562349168
38 0.005007345562349168
39 0.005007345562349168
40 0.005016437386856089
41 0.005016437386856089
42 0.005042728263036812
43 0.005098221983276971
44 0.013100501889022903
45 0.008498561983276972
46 0.0130241230427086
47 0.008268527778469655
48 0.012689264882551203
