77 0.0014172783123107993
78 0.0014172783123107993
79 0.0014172783123107993
80 0.0014057224811320134
81 0.0014057224811320134
82 0.0014057224811320134
83 0.0014090703283976345
84 0.0012052330458380547
85 0.0012052330458380547
86 0.00101808320024527
87 0.00101808320024527
88 0.00101808320024527
89 0.00101808320024527
90 0.00101808320024527
91 0.00101808320024527
92 0.00101808320024527
93 0.00101808320024527
94 0.00101808320024527
95 0.00101808320024527
96 0.00101808320024527
97 0.0010185820669985897
98 0.001010853910516221
99 0.0010106385577131605
100 0.0010106385577131605
101 0.001010853910516221
102 0.0010063808410732454
103 0.0010063808410732454
104 0.0010063808410732454
105 0.0010063808410732454
106 0.0010063808410732454
107 0.0010063808410732454
108 0.0010063808410732454
109 0.0010063808410732454
110 0.0010042641376243307
111 0.0010042641376243307
112 0.0010042641376243307
113 0.0010042641376243307
114 0.0010042641376243307
115 0.0010074856778835373
116 0.0010116146528749317
117 0.0010074856778835373
118 0.0010074856778835373
119 0.0010106385577131605
120 0.0010116146528749317
121 0.00101808320024527
122 0.001019293262362231
123 0.001208242487677393
124 0.0016106985577131604
125 0.0020198752781983454
126 0.00101808320024527
131 0.0012197800016900716
