1 0.016239076947268345
2 0.008263846626721805
3 0.005656884382151499
4 0.0045136025409493845
5 0.0045136025409493845
6 0.0045136025409493845
7 0.0045136025409493845
8 0.0045136025409493845
9 0.0045136025409493845
10 0.0045136025409493845
11 0.0045136025409493845
12 0.0045136025409493845
13 0.0045136025409493845
14 0.0045136025409493845
15 0.0045136025409493845
16 0.0045136025409493845
17 0.0045136025409493845
18 0.0045136025409493845
19 0.0045136025409493845
20 0.0045136025409493845
21 0.0045136025409493845
22 0.004655419220537139
23 0.004655419220537139
24 0.00785782586681333
25 0.008286206702315016
