21 0.004467363908876126
22 0.003469810118994939
23 0.003469810118994939
24 0.003298060320273941
25 0.003298060320273941
26 0.0032856895966164304
27 0.0032856895966164304
28 0.003066314998443053
29 0.003066314998443053
30 0.003066314998443053
31 0.003066314998443053
32 0.003066314998443053
33 0.003066314998443053
34 0.003066314998443053
35 0.003066314998443053
36 0.003066314998443053
37 0.003066314998443053
38 0.003066314998443053
39 0.003066314998443053
40 0.003066314998443053
41 0.003087047832028583
42 0.003087047832028583
43 0.003087047832028583
44 0.003087047832028583
45 0.003098161337599307
46 0.0032735584941714015
47 0.0032735584941714015
48 0.0032735584941714015
49 0.0039000520719438734
50 0.004624516933846558
51 0.0052967117581013586
52 0.0038963038978752267
53 0.004076102400309548
