5 0.003019060144564699
6 0.0018317689534857065
7 0.0016438440600261073
8 0.0016438440600261073
9 0.0014438240600261074
10 0.0014438240600261074
11 0.0012188801445646988
12 0.0012188801445646988
13 0.001205665709138898
14 0.0011675276024742448
15 0.0010437840600261074
16 0.0010144202932466247
17 0.0008883604938226281
18 0.0008883604938226281
19 0.0008883604938226281
20 0.0009041239360438695
21 0.0009197012071932851
22 0.0009197012071932851
23 0.0009675076024742449
24 0.0010188601445646989
25 0.0009675076024742449
26 0.001060287365978533
