1 0.09249884351907967
2 0.04624942175953983
3 0.03079335655677392
4 0.02336588545881455
5 0.018948888565162757
6 0.015712413278168705
7 0.013604330251911722
8 0.011912020037827025
9 0.010474942185445802
10 0.009522674714041638
11 0.00873244439669708
12 0.008104561227619319
13 0.007435771945187554
14 0.006937413263930974
15 0.006405578496409692
16 0.005961718954233952
17 0.005853294219947285
18 0.005270365339612644
19 0.005148726269809386
20 0.004761337357020819
21 0.004761337357020819
22 0.004761337357020819
23 0.004761337357020819
24 0.004761337357020819
25 0.004761337357020819
26 0.004761337357020819
27 0.004761337357020819
28 0.004761337357020819
29 0.004761337357020819
30 0.004761337357020819
31 0.004761337357020819
32 0.004761337357020819
33 0.004761337357020819
34 0.004761337357020819
35 0.004761337357020819
36 0.004762665656213901
37 0.004829652038215575
38 0.0049037759185018345
39 0.0049741452229347186
40 0.005349153902419959
41 0.005349153902419959
42 0.005755198787456681
43 0.006409439103074169
44 0.005394233058253553
45 0.006878938220670898
46 0.005878099468457687
47 0.005878099468457687
48 0.005878099468457687
49 0.005884708757866817
50 0.006583063124875227
51 0.00663801883775849
52 0.007073060523307518
53 0.006308568735988186
54 0.006900307249333956
58 0.010157166999838587
