109 0.0012247479764357016
110 0.001221868495431551
111 0.001221868495431551
112 0.0010247279764357016
113 0.0010247279764357016
116 0.0010226541825177776
117 0.0010226541825177776
118 0.0010107252163427422
119 0.0010226541825177776
120 0.0010107252163427422
121 0.0010084740863975628
122 0.0010082807750956522
123 0.0010084740863975628
124 0.0010082807750956522
125 0.0010064211227981564
126 0.0010064211227981564
127 0.0010064211227981564
128 0.0008220939475156332
129 0.0008238547022369505
130 0.0008238547022369505
131 0.0008238547022369505
132 0.0008238547022369505
133 0.0008238547022369505
134 0.0008238547022369505
135 0.0008238547022369505
138 0.0010244212924244195
