10 0.0031497518986684705
11 0.0031497518986684705
12 0.0025148726446342475
13 0.0025148726446342475
14 0.0017496118986684707
15 0.0017496118986684707
16 0.0017147926446342476
17 0.0014752153540362424
18 0.0014752153540362424
19 0.0012678688648007635
20 0.0012414312161622794
21 0.0011474199686562745
22 0.0011258593483717747
23 0.0011147326446342477
24 0.0010732969340072074
25 0.0010519140685141062
26 0.001025913564591527
27 0.0010130925305787387
28 0.0010028515107288385
29 0.0010028515107288385
30 0.0010028515107288385
31 0.0010130925305787387
32 0.0010146025539988228
