84 0.00702554973388782
85 0.00660945186157461
86 0.00642548973388782
87 0.0064094318615746096
88 0.00642548973388782
89 0.00662550973388782
90 0.006017347610256234
91 0.006217367610256233
92 0.006217367610256233
93 0.006217367610256233
94 0.006008779284526601
95 0.005004617369276051
96 0.00440923186157461
97 0.004211124928619319
98 0.0038110849286193188
99 0.0038110849286193188
100 0.0038110849286193188
101 0.003611064928619319
102 0.0036084215789209556
103 0.00360915186157461
104 0.003611064928619319
105 0.0034156480744797066
106 0.0034156480744797066
107 0.0034156480744797066
108 0.0034156480744797066
109 0.0034156480744797066
110 0.00380917186157461
111 0.0038084415789209555
112 0.003611064928619319
113 0.004210222129768025
114 0.004011104928619319
115 0.004421118269375801
116 0.004624467537383271
117 0.00542291207072136
118 0.004624467537383271
119 0.004624467537383271
120 0.004824487537383271
121 0.005424547537383271
122 0.005820721284411468
123 0.006420607031867023
125 0.006405826595125048
126 0.006023311587865054
