19 0.008064495126592897
20 0.008064495126592897
21 0.008064495126592897
22 0.008064495126592897
23 0.008064495126592897
24 0.008064495126592897
25 0.008064495126592897
26 0.008278086971969408
27 0.008278086971969408
28 0.008278086971969408
29 0.008278086971969408
30 0.008278086971969408
31 0.008278086971969408
32 0.008278086971969408
33 0.008278086971969408
34 0.008278086971969408
35 0.008278086971969408
36 0.008878146971969408
37 0.008878146971969408
38 0.008878146971969408
39 0.008878146971969408
40 0.009278186971969409
41 0.009278186971969409
42 0.009278186971969409
43 0.00929003394101911
