33 0.04599142810705375
34 0.04911247054671954
35 0.04848826205878638
36 0.025637474542790202
37 0.024119136152576215
38 0.025637474542790202
39 0.025637474542790202
40 0.024119136152576215
41 0.02352598649031826
42 0.023472059927654002
43 0.023472059927654002
44 0.019809401405848893
45 0.019809401405848893
46 0.01970913533212029
47 0.017667172733954108
48 0.017667172733954108
49 0.01722754315993291
50 0.019740878886554056
51 0.017949551572627728
52 0.018470421805326865
53 0.019186965584149777
54 0.019809401405848893
55 0.0186330522817455
56 0.01975803710224596
57 0.0366959543655021
58 0.019740878886554056
59 0.055758102160108125
