11 0.002297960320273941
12 0.0022961438978752265
13 0.0026961838978752264
14 0.0018893365183029424
15 0.0016979003202739408
16 0.0016814977373753018
17 0.0016392759895387486
18 0.0014978803202739409
19 0.001454822304059726
20 0.0012997920719438733
21 0.0012960438978752264
22 0.0012930851303418309
23 0.0012792026880974377
24 0.0012604569333520429
25 0.0010997720719438733
26 0.0010960238978752264
27 0.001091792559027398
28 0.001082277911539161
29 0.0010670239088761248
30 0.001060436933352043
31 0.0010466827941971418
32 0.0010388184315657887
33 0.001015969377880259
34 0.000897941337599307
35 0.0008917725590273978
36 0.0008892365183029422
37 0.0008852566000791147
38 0.000882257911539161
39 0.0008791626880974377
40 0.0008699844326938099
41 0.0008667641933585103
42 0.0008588930913269715
43 0.0008536582461332221
44 0.0008465093316885449
45 0.000824223440015207
46 0.0008235217824772247
47 0.0008196096045168149
48 0.0008156244914239283
49 0.0008098210144268331
50 0.0006997320719438732
51 0.000697800320273941
52 0.0006962517581013579
53 0.0006962517581013579
54 0.0006962517581013579
55 0.0006962517581013579
56 0.0006962517581013579
57 0.0006962517581013579
58 0.000697800320273941
59 0.000697800320273941
60 0.000697921337599307
61 0.000697800320273941
62 0.000697800320273941
63 0.0006997320719438732
64 0.0006962517581013579
65 0.0006962517581013579
66 0.001097961337599307
67 0.0010892565183029423
68 0.001097961337599307
