60 0.006418917737388358
61 0.005818857737388359
62 0.005218797737388359
63 0.005218797737388359
64 0.0044187177373883595
65 0.004218697737388359
66 0.004618737737388358
67 0.004618737737388358
68 0.0030185777373883584
69 0.004218697737388359
70 0.0030185777373883584
71 0.002424212497188699
72 0.0022184977373883585
73 0.0022184977373883585
74 0.0018184577373883586
75 0.0022184977373883585
76 0.0018184577373883586
77 0.0016241324971886986
78 0.0016241324971886986
79 0.0016184377373883584
80 0.0014241124971886986
81 0.0014184177373883584
82 0.0014130133145709776
83 0.0014130133145709776
84 0.0014193881187441928
85 0.0014241124971886986
86 0.0014130133145709776
87 0.0014130133145709776
88 0.0014130133145709776
89 0.0014130133145709776
90 0.0014130133145709776
91 0.0014130133145709776
92 0.0014241124971886986
93 0.0014130133145709776
94 0.0014130133145709776
95 0.0014130133145709776
96 0.0014130133145709776
97 0.004818757737388359
98 0.0020115129449226683
99 0.0014092863397821797
100 0.0016160987963675143
101 0.0014146411205273204
102 0.0014097450200658934
103 0.0012093676831873542
104 0.0012217327215728524
105 0.0012096800594522073
106 0.0012116270120780415
107 0.0012178158604791147
108 0.0012241801443684131
109 0.0012123158510253251
110 0.0010219198980341516
111 0.0010219198980341516
112 0.0010219198980341516
113 0.0010219198980341516
114 0.0010219198980341516
115 0.0012200151568653099
116 0.0012235707125294068
117 0.0016184457934235355
118 0.001408402113834468
119 0.0012241801443684131
122 0.0014102442806465977
