3 0.005950400922894546
4 0.004550260922894547
5 0.004136053950384039
6 0.003317410081274307
7 0.0028638358850329535
8 0.0024637958850329536
9 0.0022637758850329536
10 0.0022637758850329536
11 0.0022637758850329536
12 0.0022637758850329536
13 0.0022637758850329536
14 0.0022637758850329536
15 0.0022637758850329536
16 0.0022637758850329536
17 0.0022637758850329536
18 0.0022637758850329536
19 0.002317310081274307
20 0.0022637758850329536
21 0.0022637758850329536
22 0.0028468204592582307
23 0.0031898165786554853
24 0.0028638358850329535
