6 0.002862402329527996
7 0.002262342329527996
8 0.0016622823295279958
9 0.001565682215456232
10 0.0014171661389345554
11 0.0013075391021552213
12 0.0013075391021552213
13 0.0012747326096474746
14 0.001133557877528728
15 0.001107519102155221
16 0.0011115762256207647
17 0.001133557877528728
18 0.001140876314846024
19 0.001140876314846024
20 0.0012171461389345554
21 0.0012286764419064161
22 0.001287303801009771
23 0.0014268775860854527
24 0.0016189808335183905
25 0.00225851554042988
26 0.00205849554042988
27 0.0014223285889952036
