3 0.004100874188126189
4 0.0031538995103313513
5 0.0021537995103313515
6 0.0018701997529274412
7 0.0017006341881261888
8 0.0015006141881261888
9 0.001430868553691179
10 0.001230848553691179
11 0.0011629944144096057
12 0.001072645724591851
13 0.0010371958201136485
14 0.0009576695031467902
15 0.0009536795103313512
16 0.0009061180022080597
17 0.0008922259829506941
18 0.000849225326331273
19 0.0008299799554268326
20 0.0008209476394775957
21 0.0008090847800398492
22 0.0007629544144096055
23 0.0007279575723052496
24 0.0007112361570309985
25 0.0007060980022080597
26 0.0007005341881261887
27 0.0007005341881261887
28 0.0007005341881261887
29 0.0007005341881261887
30 0.0007547383292265566
