73 0.007009163424387143
74 0.007009163424387143
75 0.007009163424387143
76 0.007009163424387143
77 0.007009163424387143
78 0.007009163424387143
79 0.007009163424387143
80 0.007009163424387143
81 0.00442476129242442
82 0.00442476129242442
83 0.004410356428531813
84 0.004406622483152014
85 0.004410356428531813
86 0.004410356428531813
87 0.004410356428531813
88 0.004410356428531813
89 0.004410356428531813
90 0.004410356428531813
91 0.004410356428531813
92 0.004410356428531813
93 0.004410356428531813
94 0.00442476129242442
95 0.00442476129242442
96 0.00442476129242442
97 0.00442476129242442
98 0.00442476129242442
99 0.00442476129242442
100 0.00442476129242442
101 0.00442476129242442
102 0.00442476129242442
103 0.00442476129242442
104 0.00442476129242442
105 0.00442476129242442
106 0.00442476129242442
107 0.00442476129242442
108 0.00442476129242442
109 0.00442476129242442
110 0.00442476129242442
111 0.00442476129242442
112 0.00442476129242442
113 0.00442476129242442
114 0.00442476129242442
115 0.00442476129242442
116 0.005024820963168692
117 0.005210436428531813
118 0.005621449201518371
119 0.005621449201518371
120 0.005621449201518371
121 0.005405796212296608
122 0.005405796212296608
123 0.005405796212296608
124 0.0058105629643686145
125 0.0058105629643686145
126 0.013410125758030545
127 0.011013801010881705
