18 0.04075686141648148
19 0.04075686141648148
20 0.04075686141648148
21 0.04075686141648148
22 0.04075686141648148
23 0.022118764068002
24 0.022118764068002
25 0.022118764068002
26 0.022118764068002
27 0.022118764068002
28 0.022118764068002
29 0.022118764068002
30 0.022118764068002
31 0.022118764068002
32 0.022118764068002
33 0.022118764068002
34 0.022118764068002
35 0.022118764068002
36 0.022118764068002
37 0.022118764068002
38 0.022118764068002
39 0.022118764068002
40 0.022118764068002
41 0.022118764068002
42 0.023839607436895602
43 0.023839607436895602
44 0.023839607436895602
45 0.0265806298341192
46 0.02493107539310772
47 0.02493107539310772
48 0.02493107539310772
49 0.02493107539310772
50 0.02493107539310772
51 0.02493107539310772
52 0.02493107539310772
53 0.02493107539310772
54 0.04170229204786029
55 0.03380607965569674
56 0.043938441473882525
62 0.04317442579231897
