1 0.016290304864416558
2 0.008292181176485875
3 0.005689244864416559
4 0.004291781176485876
5 0.0034890248644165586
6 0.0030424739885945968
7 0.0026497922039594455
8 0.0022950235250004457
9 0.002089063893821605
10 0.0018949835250004457
11 0.0018691650282748116
12 0.0016840471092457563
13 0.0016423339885945968
14 0.0014915011764858755
15 0.0014546301832861664
16 0.001297267256378717
17 0.0012888048644165582
18 0.0012840071092457563
19 0.0012691050282748115
20 0.0010962292292935123
21 0.0010889638938216051
22 0.0010887848644165583
23 0.0010887848644165583
24 0.0012501438155294044
