34 0.0036128036531605503
35 0.0036128036531605503
36 0.0036128036531605503
37 0.003613426498966044
38 0.003610244601331043
39 0.0034251897338878194
40 0.0034211176766562102
41 0.003406324005318277
42 0.003020670678397697
43 0.0026228106523860217
44 0.0026228106523860217
45 0.0026224739201903186
46 0.0026224739201903186
47 0.002622621033514246
48 0.0024161841746764045
49 0.0024140257541319403
50 0.0024134183925376787
51 0.0024108863194560086
52 0.0024104819229143204
53 0.002407416745161762
54 0.002407416745161762
55 0.002407416745161762
56 0.0022108663194560087
57 0.0022108663194560087
58 0.0022104413357126843
59 0.0022095216561206095
60 0.0022081188176769568
61 0.0022081188176769568
62 0.002206718604786609
63 0.002206204005318277
64 0.002206204005318277
65 0.002205759005126323
66 0.0020213792123487347
67 0.0020213792123487347
68 0.002023112912342741
69 0.002208139282693906
70 0.0022095216561206095
71 0.0022116830589244746
72 0.0022213992123487347
73 0.0022213992123487347
74 0.002205759005126323
75 0.002223132912342741
76 0.002406997905037554
77 0.002223132912342741
78 0.0024057991351896808
79 0.0024090318615746097
80 0.002225069733887819
81 0.002225069733887819
82 0.0022227706523860217
83 0.002223132912342741
84 0.0024108863194560086
85 0.0024109867379223434
86 0.0024170080943951857
87 0.002606636884989282
88 0.002420610678397697
89 0.0024182103402294714
90 0.002606244005318277
91 0.00262103767665621
92 0.0026109063194560086
93 0.002606758604786609
94 0.002806264005318277
95 0.002805819005126323
96 0.002820650678397697
97 0.002810532865291457
98 0.002810532865291457
99 0.0030043031829781897
100 0.0030129402160597686
101 0.00301274365316055
102 0.0030134783925376786
103 0.0030110467379223433
104 0.0030210924154650976
105 0.003010552865291457
106 0.003021209829083986
107 0.0030210924154650976
108 0.0032117712053326575
109 0.0032117712053326575
110 0.003207496745161762
111 0.003208390840395927
112 0.00321154232607688
113 0.0032228711862516087
114 0.0032088891110025448
115 0.003413083944077985
116 0.0034099926981715095
117 0.0036044773692760507
118 0.0036252097338878193
119 0.003820955342840537
120 0.0038227423098147043
121 0.0038147083724143346
122 0.003610244601331043
123 0.00380917186157461
124 0.004422802309814705
126 0.004823766939997916
127 0.0056238469399979155
