23 0.0056682677784696545
24 0.0056682677784696545
25 0.005075690393850317
26 0.005082955034589584
27 0.005068207778469654
28 0.005075690393850317
29 0.004877746971969408
30 0.005068207778469654
31 0.004889593941019109
32 0.0042891262920962256
33 0.005075690393850317
34 0.004857549297692267
35 0.004689573941019109
36 0.005075690393850317
37 0.005075690393850317
38 0.005075690393850317
39 0.005075690393850317
40 0.0050892062920962254
41 0.0050892062920962254
42 0.0050892062920962254
43 0.005275710393850317
44 0.005464235126592897
45 0.007889486292096225
46 0.006047759140631863
47 0.008068507778469654
48 0.008068507778469654
49 0.008868587778469654
50 0.008868587778469654
51 0.009068607778469654
52 0.009475071451905334
53 0.009275051451905334
54 0.009668667778469654
55 0.009668667778469654
