63 0.0010103528652914574
64 0.0010103528652914574
65 0.0010103528652914574
66 0.0010099021297680247
67 0.0010099021297680247
68 0.0010099021297680247
69 0.0010094818684471699
70 0.0010094818684471699
71 0.0010094919642040226
72 0.0008192763230802262
73 0.0008192763230802262
74 0.0008192763230802262
75 0.0008192763230802262
76 0.0008127202160597684
77 0.0008127202160597684
78 0.0008127202160597684
79 0.0008127202160597684
80 0.0008127202160597684
81 0.0008103328652914572
82 0.0008103964761343666
83 0.0008107849286193185
84 0.0008107849286193185
85 0.0008107849286193185
86 0.0008107849286193185
87 0.0008079627819929341
88 0.0008079627819929341
89 0.0008079992826939058
90 0.0008079992826939058
91 0.0008081415789209553
92 0.0008081415789209553
93 0.0008081415789209553
94 0.0008050125110501727
95 0.0008050125110501727
96 0.0008050125110501727
97 0.000804766572936874
98 0.000804766572936874
99 0.0008048980231773837
100 0.000624067537383271
101 0.000624067537383271
102 0.0006220812774951272
103 0.0006220812774951272
104 0.0006223249198297301
105 0.0006206353428405367
106 0.0006192563230802262
107 0.0006192563230802262
108 0.0006192563230802262
109 0.0006192563230802262
110 0.0006192563230802262
111 0.0006188344974053993
112 0.0006188262895831492
113 0.0006164747602272031
114 0.0006160041746764044
115 0.0006159728265377161
116 0.0006163603956985126
117 0.0006157745818532372
118 0.0006146131995398759
119 0.0006143203517914765
120 0.0006141601758852081
121 0.0006140359887866521
122 0.0006157745818532372
123 0.0006157745818532372
124 0.0006157745818532372
125 0.0006157745818532372
126 0.0006124298456722512
127 0.0006122982591497685
128 0.0006113409560719922
129 0.00061128232607688
130 0.0006113409560719922
131 0.0006109886702412007
132 0.000610770589531031
133 0.0006107649286193186
134 0.0006107334666644014
135 0.0006107334666644014
136 0.0006107063194560086
137 0.0006104386014927014
138 0.000610408115149816
139 0.0006103764761343667
140 0.0006103128652914572
141 0.0006103019229143204
142 0.0006098621297680247
143 0.0006098258666740429
144 0.0006094519642040226
145 0.0006094418684471698
146 0.0006094418684471698
147 0.0006088518615746095
148 0.0006087711405767459
149 0.0006086291110025447
150 0.0006084741628902942
151 0.0006082392845266001
152 0.0006081903878778035
153 0.0006081308403959272
154 0.0006081215789209553
155 0.0006079792826939059
156 0.0006079792826939059
157 0.0006079427819929342
158 0.0006077126591830214
159 0.0006073197339543229
160 0.0006072367451617621
161 0.0006068940044946091
162 0.0006068179050375541
163 0.0006067620531805237
164 0.0006065586047866091
165 0.0006064925232127739
166 0.0006064825655178143
167 0.0006064368849892816
168 0.0006064139872066898
169 0.0006064104387084413
170 0.0006063957106286569
171 0.0006063861715158006
172 0.0006062882641572189
173 0.0006062077670609061
174 0.000606205619146202
175 0.0006060440053182769
176 0.0006059772424199685
177 0.0006059619296972267
178 0.0006059042117298399
179 0.0006056944751497948
180 0.0006056759200588726
181 0.0006056191351896808
182 0.0006055990051263229
183 0.0006055327965908087
184 0.0006055189173630919
185 0.0006052465951250474
186 0.0006051745162551509
187 0.0006049925110501727
188 0.0006048780231773837
189 0.0006048532779487465
190 0.000604746572936874
191 0.0006047422927552895
192 0.0006046861452760453
193 0.0006042132734629931
194 0.0006041773692760506
195 0.000604171439593946
196 0.0006041147275395516
197 0.0006040687813621408
198 0.0006040631829781896
199 0.0006040449470475356
200 0.00042501154725544104
