2 0.007016388212263247
3 0.0036278003781719517
4 0.002892358711251681
5 0.0024159282122632464
6 0.002087383801009771
7 0.001692238711251681
8 0.001692238711251681
9 0.0014275803781719511
10 0.0014171661389345554
11 0.0013149039123802678
12 0.0012223085889952034
13 0.0011457241884200318
14 0.0010872838010097708
15 0.0010157882122632466
16 0.0010157568976563358
17 0.000972798849644483
18 0.0009457041884200319
19 0.0009148639123802676
20 0.0008872638010097709
21 0.0008685796994612002
22 0.0008746926096474745
23 0.0008872638010097709
24 0.0009148639123802676
25 0.0009457041884200319
26 0.0009457041884200319
