4 0.014100601889022901
5 0.014017337386856088
6 0.00904693625337296
7 0.008046643490943146
8 0.008046643490943146
9 0.008068507778469654
10 0.008068507778469654
11 0.008068507778469654
12 0.00747999141549764
13 0.008684938030243351
14 0.008300021889022902
15 0.008684938030243351
16 0.006447529828361752
17 0.006447529828361752
18 0.006447529828361752
19 0.006447529828361752
20 0.006447529828361752
21 0.006447529828361752
22 0.006447529828361752
23 0.006447529828361752
24 0.006031164643907882
25 0.005497812693878709
26 0.005497812693878709
27 0.00529779269387871
28 0.00529779269387871
29 0.005426441860703484
30 0.00529779269387871
31 0.00529779269387871
32 0.00529779269387871
33 0.005426441860703484
34 0.005446105087576507
35 0.005446105087576507
36 0.005446105087576507
37 0.005446105087576507
38 0.005446105087576507
39 0.005446105087576507
40 0.005446105087576507
41 0.005446105087576507
42 0.005446105087576507
43 0.005446105087576507
44 0.005446105087576507
45 0.005446105087576507
46 0.0056805094110540305
47 0.00827508602941667
48 0.011285198030243351
49 0.009441217025828747
51 0.01109021394101911
