20 0.019561826993186503
21 0.019561826993186503
22 0.019561826993186503
23 0.019561826993186503
24 0.019561826993186503
25 0.019561826993186503
26 0.019561826993186503
27 0.019561826993186503
28 0.019561826993186503
29 0.019561826993186503
30 0.019561826993186503
31 0.019561826993186503
32 0.019561826993186503
33 0.019561826993186503
34 0.019561826993186503
35 0.02007042415168181
36 0.02007042415168181
37 0.02007042415168181
38 0.02007042415168181
39 0.02007042415168181
40 0.02007042415168181
41 0.02007042415168181
42 0.022232344154427923
43 0.022232344154427923
44 0.02386166792957122
45 0.02386166792957122
46 0.02386166792957122
47 0.02386166792957122
48 0.02252365257393883
49 0.023588208063407688
50 0.023588208063407688
51 0.031294326718965454
52 0.030510169651241287
53 0.03739922218505449
54 0.034018956604856224
55 0.04186146155242755
56 0.030593512804550207
57 0.04150423725366354
