6 0.0032225085889952035
7 0.0022982114955128062
8 0.0020223885889952033
9 0.0016873438010097709
10 0.0014622623295279958
11 0.0013149039123802678
12 0.0012275603781719512
13 0.001215776897656336
14 0.001215776897656336
15 0.0010872838010097708
16 0.0010854453265408818
17 0.0010854453265408818
18 0.0010854453265408818
19 0.0010854453265408818
20 0.0010854453265408818
21 0.0012171461389345554
22 0.0012171461389345554
23 0.0014625779573785472
24 0.0016189808335183905
25 0.0016189808335183905
26 0.00205849554042988
