84 0.02021175766169194
85 0.02021175766169194
86 0.013763346034723192
87 0.013763346034723192
88 0.013889999968127639
89 0.013889999968127639
90 0.0126565287773741
91 0.013457196894639551
92 0.009369776834166203
93 0.01315101065342695
94 0.009294613083078829
95 0.009294613083078829
96 0.009294613083078829
97 0.009369776834166203
98 0.009217384145160903
99 0.008858997306705054
100 0.008995866144855985
101 0.008995866144855985
102 0.008995866144855985
103 0.008511873189863564
104 0.008659862192115099
105 0.008995866144855985
106 0.008746514937902858
107 0.008746514937902858
108 0.008746514937902858
109 0.009152076758343715
110 0.009644291324572332
111 0.009425018491421345
112 0.010635243460997168
113 0.010562060321680486
114 0.010635243460997168
115 0.010628720457029565
116 0.010635243460997168
117 0.011027177574894886
118 0.011881546968723369
119 0.01063036103733886
120 0.01063036103733886
121 0.01531842655549012
122 0.011950611041743532
123 0.012239983349780159
124 0.012239983349780159
125 0.014706685081677454
126 0.012239983349780159
