24 0.010356798058822472
25 0.01001590427966495
26 0.009713527101013872
27 0.009713527101013872
28 0.00953895645682376
29 0.00953895645682376
30 0.00953895645682376
31 0.008280247944766866
32 0.008280247944766866
33 0.008280247944766866
34 0.008280247944766866
35 0.008280247944766866
36 0.008280247944766866
37 0.008280247944766866
38 0.008280247944766866
39 0.008280247944766866
40 0.008280247944766866
41 0.008280247944766866
42 0.008280247944766866
43 0.008280247944766866
44 0.008280247944766866
45 0.008280247944766866
46 0.008280247944766866
47 0.008280247944766866
48 0.008280247944766866
49 0.010187048512903168
50 0.011968067688865679
51 0.011968067688865679
52 0.011856211167110683
53 0.015314272757517965
55 0.013515804451761307
