1 0.008208311385641192
2 0.004262790677332522
3 0.00302737882650615
4 0.0023133825409493835
5 0.0018625506773325227
6 0.0016418541755240678
7 0.0014625106773325223
8 0.0013027985557975512
9 0.0012375769472683447
10 0.0011027785557975512
11 0.0010564243821514982
12 0.00102717882650615
13 0.0010096700767706795
14 0.0009119641937532575
15 0.0008607781227711952
16 0.0008417741755240678
17 0.0008375369472683447
18 0.0008158120960672435
19 0.0008075713856411917
20 0.000739781855081963
21 0.000685446702315016
22 0.0006707216588079934
23 0.0006707216588079934
24 0.0006607581227711952
25 0.0006603375472962967
26 0.0006571058668133295
27 0.000656384382151498
28 0.0006550975748742257
29 0.000650321814994688
30 0.0006417541755240679
31 0.00063991618988344
32 0.0006377486449044125
33 0.0006375169472683447
34 0.0006271388265061499
35 0.0006194192052595111
36 0.0006501989417052733
