113 0.0016973651696976775
114 0.002022750313891007
115 0.0016973651696976775
116 0.0012730228895060755
117 0.0012730228895060755
118 0.0012729476099536982
119 0.0012730228895060755
120 0.0012729476099536982
121 0.0012729476099536982
122 0.0012729476099536982
123 0.0016320690923371127
124 0.0012655710438150079
125 0.0012656033838759594
126 0.0012656033838759594
127 0.0012656033838759594
128 0.0016561273177112758
129 0.001666197679398595
130 0.0016561273177112758
131 0.0020832093051761707
132 0.0016324085943375446
133 0.0016526425345609495
134 0.0020189371484061105
135 0.001687276587773158
136 0.0016697427286741346
138 0.001657348614307759
