2 0.00870493766527394
3 0.006904757665273939
4 0.00670473766527394
5 0.00670473766527394
6 0.00670473766527394
7 0.00674632140760562
8 0.00674632140760562
9 0.00674632140760562
10 0.00674632140760562
11 0.007772687611548984
12 0.007772687611548984
13 0.007772687611548984
14 0.007772687611548984
15 0.01979450163635053
16 0.01979450163635053
17 0.020539000113551118
18 0.02093904011355112
19 0.021002855686370687
20 0.02093904011355112
21 0.02093904011355112
22 0.07058959587630823
23 0.07098963587630823
