27 0.004409760434663042
28 0.003968784391196738
29 0.0035278083477304333
30 0.0035278083477304333
31 0.003086832304264129
32 0.003086832304264129
33 0.0027359522521583305
34 0.0027083813783239418
35 0.00252642076624965
36 0.0026458562607978254
37 0.00252642076624965
38 0.0024651417829605962
39 0.002304760442949318
40 0.002304760442949318
41 0.002304760442949318
42 0.002304760442949318
43 0.002304760442949318
44 0.002304760442949318
45 0.0019548237431503317
46 0.0019548237431503317
47 0.0019548237431503317
48 0.0019548237431503317
49 0.0019548237431503317
50 0.0019560998223485146
51 0.002321005976105139
52 0.0021103139975425897
53 0.002278887242346588
54 0.001943853212625299
55 0.001943853212625299
56 0.001943853212625299
57 0.001943853212625299
58 0.001943853212625299
59 0.002647348587386319
60 0.001960540549726506
