2 0.004303442053925828
3 0.0033033420539258277
4 0.0024098100767706793
5 0.002085586702315016
6 0.0019028585557975515
7 0.0014813810056463633
8 0.0014689829710338637
9 0.00143999618988344
10 0.0012551575748742257
11 0.00122719882650615
12 0.0010854867023150161
13 0.0010854867023150161
14 0.0009784363535571732
15 0.0009542400683530314
16 0.0008707416588079934
17 0.000863106626721804
18 0.0008854667023150159
19 0.0008854667023150159
20 0.0010045561133123007
21 0.0008854667023150159
22 0.0009542400683530314
23 0.0009648275930217794
24 0.0009648275930217794
25 0.00103995618988344
26 0.0009542400683530314
