61 0.004808132659183022
62 0.004208072659183022
63 0.004008052659183021
64 0.003822931186251609
65 0.003822931186251609
66 0.003622911186251609
67 0.003808032659183022
68 0.003622070608541494
69 0.0036082792826939063
70 0.003422891186251609
71 0.003622911186251609
72 0.003422891186251609
73 0.003622911186251609
74 0.003622911186251609
75 0.003622911186251609
76 0.003622911186251609
77 0.003622911186251609
78 0.003622911186251609
79 0.003622911186251609
80 0.003622911186251609
81 0.004005193277948747
82 0.004005193277948747
83 0.003822931186251609
84 0.004005193277948747
85 0.0038243875373832714
86 0.0038243875373832714
87 0.003822931186251609
88 0.004005193277948747
89 0.004005193277948747
90 0.004022951186251609
91 0.004022951186251609
92 0.004022951186251609
93 0.0042085992845266006
94 0.004224427537383271
95 0.004205213277948747
96 0.004408092659183022
97 0.004808132659183022
98 0.004208072659183022
99 0.0050230511862516085
100 0.0054053332779487465
101 0.005008152659183022
102 0.0050052932779487466
103 0.005205313277948747
104 0.005205313277948747
105 0.005205313277948747
106 0.005205313277948747
107 0.005412002517735686
108 0.00842272850560353
109 0.005419518109900463
110 0.004810701335712685
111 0.0058087592845266
112 0.005823971380595519
113 0.004812849845672252
114 0.005806725619146202
115 0.004821272415465098
116 0.006406785619146202
117 0.0062193862895831495
118 0.0066245448033395585
119 0.004822852070721361
120 0.006806908264157219
121 0.006007032523212774
122 0.0052073540044946095
124 0.008814980175885207
125 0.0072166328265377165
128 0.010016944174676405
