1 0.008204217350102329
2 0.00440383735010233
3 0.003050194202679441
4 0.002603657350102329
5 0.002377831953650801
6 0.002151819932025222
7 0.001977791953650801
8 0.0016353101640957657
9 0.0016015019648387156
10 0.0014035373501023291
11 0.001287279963765883
12 0.0012014619648387155
13 0.0011517199320252216
14 0.0011277106488392654
15 0.0011516588369779274
16 0.0011916522687197722
17 0.0012324247704045435
18 0.0012324247704045435
19 0.001287739619295506
20 0.0013734330897020933
21 0.0015692030563545596
22 0.0016293804031525003
