5 0.002463266626721804
6 0.0020632266267218043
7 0.0018552175748742258
8 0.001619519205259511
9 0.0012990106402528563
10 0.0012990106402528563
11 0.001219479205259511
12 0.0010551375748742257
13 0.0010550592205371381
14 0.001050361814994688
15 0.0010096700767706795
16 0.0010045561133123007
17 0.000863106626721804
18 0.000850341814994688
19 0.0008399361898834399
20 0.0008399361898834399
21 0.0008417741755240678
22 0.0008550392205371382
23 0.0008550392205371382
24 0.0010045561133123007
25 0.0009119641937532575
26 0.0011867111812079352
