6 0.0034377969472683453
7 0.001881736208131295
8 0.0016990506402528563
9 0.001663186626721804
10 0.00147852094144372
11 0.00127850094144372
12 0.00127850094144372
13 0.0011132625409493834
14 0.0010158320960672435
15 0.0009132425409493835
16 0.0008784609414437198
17 0.0008571258668133295
18 0.0008417741755240678
19 0.0008377686449044124
20 0.000819439205259511
21 0.000819439205259511
22 0.0008271588265061499
23 0.0008271588265061499
24 0.0008271588265061499
25 0.0008375369472683447
26 0.0008417741755240678
27 0.0009039944220345336
