1 0.03276720614165435
2 0.01751105188675215
3 0.011762645063328239
4 0.01006188983740644
5 0.01006188983740644
6 0.01006188983740644
7 0.01006188983740644
8 0.01006188983740644
9 0.01006188983740644
10 0.01006188983740644
11 0.01006188983740644
12 0.01006188983740644
13 0.01006188983740644
14 0.01006188983740644
15 0.01006188983740644
16 0.010111271292088327
17 0.010111271292088327
18 0.010111271292088327
19 0.010111271292088327
20 0.010126546040518526
21 0.01016070772356256
22 0.0106022842107592
23 0.010512514936706577
24 0.010776833359937052
25 0.01067894745093035
26 0.01893086139028562
