1 0.08361842520554583
2 0.043976214701446595
3 0.030551896529426057
4 0.02257697480549737
5 0.01839605354522008
6 0.015471454386562594
7 0.01337894803288733
8 0.011685726573703882
9 0.010290362889481007
10 0.009258150463462442
11 0.008413723133066795
12 0.007814778477684166
13 0.007257821983005655
14 0.006837931167973646
15 0.006118114033856996
16 0.005967698577635405
17 0.005967698577635405
18 0.005967698577635405
19 0.005967698577635405
20 0.005967698577635405
21 0.005967698577635405
22 0.005967698577635405
23 0.005967698577635405
24 0.005967698577635405
25 0.005967698577635405
26 0.005967698577635405
27 0.005967698577635405
28 0.005967698577635405
29 0.005967698577635405
30 0.005967698577635405
31 0.005967698577635405
32 0.005967698577635405
33 0.005967698577635405
34 0.005967698577635405
35 0.005967698577635405
36 0.005967698577635405
37 0.005967698577635405
38 0.0060746499710955856
39 0.005967698577635405
40 0.006187933162616363
41 0.006634459017413247
42 0.006600468827043229
43 0.006600468827043229
44 0.006679245977310887
45 0.00666392802127916
46 0.007382681379192623
47 0.00610899149644052
48 0.00610899149644052
49 0.006370921192621896
50 0.00610899149644052
51 0.00610899149644052
52 0.00610899149644052
53 0.00610899149644052
54 0.00610899149644052
55 0.00610899149644052
56 0.006147761880614094
57 0.0083285396722516
