4 0.002672805724591851
5 0.002272765724591851
6 0.002072745724591851
7 0.0016308885536911789
8 0.0014958965538128225
9 0.0014503794593696358
10 0.0014091447800398493
11 0.0012808882853317404
12 0.0011547783292265566
13 0.0010808682853317405
14 0.0010808682853317405
15 0.0010299999554268327
16 0.001030828553691179
17 0.0010299999554268327
18 0.0009061180022080597
19 0.0009403399588126555
20 0.0009403399588126555
21 0.0009547583292265567
22 0.0010299999554268327
23 0.0010714437369544814
24 0.0010701197529274413
