1 0.0827515573367352
2 0.042798802162745495
3 0.029562059225813897
4 0.0223429204809185
5 0.01837636406594036
6 0.0154554847636763
7 0.013628632842934425
8 0.011593389236978124
9 0.010293934289865171
10 0.009474469620213803
11 0.009234711389582498
12 0.009234711389582498
13 0.008965684551867178
14 0.008965684551867178
15 0.008975813324413077
16 0.009341590065362821
17 0.009341590065362821
18 0.009582215426026658
19 0.009824380851431405
20 0.009824380851431405
21 0.009824380851431405
22 0.010246091151887585
23 0.01041405031328031
24 0.01041405031328031
25 0.01041405031328031
26 0.01041405031328031
27 0.01041405031328031
28 0.01043576902985121
29 0.010534714141230934
30 0.010795885423039562
31 0.011426016703676609
32 0.011423145230179142
33 0.012113512552939399
34 0.012633464810289076
35 0.012821397827279535
36 0.013034762046977243
37 0.013094711287314013
38 0.013034762046977243
39 0.013094711287314013
40 0.013094711287314013
41 0.013180015092671506
42 0.013180015092671506
43 0.013180015092671506
44 0.01373751572153282
45 0.014416555224780744
46 0.015014744648857638
47 0.015014744648857638
48 0.014761035357452535
49 0.014557523396873285
50 0.01679944085872988
51 0.014304648959721847
52 0.01873507755050053
53 0.01819632442576252
54 0.025910125645993952
55 0.021554115171832942
56 0.021745177495305724
57 0.025799807428387864
58 0.018978830093275875
59 0.038619899855858356
60 0.040922220649093746
61 0.04168724990184244
63 0.04859977187194958
