1 0.0953895645682376
2 0.048432718953505864
3 0.03227566535531202
4 0.0238473911420594
5 0.019222137360106615
6 0.01578178751820567
7 0.012815337714609184
8 0.011360170014921062
9 0.010194174457834536
10 0.009419068690423481
11 0.008507742236295265
12 0.007891670464337154
13 0.007397051227748787
14 0.006724996431371616
15 0.006724996431371616
16 0.006724996431371616
17 0.006724996431371616
18 0.006781522215324534
19 0.006781522215324534
20 0.0067424144466162045
21 0.0067424144466162045
22 0.0068057232000690825
23 0.006874143722326906
24 0.006905479162914074
25 0.006940366403469933
26 0.006934735526014487
27 0.0075370271375368525
28 0.007891670464337154
29 0.007974040752817359
30 0.007974040752817359
31 0.007974040752817359
32 0.007851035264454718
33 0.007851035264454718
34 0.007974040752817359
35 0.007974040752817359
36 0.007974040752817359
37 0.007974040752817359
38 0.007974040752817359
39 0.008108112988300196
40 0.008108112988300196
41 0.008877255478990691
42 0.008877255478990691
43 0.00974146817031396
44 0.01090629006259561
45 0.011226538511551632
46 0.009422606588622234
47 0.012889251892158449
48 0.013894578339812204
49 0.01240064339387089
50 0.015863694636502706
51 0.015242947386853513
52 0.017844427046725633
54 0.01704756929804943
