30 0.003011349058001072
31 0.003011349058001072
32 0.003011349058001072
33 0.0028098799788691467
34 0.0028098799788691467
35 0.0026098599788691467
36 0.0026094063397821797
37 0.0026103704004699084
38 0.0024138162064126305
39 0.0024098399788691468
40 0.0024098399788691468
41 0.0024098399788691468
42 0.0022147823492552907
43 0.0022088766684606087
44 0.0022088766684606087
45 0.002205007884585279
46 0.0020184032850558507
47 0.0020184032850558507
48 0.0020184032850558507
49 0.002006586954999996
50 0.002004987884585279
51 0.0018242592279879804
52 0.0018251452646743417
53 0.0018106692168436721
54 0.0018093263397821798
55 0.0018088559502987412
56 0.0018093263397821798
57 0.001804354031118856
58 0.0016218010908739446
59 0.0016200551568653098
60 0.0016200551568653098
61 0.0016200551568653098
62 0.0016200551568653098
63 0.0016200551568653098
64 0.0016077303264765564
65 0.0016077303264765564
66 0.0016082106613533537
67 0.001424200144368413
68 0.0014241936528277058
69 0.001424200144368413
70 0.0014163521108604875
71 0.0014153075891957978
72 0.0014153075891957978
73 0.0014125161979518497
74 0.0014122963845049092
75 0.0014092863397821797
76 0.0014091760794394418
77 0.0014067772920450705
78 0.0014067772920450705
79 0.0014067772920450705
80 0.0012250852646743416
81 0.0012229720858814184
82 0.0012229720858814184
83 0.0012239512166076813
84 0.0012220722717915479
85 0.0012220722717915479
86 0.0012163321108604875
87 0.0012163524560999009
88 0.001215147982770541
89 0.001215147982770541
90 0.001215147982770541
91 0.001215147982770541
92 0.001215147982770541
93 0.001215147982770541
94 0.001215147982770541
95 0.001215147982770541
96 0.0012144458356193133
97 0.0012144458356193133
98 0.0012146211205273205
99 0.0012146211205273205
100 0.0012146211205273205
101 0.0012146211205273205
102 0.0012146191258416586
103 0.0012146191258416586
104 0.0012146191258416586
105 0.0012146191258416586
106 0.0012146191258416586
107 0.001213822750145601
108 0.001213822750145601
109 0.001213822750145601
110 0.001213822750145601
111 0.001213822750145601
112 0.001213822750145601
113 0.001213822750145601
114 0.0012144458356193133
115 0.0012144458356193133
116 0.001213822750145601
117 0.0012157540094189143
118 0.0014183432850558503
119 0.0014183432850558503
120 0.0016125361979518497
121 0.0014116470120780415
122 0.0016043340311188558
123 0.0014251052646743415
124 0.0020176008366245266
125 0.002009757106726597
126 0.0020225913109161806
127 0.002022466994160765
128 0.002024931814597307
129 0.002224951814597307
130 0.002405678259954533
131 0.0022054665378441023
132 0.002413207863657629
133 0.0032045784812713383
