6 0.00977411871575166
11 0.0063309419926277696
16 0.004487387893156932
21 0.003883137846197134
26 0.0029324312021599503
31 0.002932235614725498
36 0.0025135124589942435
37 0.003885327392329511
39 0.004522427069620887
40 0.003603315973248781
41 0.002348639925422635
42 0.007648389347023912
43 0.0027459567777155447
44 0.0029203092261972444
45 0.0026924327358941592
46 0.0019703036781464926
47 0.0025705521602294016
48 0.002764168322725864
49 0.0027083813783239418
50 0.002450675687158132
51 0.0019703036781464926
52 0.0021062447797293117
53 0.002288297314762954
54 0.0019703036781464926
55 0.002527760149204862
56 0.0021103139975425897
57 0.0021103139975425897
