5 0.002421107639477596
6 0.0023538195103313514
7 0.0018300799554268328
8 0.001616132586474696
9 0.0014372358201136485
10 0.001416112586474696
11 0.0013403799588126556
12 0.0011629944144096057
13 0.0011061380022080597
14 0.0011005741881261887
15 0.0009629744144096055
16 0.0009061180022080597
17 0.0009005541881261888
18 0.0009005541881261888
19 0.0009005541881261888
20 0.0009403399588126555
21 0.0010958565538128225
22 0.0010299999554268327
23 0.0010714437369544814
24 0.0011005741881261887
25 0.0012051918830810876
