2 0.010290054224243167
3 0.007013223845477276
4 0.00529353880300113
5 0.00429343880300113
6 0.0036893942242431665
7 0.0032195972706598524
8 0.0028869782043662072
9 0.0026127838454772746
10 0.0022957729965728344
11 0.002219497270659852
12 0.002057839462952591
13 0.0018888659357875833
14 0.0018194572706598524
15 0.0016891942242431661
16 0.0016260347763417007
17 0.0014931588030011296
18 0.0014868382043662074
19 0.00145970142766142
20 0.0012987562958007267
21 0.0012891542242431662
22 0.0012719781343087989
23 0.0012558774484693175
24 0.0012410760434663042
25 0.0010987362958007267
26 0.0010891342242431662
27 0.001085882700668427
28 0.0010607747204543108
29 0.0010460803656593327
30 0.0010247675828451979
31 0.0010180066310808908
32 0.0010138377866836762
33 0.001012588106304332
34 0.0008926359195366232
35 0.0008891142242431662
36 0.0008890660222553561
37 0.0008854522307746418
38 0.0008793056274536734
39 0.0008756698008764189
40 0.0008710131510526924
41 0.0008686674606011001
42 0.0008558374484693176
43 0.0008543327922309546
44 0.0008502307241033068
45 0.0008348588546867861
46 0.0008233414094384708
47 0.000822122799508518
48 0.0008193572706598522
49 0.0008147928770339604
50 0.0006986962958007265
51 0.0006933821394000928
52 0.0006933821394000928
53 0.0006900533013832412
54 0.0006890649555871287
55 0.000688745935787583
56 0.0006860033031563248
57 0.0006854322307746418
58 0.0006760628033691426
59 0.000671918134308799
60 0.0006679461040847806
61 0.0006671195032681411
62 0.0006607347204543106
63 0.00065962142766142
64 0.0006576994629525908
65 0.0006571965951216982
66 0.0006562430025142281
67 0.0006558174484693176
68 0.0006546130812845971
69 0.0006543127922309547
70 0.0006536715542221797
71 0.0006518779044327502
72 0.0006487787893156932
73 0.0006487787893156932
74 0.0006430194352893449
75 0.0006430194352893449
76 0.0006430194352893449
77 0.0006430194352893449
78 0.0006767614008006452
79 0.0006543127922309547
80 0.0006562430025142281
83 0.0006460403656593325
