4 0.0026950851910137745
5 0.0020950251910137746
6 0.0020358021363636515
7 0.0016357621363636515
8 0.0015648957845663869
9 0.0014573623313404852
10 0.00136818201005477
11 0.0012731325464955022
12 0.0012357221363636516
13 0.0010949251910137747
14 0.0010949251910137747
15 0.0010731125464955023
16 0.0010731125464955023
17 0.0010749504427030746
18 0.0010749504427030746
19 0.001194378966276067
20 0.001194378966276067
21 0.001194378966276067
22 0.0012704552035345553
23 0.0012510184593196823
24 0.0012964931292468967
25 0.001336310901438873
27 0.001571453489315545
