81 0.0014226564251872747
82 0.001408022781992934
83 0.001224969733887819
84 0.0012081815789209555
85 0.001206954004494609
86 0.0010168680943951859
87 0.0010168680943951859
88 0.0010164003956985128
89 0.0010143603517914765
90 0.0010099846013310425
91 0.0010143603517914765
92 0.0010115625177356856
93 0.0010099846013310425
94 0.0010099846013310425
95 0.0010099846013310425
96 0.0010099846013310425
97 0.0010099846013310425
98 0.0010099846013310425
99 0.0010128439440779847
100 0.0010084212499132696
101 0.0010084212499132696
102 0.001007982781992934
103 0.001007982781992934
104 0.001007982781992934
105 0.001007982781992934
106 0.001007982781992934
107 0.0010050325110501728
108 0.000824929733887819
109 0.000824929733887819
110 0.000824929733887819
111 0.0008221012774951271
112 0.0008221012774951271
113 0.000824929733887819
114 0.000824929733887819
115 0.000824929733887819
116 0.000824929733887819
117 0.000824929733887819
118 0.000824929733887819
119 0.000824929733887819
120 0.0010047822927552895
121 0.0010047822927552895
122 0.0010047822927552895
123 0.0010081708403959274
124 0.001024949733887819
125 0.0010226164251872748
127 0.0012042373692760506
