18 0.010319291886863882
19 0.008221850469922867
20 0.008221850469922867
21 0.008221850469922867
22 0.008221850469922867
23 0.008221850469922867
24 0.008221850469922867
25 0.008221850469922867
26 0.008221850469922867
27 0.008221850469922867
28 0.008221850469922867
29 0.008221850469922867
30 0.008221850469922867
31 0.008221850469922867
32 0.008221850469922867
33 0.00839992066240517
34 0.008458603610456104
35 0.00884202174990018
36 0.008980822664545501
37 0.008903887704522145
38 0.008832558007222402
39 0.008832558007222402
40 0.008879049823642213
41 0.00888115219601495
42 0.00945874015670038
43 0.008879049823642213
44 0.008772777696615585
45 0.009189829691240579
46 0.009296226228830765
47 0.009425655446613154
48 0.009689880712867222
49 0.011083002091670971
50 0.009362543618298396
51 0.010830232516120128
52 0.009932564998277365
53 0.010833572708685655
54 0.011544793845490594
