5 0.00236828201005477
6 0.002092908085813096
7 0.0018173512620885178
8 0.0015466012217319755
9 0.0014173112620885179
10 0.0013648757845663869
11 0.0013610454322139519
12 0.0012747544620447596
13 0.0011540542467454126
14 0.001092872910974244
15 0.0010509984593196822
16 0.0010747344620447596
17 0.0010807142924846992
18 0.001164855784566387
19 0.0011610254322139517
20 0.0011610254322139517
21 0.0012319354697670252
22 0.0012704552035345553
23 0.0012510184593196823
24 0.0012510184593196823
25 0.0012573423313404853
26 0.001736350901438873
