5 0.0024159720960672437
6 0.0018159120960672436
7 0.0016551975748742257
8 0.0016046161133123006
9 0.0016046161133123006
10 0.001285506702315016
11 0.0012418141755240679
12 0.0010551375748742257
13 0.0010564243821514982
14 0.0010564243821514982
15 0.0010075913856411917
16 0.0008607781227711952
17 0.0008417741755240678
18 0.0008375369472683447
19 0.0008158120960672435
20 0.0008075713856411917
21 0.0008045361133123006
22 0.000819439205259511
23 0.0008989706402528563
24 0.0008550392205371382
25 0.001250381814994688
