1 0.0935271535913591
2 0.04523666308028902
3 0.03044775399634838
4 0.02151124532601259
5 0.017302523414401434
6 0.014547215321734402
7 0.013334947378256534
8 0.011681532317531121
9 0.010527880944660676
10 0.009194107126534033
11 0.008562361841907687
12 0.007787308036087001
13 0.007014041509021289
14 0.006755271859413554
15 0.006830136638054067
16 0.005925429514288542
17 0.0057616615937830466
18 0.0057616615937830466
19 0.0057616615937830466
20 0.0057616615937830466
21 0.0057616615937830466
22 0.0057616615937830466
23 0.0057616615937830466
24 0.0057616615937830466
25 0.0058101038293536895
26 0.0058171972601623176
27 0.005990394093976332
28 0.005990394093976332
29 0.005990394093976332
30 0.005990394093976332
31 0.006159859101298028
32 0.0060605372401996635
33 0.006286757720360785
34 0.005990394093976332
35 0.006160025857526768
36 0.006160025857526768
37 0.006160025857526768
38 0.006260290716331781
39 0.006225206813005842
40 0.006286757720360785
41 0.006286757720360785
42 0.006286757720360785
43 0.006286757720360785
44 0.006286757720360785
45 0.006286757720360785
46 0.006286757720360785
47 0.006286757720360785
48 0.006472984308377476
49 0.009043948042129695
50 0.008704634950352154
51 0.009820351127092706
52 0.011688213684776023
53 0.009038048610902558
54 0.012588558296932994
55 0.013248099695803641
59 0.023381788397839776
