79 0.0012164763229185708
80 0.001215755785181427
81 0.001212890899901102
82 0.001212890899901102
83 0.001212890899901102
84 0.001206802813288072
85 0.0010182014252135964
86 0.0010181723526624393
87 0.00101808320024527
88 0.00101808320024527
89 0.0010181723526624393
90 0.0010232496700932083
91 0.0010232496700932083
92 0.0010232496700932083
93 0.0010232496700932083
94 0.0010232496700932083
95 0.0010219493982304205
96 0.0010074856778835373
97 0.0010071027850845524
98 0.0010074856778835373
99 0.0010071027850845524
100 0.0010074856778835373
101 0.001008839899763382
102 0.001008839899763382
103 0.001008839899763382
104 0.001008839899763382
105 0.001008839899763382
106 0.001008839899763382
107 0.001008839899763382
108 0.001008839899763382
109 0.001008839899763382
110 0.0010126078881330996
111 0.0010128708999011021
112 0.0010181723526624393
113 0.0010181723526624393
114 0.0010213232979332612
115 0.0010210250552260978
116 0.0010185820669985897
117 0.001019293262362231
118 0.0010197600016900717
119 0.001008839899763382
120 0.0012071227850845524
121 0.0012042841376243307
122 0.0014079469692733354
123 0.0014118905095962385
124 0.0012219693982304205
