15 0.01643008414077713
16 0.011572749876939863
17 0.011572749876939863
18 0.01088635790719733
19 0.008247574958753012
20 0.0065215762668660434
21 0.0065215762668660434
22 0.0065215762668660434
23 0.0065215762668660434
24 0.0065215762668660434
25 0.0065215762668660434
26 0.0065215762668660434
27 0.0065215762668660434
28 0.0065215762668660434
29 0.0065215762668660434
30 0.0065215762668660434
31 0.0065215762668660434
32 0.0065215762668660434
33 0.0065215762668660434
34 0.0065215762668660434
35 0.0065215762668660434
36 0.0065215762668660434
37 0.0065215762668660434
38 0.0065215762668660434
39 0.0065215762668660434
40 0.0065215762668660434
41 0.0065215762668660434
42 0.0065215762668660434
43 0.0065215762668660434
44 0.0065215762668660434
45 0.0065215762668660434
46 0.0065215762668660434
47 0.0065215762668660434
48 0.007322863044623396
49 0.010707265947078081
