2 0.004383245199699623
3 0.0031831251996996233
4 0.0025352574366499917
5 0.002096772865677312
6 0.0017449312534063368
7 0.0015449112534063369
8 0.0013829451996996232
9 0.0013383486390447083
10 0.0012966928656773123
11 0.0011829251996996232
12 0.0010966728656773123
13 0.0010580159288663268
14 0.0009957420934890136
15 0.0009448512534063367
16 0.0009350974366499915
17 0.0009249549265291987
18 0.0009118029158815591
19 0.0008765922991448305
20 0.000871347085525784
21 0.0008692333244194147
22 0.0008497145550902112
23 0.0008213129915985403
24 0.0008213129915985403
25 0.0008497145550902112
26 0.0009249549265291987
