6 0.009895519720620236
11 0.005937206959381918
16 0.004440079254600835
21 0.0036462195877545404
26 0.003386251275507766
31 0.002963401551537448
36 0.0027110274265965007
37 0.004038649103841239
38 0.00433614166514988
39 0.002968603479690959
40 0.0037366360261451284
41 0.002450675687158132
42 0.0028024770196088465
43 0.0029139955442471334
44 0.002907243012705456
45 0.002466710697000464
46 0.002339530520423903
47 0.0027346646908159057
48 0.0027256367533857275
49 0.002798383605651693
50 0.002214897176446724
51 0.002450675687158132
52 0.003314192592418965
53 0.0028011679729667777
55 0.003731178140868924
