93 0.0014206749786154342
95 0.002005456212296608
97 0.0020055194964514575
98 0.0018107215962267942
99 0.0014185716265484097
100 0.0014151074181028601
101 0.0014070611955983416
102 0.001222026517092493
103 0.0014135073177898366
104 0.0014170310241632571
105 0.0012224678472200598
106 0.0012209094998913428
107 0.0012244158699845661
108 0.0014058555152726214
109 0.0012227684518254613
110 0.0014049242951389175
111 0.0014053962122966078
112 0.0016102832297036093
113 0.0014075867587887503
114 0.0012221339475156333
116 0.0010205371683177863
119 0.0012175356821685337
