1 0.008312542915881559
2 0.004325294926529199
3 0.0031780496700765
4 0.002496812865677312
5 0.002125074926529199
6 0.0018166832029880944
7 0.0017250349265291987
8 0.0014967128656773123
9 0.0013829451996996232
10 0.0013219127830798136
11 0.0012580359288663267
12 0.0011218927830798137
13 0.001071367085525784
14 0.0010692533244194148
15 0.0010497345550902113
16 0.0009342296406711745
17 0.0009249549265291987
18 0.0009118029158815591
19 0.0008966528656773121
20 0.000871347085525784
21 0.0008579959288663268
22 0.0008213129915985403
23 0.0008213129915985403
24 0.0008213129915985403
25 0.0008253682101074763
26 0.000908204248315847
27 0.000908204248315847
