2 0.007336330134267852
3 0.0057361701342678525
4 0.0057361701342678525
5 0.0057361701342678525
6 0.0057361701342678525
7 0.0057361701342678525
8 0.0057361701342678525
9 0.0057361701342678525
10 0.0057361701342678525
11 0.00670473766527394
12 0.00670473766527394
13 0.00670473766527394
14 0.00674632140760562
15 0.006946341407605619
16 0.008172727611548983
17 0.008172727611548983
18 0.009172827611548983
19 0.009972907611548983
20 0.02073902011355112
21 0.020602815686370686
22 0.027984200353801995
23 0.020802835686370688
24 0.07450368882387795
26 0.06998953587630823
