25 0.012035876277903852
26 0.00893467427712883
27 0.00891546390955841
28 0.0074236496114173725
29 0.007583195722352634
30 0.006341518152919983
31 0.006341518152919983
32 0.006341518152919983
33 0.0064507528553176515
34 0.006341518152919983
35 0.0064507528553176515
36 0.006610296257058555
37 0.006610296257058555
38 0.006610296257058555
39 0.006610296257058555
40 0.006610296257058555
41 0.006610296257058555
42 0.006610296257058555
43 0.006610296257058555
44 0.006610296257058555
45 0.006686081314667575
46 0.006731776423012736
47 0.008316000811150017
48 0.007583195722352634
49 0.011801101416657547
50 0.010116201292588448
52 0.008316000811150017
