4 0.004886923520462167
5 0.003743243421243363
6 0.0031431834212433626
7 0.002886723520462166
8 0.002416212586474696
9 0.0023631144144096055
10 0.0023631144144096055
11 0.0023631144144096055
12 0.0023631144144096055
13 0.0023631144144096055
14 0.0023631144144096055
15 0.002492385982950694
16 0.0025631344144096055
17 0.002692405982950694
18 0.002692405982950694
19 0.0027431434212433626
20 0.0029631744144096054
21 0.003092445982950694
22 0.003092445982950694
23 0.0038703997529274414
24 0.0033549983292265567
