12 0.005034254092478499
13 0.004787309636510748
14 0.004986562958007265
15 0.004787309636510748
16 0.004434390752721151
17 0.004434390752721151
18 0.0040295011456245155
19 0.003963306473757771
20 0.003920106411065929
21 0.003453394975800649
22 0.003203616240668136
23 0.003044170763478577
24 0.0029582328180067768
25 0.0029582328180067768
26 0.0028961327586113222
27 0.0027449014914106996
28 0.0027217893253330783
29 0.0024823995073811334
30 0.0025396884566308247
31 0.0027217893253330783
32 0.0025396884566308247
33 0.0025396884566308247
34 0.0025396884566308247
35 0.0025396884566308247
36 0.0023957203195204787
37 0.0023957203195204787
38 0.0023957203195204787
39 0.0022681577711108985
40 0.002188257176852823
41 0.002188257176852823
42 0.0020896331554044537
43 0.0020896331554044537
44 0.00206878893341838
45 0.00206878893341838
46 0.0017914373314306714
47 0.001748422440131385
48 0.0018145262168887187
49 0.0018145262168887187
50 0.001830637851810363
51 0.0019057238973726716
52 0.0019057238973726716
53 0.0019068856032025804
54 0.0019057238973726716
55 0.0020043155642490273
56 0.0019057238973726716
57 0.0019057238973726716
58 0.0019057238973726716
59 0.002348639925422635
60 0.0021103139975425897
61 0.0021103139975425897
