3 0.003858109530985756
4 0.002612563250370941
5 0.002057929530985756
6 0.0020083669566180956
7 0.001612463250370941
8 0.00159626061554549
9 0.001436197561011763
10 0.0013474595617651256
11 0.0012321803093344864
12 0.0010675162359741002
13 0.0010666809758616037
14 0.001060480824058579
15 0.0010380001196242218
16 0.0010380001196242218
17 0.0008968251241449473
18 0.0008968251241449473
19 0.0008968251241449473
20 0.0009052946485046461
21 0.0009052946485046461
22 0.0009052946485046461
23 0.0010050513657774245
