1 0.0162851033828171
2 0.008289504864416559
3 0.0056840433828171
4 0.0042927420065094245
5 0.0034926620065094246
6 0.003054790183286166
7 0.0026497922039594455
8 0.002297367256378717
9 0.0020925220065094244
10 0.0018973272563787172
11 0.0018502038155294048
12 0.001689023893821605
13 0.0016385921558966423
14 0.0014876671459373059
15 0.001467162495730327
16 0.001297267256378717
17 0.001287647145937306
18 0.0012780341303463446
19 0.0012610197380036345
20 0.0016546501832861663
21 0.0012935493970147429
22 0.0022767640561114065
