30 0.0037736754359386704
31 0.0029139955442471334
32 0.002727438487707582
33 0.0025157836239591133
34 0.002443529678937915
35 0.002386321420978105
36 0.0025102077869823785
37 0.0019090571367824838
38 0.0018964294625722971
39 0.0018964294625722971
40 0.0018838126042107694
41 0.0018964294625722971
42 0.0017670216940043502
43 0.0016882511980340718
44 0.0016882511980340718
45 0.0016329788541484802
46 0.0016882511980340718
47 0.0016635746978440915
48 0.0014990046866556921
49 0.0014959688874021794
50 0.0016771890826394087
51 0.0014843017398454795
52 0.0014615416117678944
53 0.0014800264182002784
54 0.001389005078573734
55 0.0014037183122543417
56 0.001389005078573734
57 0.0014037183122543417
58 0.0014037183122543417
59 0.0014037183122543417
60 0.0014037183122543417
61 0.0014365519283496726
62 0.0014670180667660682
63 0.0014670180667660682
64 0.0014800264182002784
65 0.001655031146734704
66 0.0014700399041497236
67 0.0014800264182002784
