4 0.0025906549155818577
5 0.002164955784566387
6 0.0018574023313404852
7 0.0016869834599445908
8 0.0014869634599445909
9 0.0014573623313404852
10 0.0012731325464955022
11 0.0012510184593196823
12 0.0011697858636965045
13 0.0011117122257692557
14 0.0010731125464955023
15 0.0010509984593196822
16 0.0009648357845663869
17 0.0009540342467454126
18 0.0008928529109742439
19 0.0008806942924846992
20 0.0008539430731434077
21 0.0008509784593196823
22 0.0008509784593196823
23 0.0008211724832663797
24 0.000817251262088518
25 0.000817251262088518
26 0.0007703748811891818
27 0.0007703748811891818
28 0.0007703748811891818
29 0.0008704152035345553
