29 0.011897770977377028
30 0.011196489705222197
31 0.011196489705222197
32 0.011196489705222197
33 0.010721635967504604
34 0.010721635967504604
35 0.010721635967504604
36 0.010721635967504604
37 0.010410549605204902
38 0.01036057196096571
39 0.01036057196096571
40 0.010356798058822472
41 0.010246782229787015
42 0.010246782229787015
43 0.010356798058822472
44 0.010356798058822472
45 0.010246782229787015
46 0.010410549605204902
47 0.010410549605204902
48 0.010721635967504604
49 0.01090629006259561
50 0.01090629006259561
51 0.01282270235854211
