80 0.0014239709012114773
81 0.0014239709012114773
82 0.0014057534132745192
83 0.001216275997273569
84 0.001206214861601388
85 0.001206214861601388
86 0.001206214861601388
87 0.001206214861601388
88 0.001206214861601388
89 0.001206214861601388
90 0.001206214861601388
91 0.0010193418751969698
92 0.0010193418751969698
93 0.0010193418751969698
94 0.0010193418751969698
95 0.0010193418751969698
96 0.0010193418751969698
97 0.0010080972730842782
98 0.0010190832121627358
99 0.0010053562122966078
100 0.000822158599379025
101 0.000822158599379025
102 0.000822158599379025
103 0.0010046300627782015
104 0.0010046300627782015
105 0.0010046300627782015
106 0.0010046300627782015
107 0.0010046300627782015
108 0.0010046300627782015
109 0.0010046300627782015
110 0.0010046300627782015
111 0.0010046300627782015
112 0.0010046300627782015
113 0.0010053562122966078
114 0.0010053562122966078
115 0.0010053562122966078
116 0.0010053562122966078
117 0.0010128010108817042
118 0.0010122195646719144
119 0.0010080972730842782
120 0.0010080972730842782
121 0.0010169910241632572
122 0.001016567426117596
123 0.0010169910241632572
124 0.0012134873177898366
125 0.0018046628409950185
