1 0.08980822664545501
2 0.046277632842796866
3 0.031010784894657695
4 0.023268004652100396
5 0.018573101776995754
6 0.015571261306616579
7 0.013471233996818254
8 0.011675069463909154
9 0.01036254780830802
10 0.009541779967586983
11 0.008567907455930349
12 0.0077724101878704
13 0.007233373392396427
14 0.006603611146559665
15 0.006409789822332837
16 0.0059874527331697635
17 0.005967698577635405
18 0.005967698577635405
19 0.005999071212035665
20 0.005999071212035665
21 0.005999071212035665
22 0.005999071212035665
23 0.005999071212035665
24 0.005999071212035665
25 0.005999071212035665
26 0.005999071212035665
27 0.005999071212035665
28 0.005999071212035665
29 0.005999071212035665
30 0.005999071212035665
31 0.005999071212035665
32 0.005999071212035665
33 0.005999071212035665
34 0.005999071212035665
35 0.006080776241189129
36 0.006329201718346875
37 0.0064650845534747325
38 0.0064650845534747325
39 0.0064650845534747325
40 0.0064650845534747325
41 0.0064650845534747325
42 0.0064650845534747325
43 0.0064650845534747325
44 0.006489820005104427
45 0.00666392802127916
46 0.006973072110965054
47 0.0070114359442223296
48 0.007478865007170484
49 0.009280049442249947
50 0.008327479019860006
51 0.009279739331357515
52 0.008709386379606786
53 0.010309764710499325
54 0.010508787577046926
55 0.010454397015300421
56 0.0116435354883716
