78 0.0012082442393246161
79 0.0012082442393246161
80 0.001206507504014305
81 0.0012057028362729514
82 0.0012057028362729514
83 0.0012057028362729514
84 0.0012057028362729514
85 0.0012057028362729514
86 0.001204945802281976
87 0.0010244564968409757
88 0.0010241601443684131
89 0.0010136638595921526
90 0.0010123992018915644
91 0.0010123992018915644
92 0.0010123992018915644
93 0.0010123992018915644
94 0.0010123992018915644
95 0.0010123992018915644
96 0.0010217410908739447
97 0.0010136638595921526
98 0.001020205355262813
99 0.0010136638595921526
100 0.0010136638595921526
101 0.0010081665399757898
102 0.0010047180916198818
103 0.0010047180916198818
104 0.0010047180916198818
105 0.0008246890229398144
106 0.0008244364968409756
107 0.0008244364968409756
108 0.0008244364968409756
109 0.0008244364968409756
110 0.0008244364968409756
111 0.0008244364968409756
112 0.0008244364968409756
113 0.0010047180916198818
114 0.0010047180916198818
115 0.0010047180916198818
116 0.0010115591823355867
117 0.0010115591823355867
118 0.0010115591823355867
119 0.0010115591823355867
120 0.0010115591823355867
121 0.0010131227628766238
122 0.0010217127215728524
123 0.0010144258356193133
124 0.0010244564968409757
125 0.0012056689227503577
126 0.0014079551266770209
127 0.0010171820830692938
129 0.0010167022559058876
