83 0.007412191205332658
84 0.007412191205332658
85 0.007412191205332658
86 0.007412191205332658
87 0.007412191205332658
88 0.007412191205332658
89 0.007412191205332658
90 0.00641884113482369
91 0.006618861134823691
92 0.005413718392537679
93 0.004821389829083987
94 0.004821389829083987
95 0.00421918628958315
96 0.00421918628958315
97 0.004405372511050173
98 0.00421918628958315
99 0.004221329829083987
100 0.00421918628958315
101 0.00421918628958315
102 0.005204631439593947
103 0.004612698259149769
104 0.005005126145276045
105 0.004606810438708441
106 0.004204537369276051
107 0.004007659733954323
108 0.004007659733954323
109 0.004007659733954323
110 0.0038050061452760456
111 0.0038050061452760456
112 0.0038050061452760456
113 0.0038050061452760456
114 0.0038050061452760456
115 0.0038050061452760456
116 0.0038050061452760456
117 0.004212658259149769
118 0.0038050061452760456
119 0.004605086145276046
120 0.004212658259149769
121 0.004805106145276046
122 0.005010752865291458
123 0.004610712865291458
124 0.005204637369276051
125 0.004805106145276046
126 0.008811553466664401
