76 0.011439447733579588
77 0.009984331931462791
78 0.008533269601831811
79 0.008009366562873507
80 0.007279747176860132
81 0.0067036484625589785
82 0.0066411388023945896
83 0.0066411388023945896
84 0.007097214722554228
85 0.007097214722554228
86 0.00738491157524623
87 0.007795184440537686
88 0.007298620512535655
89 0.007298620512535655
90 0.008009366562873507
91 0.008009366562873507
92 0.008009366562873507
93 0.008009366562873507
94 0.008009366562873507
95 0.008676119451861544
96 0.00879733736645669
97 0.00879733736645669
98 0.007882969049662972
99 0.00754589381544407
100 0.00754589381544407
101 0.00754589381544407
102 0.00754589381544407
103 0.00754589381544407
104 0.00754589381544407
105 0.00754589381544407
106 0.007882969049662972
107 0.008158785653878117
108 0.008158785653878117
109 0.008712877499829783
110 0.008576307910698446
111 0.008576307910698446
112 0.008712877499829783
113 0.008480550747665419
114 0.008712877499829783
115 0.009493570713793646
116 0.009270881438375463
117 0.008875793615959499
118 0.008221341099307942
119 0.008440825549902541
120 0.008440825549902541
121 0.009410089758229257
122 0.010408009892462815
123 0.01032487923624792
124 0.011678591447316948
125 0.011991127025101196
126 0.009699154550254703
127 0.01043582610539824
129 0.013110920282624961
