87 0.008006602743186096
88 0.007806582743186095
89 0.007806582743186095
90 0.008006602743186096
91 0.008421277168317788
92 0.0058104964285318125
93 0.005209122120481204
94 0.005012306141324937
95 0.005012306141324937
96 0.005012306141324937
97 0.004612422616221209
98 0.004612266141324937
99 0.004423180513688136
100 0.004423180513688136
101 0.004423180513688136
102 0.004423180513688136
103 0.004423180513688136
104 0.004423180513688136
105 0.004423180513688136
106 0.004423180513688136
107 0.004423180513688136
108 0.005012306141324937
109 0.004613600633640237
110 0.004812286141324938
111 0.004808216204455205
112 0.005013640633640237
113 0.005009102120481204
114 0.005025127976435702
115 0.005812386141324937
116 0.007004011538085918
117 0.006209887623726544
118 0.006015432390098228
119 0.006409907623726545
120 0.006409712928365769
121 0.005818976036491703
122 0.005419147207023695
123 0.008025178955625323
124 0.008210802964368614
125 0.006617281861035235
126 0.009421091523193589
127 0.005617181861035235
129 0.009422846517092494
