1 0.008489004726437845
2 0.004429989904124722
3 0.003088464726437844
4 0.002428311059191842
5 0.002028271059191842
6 0.0016961854948967282
7 0.001628231059191842
8 0.0014324457481562397
9 0.0013518049073189492
10 0.0012233498128642805
11 0.0011936743947650907
12 0.0010888215829720916
13 0.0010324057481562398
14 0.0010192254923534854
15 0.000917170081274307
16 0.0008882447264378441
17 0.0008551177377271026
18 0.0008404568617967642
19 0.0008281510591918418
20 0.0008233098128642804
21 0.0008192054923534853
22 0.000775176733782532
23 0.0007357139503840382
24 0.0007357139503840382
25 0.0007357139503840382
26 0.0007936343947650907
27 0.0008120715526592734
28 0.0007936343947650907
