69 0.01023893111091145
70 0.01023893111091145
71 0.009345677274688186
72 0.009345677274688186
73 0.01023893111091145
74 0.01023893111091145
75 0.01023893111091145
76 0.01023893111091145
77 0.008826275860024258
78 0.008826275860024258
79 0.008826275860024258
80 0.008826275860024258
81 0.008826275860024258
82 0.008826275860024258
83 0.008826275860024258
84 0.008826275860024258
85 0.008826275860024258
86 0.008826275860024258
87 0.008826275860024258
88 0.007448503574374923
89 0.007448503574374923
90 0.007448503574374923
91 0.007448503574374923
92 0.007448503574374923
93 0.007448503574374923
94 0.007448503574374923
95 0.007448503574374923
96 0.007448503574374923
97 0.007448503574374923
98 0.007448503574374923
99 0.007448503574374923
100 0.007448503574374923
101 0.007448503574374923
102 0.007448503574374923
103 0.007448503574374923
104 0.007448503574374923
105 0.007448503574374923
106 0.007448503574374923
107 0.007448503574374923
108 0.008213037378644629
109 0.008213037378644629
110 0.008213037378644629
111 0.008213037378644629
112 0.008213037378644629
113 0.008213037378644629
114 0.008213037378644629
115 0.008213037378644629
116 0.008213037378644629
117 0.010590276872041327
118 0.010590276872041327
119 0.011049407436807865
120 0.013885686127765393
121 0.011849084219073797
122 0.015381511970772099
123 0.01074345001413278
124 0.014307121006311135
125 0.01638094728883182
