69 0.0056088945731298055
70 0.005012408016309457
71 0.005012408016309457
72 0.005012408016309457
73 0.005012408016309457
74 0.005012408016309457
75 0.005012408016309457
76 0.005012408016309457
77 0.005012408016309457
78 0.005012408016309457
79 0.004610376428531813
80 0.004610376428531813
81 0.004610376428531813
82 0.004610376428531813
83 0.004610376428531813
84 0.004610376428531813
85 0.004610376428531813
86 0.004610376428531813
87 0.004610376428531813
88 0.004610376428531813
89 0.004610376428531813
90 0.004610376428531813
91 0.004610376428531813
92 0.004610376428531813
93 0.004610376428531813
94 0.004610376428531813
95 0.004610376428531813
96 0.004610376428531813
97 0.004610376428531813
98 0.004610376428531813
99 0.004610376428531813
100 0.004610376428531813
101 0.004610376428531813
102 0.004610376428531813
103 0.004610376428531813
104 0.004610376428531813
105 0.004610376428531813
106 0.004610376428531813
107 0.004610376428531813
108 0.004610376428531813
109 0.004610376428531813
110 0.004610376428531813
111 0.004610376428531813
112 0.004610376428531813
113 0.004610376428531813
114 0.004610376428531813
115 0.004610376428531813
116 0.004610376428531813
117 0.004610376428531813
118 0.004610376428531813
119 0.004610376428531813
120 0.004610376428531813
121 0.004610376428531813
122 0.004610376428531813
123 0.004610376428531813
124 0.005816105182563297
125 0.010414103549937952
127 0.00900956407029918
