1 0.01621461253057874
2 0.008426653564591527
3 0.005726319348371775
4 0.004473636934007208
5 0.003672725062996846
6 0.0031260593483717746
7 0.0026990067406235134
8 0.0024786766074669435
9 0.0021403948389684614
10 0.002050770029887156
11 0.0018931326309608344
12 0.0017259193483717746
13 0.0016519740685141061
14 0.0015147726446342476
15 0.0014414512161622793
16 0.001436995589713333
17 0.0013147526446342477
18 0.0012854039952166344
19 0.0012395325471563703
20 0.0012395325471563703
21 0.0011258593483717747
22 0.0011147326446342477
23 0.0010785366074669434
24 0.0010751753540362424
25 0.0010678488648007635
26 0.0010751753540362424
27 0.0010785366074669434
28 0.0010751753540362424
29 0.001093052630960834
