6 0.0016990506402528563
7 0.001503162053925828
8 0.0014625106773325223
9 0.0012707816588079933
10 0.0011542600683530314
11 0.0010816562081312948
12 0.00103995618988344
13 0.0010194592052595111
14 0.0009132425409493835
15 0.0008784609414437198
16 0.000856404382151498
17 0.000850341814994688
18 0.000819439205259511
19 0.0008075713856411917
20 0.0007542200683530315
21 0.000685446702315016
22 0.0006816162081312949
23 0.000663086626721804
24 0.0006624306773325224
25 0.0006603375472962967
26 0.0006571058668133295
27 0.000656384382151498
28 0.0006550975748742257
29 0.000650321814994688
30 0.0006417541755240679
31 0.00063991618988344
32 0.0006377486449044125
33 0.0006375169472683447
34 0.0006271388265061499
35 0.0006194192052595111
36 0.0006501989417052733
