29 0.0037000320719438734
30 0.003681697737375302
31 0.003481677737375302
32 0.0034672639088761253
33 0.0032628186909816233
34 0.0032628186909816233
35 0.0032243769338465575
36 0.003247502602831202
37 0.0032243769338465575
38 0.0030243569338465576
39 0.0032243769338465575
40 0.0032224203314294582
41 0.0030243569338465576
42 0.0032224203314294582
43 0.003082477911539161
44 0.003082477911539161
45 0.003082477911539161
46 0.0032243769338465575
47 0.0032243769338465575
48 0.0032243769338465575
49 0.0032243769338465575
50 0.004279502688097438
