46 0.0038009494115572766
47 0.0037583968643789822
48 0.003680426115188545
49 0.0037054706526170747
50 0.003382302306624732
51 0.003382302306624732
52 0.0032845274819935503
53 0.003373306796188232
54 0.0033786216991620235
55 0.0033407972127813173
56 0.0033407972127813173
57 0.0029626723771312654
58 0.0029483459543081423
59 0.0029231975611836527
60 0.002911604337328111
61 0.0029578562020592647
62 0.0030931630787946925
63 0.0032138574971219097
64 0.0033804070880677313
65 0.0033671949689378314
66 0.0032565652724979985
67 0.0026798822785140397
68 0.0026798822785140397
69 0.0026798822785140397
70 0.0026798822785140397
71 0.0026798822785140397
72 0.0026798822785140397
73 0.0029462955978206027
74 0.0026798822785140397
75 0.0026798822785140397
76 0.0026798822785140397
77 0.0026798822785140397
78 0.0031049640772232876
79 0.003271323144742265
80 0.003271323144742265
81 0.0031843328058562036
82 0.003340122315935142
83 0.0033923204318237242
84 0.004099198351740324
85 0.004208993711172289
86 0.005050792453406747
87 0.006313490566758433
88 0.0041873510248383655
