7 0.0050327768359296554
8 0.0028926072749614964
9 0.002860298383902748
10 0.0024925672749614965
11 0.0024925672749614965
12 0.0022256302600710126
13 0.0018941178230405913
14 0.0018925072749614966
15 0.0018925072749614966
16 0.001509371031941776
17 0.0014924672749614964
18 0.0016200926395423323
19 0.0016200926395423323
20 0.0016200926395423323
21 0.0016200926395423323
22 0.0014983889139600379
23 0.0014983889139600379
24 0.0014983889139600379
25 0.0014983889139600379
26 0.0014983889139600379
27 0.0014983889139600379
28 0.0015219614852274564
29 0.0015219614852274564
30 0.0015219614852274564
31 0.0015219614852274564
32 0.0015219614852274564
