57 0.020383632959151066
58 0.01834526966323596
59 0.018752942322418982
60 0.017937597004052938
61 0.017529924344869916
62 0.01549156104895481
63 0.01467621573058877
64 0.016306906367320854
65 0.014268543071405747
66 0.015083888389771788
67 0.01467621573058877
68 0.014268543071405747
69 0.014268543071405747
70 0.01467621573058877
71 0.0048920719101962565
72 0.0044843992510132345
73 0.0036690539326471924
74 0.0032613812734641704
75 0.0032613812734641704
76 0.0028916054927623056
77 0.0032613812734641704
78 0.0028281622808473267
79 0.0028537086142811493
80 0.0028281622808473267
81 0.002546912088724567
82 0.002546912088724567
83 0.0028281622808473267
84 0.002516208410118926
85 0.002516208410118926
86 0.002516208410118926
87 0.002516208410118926
88 0.0028590391402320585
89 0.002516208410118926
90 0.002516208410118926
91 0.002516208410118926
92 0.002516208410118926
93 0.002516208410118926
94 0.002516208410118926
95 0.0030047307701786615
96 0.002546912088724567
97 0.0025288764157349614
98 0.010599489138758555
99 0.0024715908179033397
100 0.0024715908179033397
101 0.0024244483652373096
102 0.0024244483652373096
103 0.00243838130993569
104 0.0016992140499433063
105 0.002051364326457286
106 0.0025199221912021335
107 0.0020659919626883935
108 0.0020516823806718334
109 0.0024248242156563035
110 0.0024979223741910753
111 0.0020325930239330457
112 0.0020404153284249472
113 0.002892544991271735
114 0.002063301080298842
116 0.0020949905495023114
117 0.002428213756531737
119 0.0024944074911194226
