21 0.002235408542503258
22 0.002235408542503258
23 0.0018902951374316266
24 0.0016537715542221797
25 0.0016834472534687232
26 0.0016353485425032576
27 0.0016768614008006453
28 0.0014931483565921192
29 0.0014537515542221797
30 0.0014537515542221797
31 0.0014537515542221797
32 0.0014537515542221797
33 0.0014671995032681411
34 0.0014537515542221797
35 0.0014410960434663041
36 0.001287280537255965
37 0.001287280537255965
38 0.0010902151374316265
39 0.001088785935787583
40 0.001088785935787583
41 0.001088785935787583
42 0.001088785935787583
43 0.0010902151374316265
44 0.0010902151374316265
45 0.0010931188030011297
46 0.0010931188030011297
47 0.0012180266310808908
48 0.0012492831130534714
49 0.0012492831130534714
50 0.0012631016928579112
51 0.0012901133013832411
52 0.0012948759860310119
53 0.00185379155422218
55 0.0012956729965728346
