21 0.014789553910254926
22 0.014296568779913095
23 0.014322657783209122
24 0.014296568779913095
25 0.014322657783209122
26 0.008994457294989716
27 0.009889462415886447
28 0.009643958230783218
29 0.00885082606249316
30 0.00885082606249316
31 0.008380747215811125
32 0.008197364496165736
33 0.007257571938131554
34 0.007257571938131554
35 0.007220366060629526
36 0.0069226236911205125
37 0.007220366060629526
38 0.008442056994576267
39 0.009342538621520558
40 0.008516570696305261
41 0.007901898179724916
42 0.008010219369288007
43 0.008289741746194151
44 0.00798133202291396
45 0.00798133202291396
46 0.00798133202291396
47 0.008316000811150017
48 0.008994457294989716
49 0.010420446920128515
50 0.017209939565958923
51 0.008616305339297211
52 0.011740236439270612
