86 0.018489537352493614
87 0.018489537352493614
88 0.018489537352493614
89 0.016206226052607922
90 0.01710670290626689
91 0.01710670290626689
92 0.01710670290626689
93 0.01280797964284736
94 0.01280797964284736
95 0.01280797964284736
96 0.010407057877754387
97 0.010407057877754387
98 0.010407057877754387
99 0.010992454942078497
100 0.010992454942078497
101 0.009907803230539823
102 0.009850695593411035
103 0.009426479267180784
104 0.00943587220942771
105 0.009426479267180784
106 0.009426479267180784
107 0.009850695593411035
108 0.009426479267180784
109 0.009850695593411035
110 0.009574493247534035
111 0.009990775562644211
112 0.009990775562644211
113 0.01032930014547823
114 0.01032930014547823
115 0.011178473977199364
116 0.011239622507974738
117 0.010389127193898864
118 0.010005820109855422
119 0.013200927457881382
120 0.014026199307779031
121 0.014126453335460535
122 0.01382566126289365
123 0.014753973582611643
124 0.01250733156395836
125 0.01888484352929469
