9 0.0038929359195366236
10 0.003685732230774642
11 0.003049463113053471
12 0.003049463113053471
13 0.0028688674606011
14 0.002426114776341701
15 0.002294975986031012
16 0.002294975986031012
17 0.002256403002514228
18 0.0020672595032681412
19 0.0020672595032681412
20 0.0020672595032681412
21 0.002222262799508518
22 0.0016967984882686584
23 0.0018888659357875833
24 0.0016503107241033067
25 0.001667219503268141
26 0.001487300537255965
27 0.0014514312351881404
28 0.0014514312351881404
29 0.0014514312351881404
30 0.0014514312351881404
31 0.0014671995032681411
32 0.0014671995032681411
33 0.0014665172676086155
34 0.0014665172676086155
35 0.0012537315542221798
36 0.0012537315542221798
37 0.0012537315542221798
38 0.0012537315542221798
39 0.0012537315542221798
40 0.0012537315542221798
41 0.0012572565951216982
42 0.0012572565951216982
43 0.0012572565951216982
44 0.0012572565951216982
45 0.0012572565951216982
46 0.00125968142766142
47 0.0014148528770339605
48 0.001485922700668427
49 0.0014561120420263885
50 0.0014148528770339605
51 0.001484660502117576
52 0.0018312157696189653
