2 0.008428911059191843
3 0.005888744726437844
4 0.004488604726437844
5 0.0036885247264378442
6 0.0032283910591918417
7 0.0028884447264378443
8 0.0024884047264378444
9 0.0022637758850329536
10 0.0022637758850329536
11 0.0022637758850329536
12 0.0022637758850329536
13 0.0022637758850329536
14 0.0022745200015347874
15 0.0022745200015347874
16 0.0022745200015347874
17 0.0023051277960698877
18 0.0023051277960698877
19 0.0023051277960698877
20 0.002363006553306117
21 0.002589756578655486
22 0.003846920459258231
23 0.002717350081274307
