28 0.005946875958874012
29 0.005537735484299698
30 0.005537735484299698
31 0.005329945523293337
32 0.003453394975800649
33 0.002973437979437006
34 0.002932235614725498
35 0.002647348587386319
36 0.0024335910218310367
37 0.0024335910218310367
38 0.00242270251058788
39 0.00242270251058788
40 0.0022810150125711403
41 0.0022810150125711403
42 0.0020662469211129054
43 0.0020662469211129054
44 0.0020662469211129054
45 0.0019790689864606394
46 0.001994625183202906
47 0.001994625183202906
48 0.001994625183202906
49 0.0019721134263684767
50 0.0019721134263684767
51 0.0022728654064229853
52 0.001979103944124047
53 0.001979103944124047
54 0.001979103944124047
55 0.0019866339530746333
56 0.0022628121112708978
57 0.0024335910218310367
58 0.00242270251058788
