3 0.0036875438010097713
4 0.002692338711251681
5 0.0024748526096474745
6 0.001940956314846024
7 0.001745784188420032
8 0.0016873438010097709
9 0.001545764188420032
10 0.0013408963148460239
11 0.0012921987112516809
12 0.0012223085889952034
13 0.0012171461389345554
14 0.001133557877528728
15 0.0010171261389345552
16 0.0010157882122632466
17 0.0009408563148460238
18 0.0009148639123802676
19 0.0008872638010097709
20 0.0008685796994612002
21 0.0008685796994612002
22 0.0008685796994612002
23 0.0008685796994612002
24 0.0009457041884200319
26 0.00205849554042988
27 0.00185847554042988
