27 0.015291909912218696
28 0.015243271872600184
29 0.014163957247870732
30 0.014007810122792171
31 0.014007810122792171
32 0.014007810122792171
33 0.014007810122792171
34 0.014007810122792171
35 0.014007810122792171
36 0.014007810122792171
37 0.014601546130986222
38 0.014601546130986222
39 0.014100224534355721
40 0.014625540997696177
41 0.014625540997696177
42 0.015243271872600184
43 0.015291909912218696
44 0.014696067223287208
45 0.014696067223287208
46 0.015832831552992376
47 0.015861002747504193
48 0.015861002747504193
49 0.015861002747504193
50 0.017277031015237837
51 0.019225220771570378
52 0.02043273763718608
53 0.01887731902517616
54 0.020341606953602452
55 0.020686514450401546
56 0.020889516128742354
57 0.023307035384740847
58 0.021161732774677932
59 0.029962469659806014
62 0.04262581023237427
63 0.03033621046100924
