3 0.014651888814942669
4 0.010451468814942667
5 0.00883168851094376
6 0.007089623934165547
7 0.006451068814942668
8 0.005450968814942668
9 0.004875670393850317
10 0.004421632260500396
11 0.004009520338596546
12 0.003807225562349168
13 0.0036365316901907025
14 0.0036365316901907025
15 0.0036365316901907025
16 0.0036365316901907025
17 0.0036501457639265015
18 0.0036365316901907025
19 0.0036606818482642755
20 0.0036365316901907025
21 0.0036365316901907025
22 0.003664055126592898
23 0.0036828150345895845
24 0.0036828150345895845
25 0.0036828150345895845
26 0.0036828150345895845
27 0.0036828150345895845
28 0.0036828150345895845
29 0.0036828150345895845
30 0.0036828150345895845
31 0.0036828150345895845
32 0.0036828150345895845
33 0.0036828150345895845
34 0.003807225562349168
35 0.0038215722605003965
36 0.0038640751265928974
37 0.00387963141549764
38 0.003875570393850317
39 0.0038883848825512026
40 0.0038883848825512026
41 0.00387963141549764
42 0.004275610393850317
43 0.006488644882551203
44 0.009300121889022902
45 0.00607486602941667
46 0.0062609418482642756
47 0.00644667625337296
48 0.006274886029416669
49 0.009278186971969409
50 0.009675091451905333
