1 0.0911202804523779
2 0.0457025175639746
3 0.031077711943502728
4 0.023029357127422982
5 0.01822405609047558
6 0.015080172518901836
7 0.012954013384175428
8 0.011845636458809128
9 0.010358069114168152
10 0.010023230849761568
11 0.008682523571488935
12 0.007894271999900962
13 0.007332701272792608
14 0.006753398784191076
15 0.0064072988534362866
16 0.005877873136289748
17 0.005716358455283637
18 0.0052966482492658295
19 0.004988078758614769
20 0.004951461718909491
21 0.004951461718909491
22 0.004951461718909491
23 0.0042435215444699866
24 0.004044791711593902
25 0.004101079334060868
26 0.0042690973631427645
27 0.00431800446139181
28 0.004391586838236803
29 0.004499895024540997
30 0.004496267494190813
31 0.004486109329257588
32 0.004570251756397459
33 0.004933919999938101
34 0.005125479900204951
35 0.005188102807380236
36 0.005031296790353839
37 0.0050156607537893885
38 0.0050156607537893885
39 0.0050156607537893885
40 0.0050156607537893885
41 0.0050156607537893885
42 0.0055870849940772875
43 0.006190514139946813
44 0.006549488614456932
45 0.006795178377572974
46 0.00714290093070786
47 0.007347341420362185
48 0.008762577160830076
49 0.007476848882095979
50 0.007476848882095979
51 0.009407777265928032
52 0.011458499914165726
56 0.010788807837489787
