54 0.001016539322027477
55 0.001016539322027477
56 0.001016539322027477
57 0.001016539322027477
58 0.001016539322027477
59 0.001016539322027477
60 0.001016539322027477
61 0.0010184808184211297
62 0.0010184808184211297
63 0.0010184808184211297
64 0.0010061695898791708
65 0.001005924808630245
66 0.0010046906805665304
67 0.0010046906805665304
68 0.0008219476725817006
69 0.000821335210204902
70 0.0008204787842518231
71 0.0008204555702914038
72 0.0008204787842518231
73 0.0008204787842518231
74 0.0008204787842518231
75 0.000821335210204902
76 0.0008156382494819882
77 0.0008156382494819882
78 0.0008156382494819882
79 0.0008149520575574131
80 0.0008149520575574131
81 0.0008149520575574131
82 0.0008149520575574131
83 0.0008093667620366788
84 0.0008093667620366788
85 0.0008093667620366788
86 0.0008094444783555015
87 0.0008080242009733343
88 0.0008080242009733343
89 0.0008080242009733343
90 0.0008080242009733343
91 0.0008064877189953377
92 0.0008064877189953377
93 0.0008061532842251551
94 0.0008058449150467798
95 0.0008058020384263108
96 0.000805714250789023
97 0.0008051534725444073
98 0.0008046706805665303
99 0.0008046706805665303
100 0.0006247438092121152
101 0.0006247438092121152
102 0.0008041450463549473
103 0.0008041450463549473
104 0.0008046706805665303
105 0.000804304750905674
106 0.000804549130923517
107 0.0006188649583565562
108 0.0006186390157966559
109 0.0006184408184211296
110 0.0006179628883180517
111 0.0006162188905578742
112 0.000616032533777593
113 0.000616032533777593
114 0.0006161119681752024
115 0.0006161119681752024
116 0.0006161119681752024
117 0.0006149320575574132
118 0.0006149320575574132
119 0.0006141229865280126
120 0.000614073774061141
121 0.0006138321281388033
122 0.0006134699036370184
123 0.0006134092207096902
124 0.0006124887022936253
125 0.0006124887022936253
126 0.0006124887022936253
127 0.0006124887022936253
128 0.0006121342674475284
129 0.0006121237902287135
130 0.0006118602330166318
131 0.0006118602330166318
132 0.0006116153746574651
133 0.0006110959528046234
134 0.0006105592960458406
135 0.0006106341982758645
136 0.0006101668351517831
137 0.0006098726383730739
138 0.0006098726383730739
139 0.0006096152477016834
140 0.0006093849039661427
141 0.0006093849039661427
142 0.0006093467620366789
143 0.0006093115561920402
144 0.0006093115561920402
145 0.0006090263276817415
146 0.0006086943030898114
147 0.0006086943030898114
148 0.0006086815273164774
149 0.0006086815273164774
150 0.0006086638511221135
151 0.0006085422317852349
152 0.0006085208094098007
153 0.00060844423392383
154 0.0006082231828120797
155 0.0006081552054936554
156 0.0006081552054936554
157 0.0006081233738066365
158 0.0006080042009733343
159 0.0006076755581267577
160 0.0006076112859221653
161 0.0006074463878204342
162 0.000607391366623303
163 0.000607367931325218
164 0.0006072743077882941
165 0.0006072427704718563
166 0.00060719416097481
167 0.0006071602497128752
168 0.0006071288676254545
169 0.0006071088501480334
170 0.0006071035124582478
171 0.0006070245355075985
172 0.0006069826340391434
173 0.0006069568779118722
174 0.0006067633883122942
175 0.0006067089565174736
176 0.0006066037330527943
177 0.000606537780530493
178 0.0006064773598296037
179 0.0006064677189953377
180 0.0006061332842251551
181 0.0006061295898791709
182 0.0006061278953157735
183 0.0006059175862819311
184 0.0006058848086302449
185 0.0006058249150467798
186 0.0006057820384263109
187 0.0006057507430894107
188 0.0006056942507890231
189 0.0006056307932776324
190 0.0006051787587952257
191 0.0006051334725444074
192 0.0006046506805665303
193 0.0006045291309235171
194 0.0006045117670083584
195 0.000604284750905674
196 0.0006042507348068167
197 0.0006042195638884282
198 0.0006041401023188192
199 0.0006041250463549473
200 0.0004249054161024802
