46 0.004636010571754933
47 0.004598786103415997
48 0.004598786103415997
49 0.004598786103415997
50 0.004598786103415997
51 0.004101863497799971
52 0.004101863497799971
53 0.003824521927385349
54 0.003824521927385349
55 0.003824521927385349
56 0.003824521927385349
57 0.0038246070336419215
58 0.0037247886675270433
59 0.0037247886675270433
60 0.0035157549724404566
61 0.0035157549724404566
62 0.0035157549724404566
63 0.0035157549724404566
64 0.0035157549724404566
65 0.0033721362121070034
66 0.0033721362121070034
67 0.0033721362121070034
68 0.0033721362121070034
69 0.003073555481643533
70 0.0032820039604635866
71 0.002871753465405638
72 0.0029746281657441597
73 0.0029746281657441597
74 0.0029266758352971874
75 0.0029266758352971874
76 0.0028757283807760202
77 0.002899061154143591
78 0.002899061154143591
79 0.003172257184212503
80 0.003172257184212503
81 0.003172257184212503
82 0.003684546945900151
83 0.0041961162815100555
84 0.0036781781284362693
85 0.003794970145711761
87 0.004660866524105125
88 0.004234961231295882
