37 0.0014121851184845358
38 0.0014121851184845358
39 0.0014077396567723623
40 0.0012237555054639905
41 0.001221787283195235
42 0.001218283511908892
43 0.0012181779493844864
44 0.0012218654753129521
45 0.0012218654753129521
46 0.0012234469867471772
47 0.0012101104799703743
48 0.0012082211609072543
49 0.0012071641679473602
50 0.0010250072230242092
51 0.0010234878762998296
52 0.0010218454753129521
53 0.0010217371571024736
54 0.0010186263343044406
55 0.0010175105967263711
56 0.0010155085255619614
57 0.001021767283195235
58 0.0010218454753129521
59 0.0010109271691648664
60 0.0010106385577131605
61 0.001009793056052803
62 0.0010123628919234669
63 0.0010076044572581212
64 0.0010071027850845524
65 0.001005806820292381
66 0.0010046181110635588
67 0.000824672100601497
68 0.0008237155054639904
69 0.000822318238197119
70 0.000821747283195235
71 0.0008200764478624339
72 0.0008186063343044404
73 0.0008181379493844862
74 0.0008172974502410708
75 0.000817173549877689
76 0.0008158970746021411
77 0.0008158970746021411
78 0.0008129200761294983
79 0.0008120943904500465
80 0.000811798694325094
81 0.0008115504250343805
82 0.0008110871176941433
83 0.0008107666760109402
84 0.0008100704799703743
85 0.0008092636180810106
86 0.0008089590387907994
87 0.0008088280474918818
88 0.000808202487677393
89 0.0008078869692733353
90 0.000807584457258121
91 0.0008070827850845524
92 0.0008064744222317709
93 0.0008060397585721199
94 0.0008057363786770068
95 0.0008053333213778411
96 0.0008051930458380547
97 0.0008047449404459643
98 0.000804543226582249
99 0.0008042441376243305
100 0.0006249154230092103
101 0.0006236955054639904
102 0.0006233869867471773
103 0.0006223724056633427
104 0.0006220821163880903
105 0.0006214446303639264
106 0.000620386643641029
107 0.0006202838582843621
108 0.0006200147806624849
109 0.0006185939975889413
110 0.0006185863343044404
111 0.0006185420669985896
112 0.0006182995853770203
113 0.0006180013810145605
114 0.0006172726943753218
115 0.0006171983123107993
116 0.0006164163229185706
117 0.0006161906870114485
118 0.0006158770746021411
119 0.0006154685255619614
120 0.0006151952492194564
121 0.0006148878225431245
122 0.0006144979232103374
123 0.0006144900078676641
124 0.000614123396021004
125 0.000613928884133214
126 0.0006140885012034584
127 0.000613928884133214
128 0.0006129903857092116
129 0.0006122064417266211
130 0.0006121051184845358
131 0.0006120878874175451
132 0.0006120743904500465
133 0.0006120504173007177
134 0.0006118200829060918
135 0.0006118105095962385
136 0.000611778694325094
137 0.0006117438215382358
138 0.0006118200829060918
139 0.0006117438215382358
140 0.0006115746528749318
141 0.000611476800369495
142 0.0006113457906534009
143 0.0006110671176941434
144 0.0006110671176941434
145 0.0006107466760109403
146 0.0006105985577131605
147 0.0006102800305260872
148 0.0006101168247342511
149 0.0006100645455289367
150 0.0006093736018352722
151 0.0006093465219959789
152 0.0006093008533247352
153 0.0006092436180810106
154 0.0006091934559868319
155 0.0006089903283976346
156 0.0006089390387907994
157 0.000608909308726889
158 0.0006089390387907994
159 0.0006088080474918818
160 0.0006087998997633819
161 0.0006083075641940254
162 0.000608182487677393
163 0.0006081611609072542
164 0.0006081611609072542
165 0.0006079738162897174
166 0.0006079389694018458
167 0.0006076610139553564
168 0.0006076596567723622
169 0.0006075767280711987
170 0.0006075767280711987
171 0.000607523339515529
172 0.0006074456778835374
173 0.0006071291411325602
174 0.0006071041679473602
175 0.0006070627850845524
176 0.0006067973939832794
177 0.0006067428132880718
178 0.0006066048582393339
179 0.0006064544222317709
180 0.0006063749126132905
181 0.0006063408410732455
182 0.0006062602174704485
183 0.0006061592873085966
184 0.0006060197585721199
185 0.0006057668202923809
186 0.0006057163786770068
187 0.0006056424811320133
188 0.000605374252823063
189 0.0006053133213778411
190 0.0006052589965117462
191 0.0006051730458380547
192 0.0006047249404459643
193 0.000604692939206666
194 0.0006045781110635588
195 0.000604523226582249
196 0.0006043301399903267
197 0.0006042241376243305
198 0.000604101606070741
