5 0.0023657622154562323
6 0.0018158682122632467
7 0.001765702215456232
8 0.0014268775860854527
9 0.0013728388496444832
10 0.0012686196994612002
11 0.0012686196994612002
12 0.0012171461389345554
13 0.0011457241884200318
14 0.001165642215456232
15 0.0011457241884200318
16 0.0011457241884200318
17 0.0011457241884200318
18 0.0011457241884200318
19 0.0013005829246791863
20 0.001345744188420032
21 0.0013005829246791863
22 0.0014625779573785472
23 0.0014625779573785472
24 0.0015006029246791863
25 0.001692238711251681
27 0.00205849554042988
