1 0.0848326880030414
2 0.045326603684681124
3 0.02975205367967971
4 0.022351110905000953
5 0.018118623294057095
6 0.014947864217597102
7 0.012901891721099934
8 0.01137904573172493
9 0.01012615614232238
10 0.009215636943642809
11 0.008359113503465763
12 0.0077631456012658365
13 0.007247449317622837
14 0.0066774675283923
15 0.006341518152919983
16 0.00578512154882661
17 0.005420744604467065
18 0.005358986487817649
19 0.005062905404425981
20 0.004867678320285829
21 0.004660349984430531
22 0.004660349984430531
23 0.004244321451128891
24 0.004096456463420974
25 0.003983050700794456
26 0.0038486848949494078
27 0.0037400804228153537
28 0.0037355512710089984
29 0.0037355512710089984
30 0.0036376184324778075
31 0.0036376184324778075
32 0.0036376184324778075
33 0.003784498136533633
34 0.0037860679533712133
35 0.0037860679533712133
36 0.0038535303614732636
37 0.004083436980132617
38 0.004083436980132617
39 0.004083436980132617
40 0.004108157061331473
41 0.004396415005131113
42 0.004259326447542615
43 0.0044238228462477516
44 0.0044238228462477516
45 0.004715912723476545
46 0.005600450320302124
47 0.005973123843287291
48 0.0068039736919983315
49 0.007939388129621725
50 0.007767038184036269
51 0.007257571938131554
52 0.01130938885763015
