102 0.009609090387877803
104 0.009806897242419968
105 0.006418339974583836
106 0.0066057745162551515
107 0.006012051205332658
109 0.007220142063443858
110 0.005607317905037554
111 0.00641884113482369
112 0.004813621422100798
113 0.005413467779959278
114 0.00782562973388782
115 0.008223531587865054
116 0.005011210589531031
117 0.006013043653160551
118 0.004624344803339558
119 0.005809971964204023
120 0.006624660623344887
121 0.006806314475149795
122 0.005613626498966044
123 0.010017517399927395
124 0.006411018601492702
125 0.0052153401038061075
127 0.0074197654015864525
128 0.008606475920058873
