24 0.01935178582355799
25 0.01935178582355799
26 0.01935178582355799
27 0.01935178582355799
28 0.01935178582355799
29 0.01935178582355799
30 0.01935178582355799
31 0.019866306503125306
32 0.020603856366199755
33 0.020603856366199755
34 0.017414952057170627
35 0.020603856366199755
36 0.018995532773881236
37 0.018995532773881236
38 0.018995532773881236
39 0.018995532773881236
40 0.018995532773881236
41 0.018995532773881236
42 0.018995532773881236
43 0.018995532773881236
44 0.01935178582355799
45 0.020603856366199755
46 0.020691653679995498
47 0.020691653679995498
48 0.025938178511379178
49 0.02734742866300667
50 0.02612749524178972
51 0.028120762427880617
52 0.031347520174326717
53 0.02609143036904707
54 0.028463133628845592
55 0.028463133628845592
56 0.028463133628845592
57 0.028463133628845592
58 0.04603015201931185
