24 0.00587048443269381
25 0.00247014443269381
26 0.0024134429677733294
27 0.0024134429677733294
28 0.00227012443269381
29 0.0016609218471821405
30 0.0016243034400152071
31 0.0016243034400152071
32 0.0014396490209942297
33 0.0014396490209942297
34 0.0014396490209942297
35 0.0014396490209942297
36 0.0012852966000791149
37 0.0012571661409869115
38 0.0012604569333520429
39 0.0012604569333520429
40 0.0012571661409869115
41 0.0012582986088196118
42 0.0012582986088196118
43 0.0012604569333520429
44 0.0012700244326938098
45 0.0012700244326938098
46 0.0012700244326938098
47 0.0012668041933585105
48 0.0012228367091169398
49 0.0012228367091169398
50 0.0012228367091169398
51 0.0012228367091169398
52 0.0012228367091169398
