19 0.0014743057575952632
20 0.0014653225226136089
21 0.0014653225226136089
22 0.0012742857575952632
23 0.0012742857575952632
24 0.001256399863887345
25 0.0012398747395732461
26 0.0012398747395732461
27 0.001256399863887345
28 0.0012398747395732461
29 0.0010616401978638245
30 0.0010616401978638245
31 0.001061996499300861
32 0.0010284299859562333
33 0.0010284299859562333
34 0.0010284299859562333
35 0.0008831999117221952
36 0.0008831999117221952
37 0.0008801983625233902
38 0.0008831999117221952
39 0.0008586111531487505
40 0.0008530522999008973
41 0.0008530522999008973
42 0.0008482944670036051
43 0.0008482944670036051
44 0.0008498177191578707
45 0.0008482944670036051
46 0.0008271131418420526
47 0.0008232744842839286
48 0.0008271131418420526
49 0.0008348480102699216
50 0.0006996309026049599
51 0.0006919725808134804
52 0.0006908672036097624
53 0.0006801783625233902
54 0.0006789640471672903
55 0.0006779720357145214
56 0.0006772960955424938
57 0.0006763854809914269
58 0.0006763854809914269
59 0.0006763854809914269
60 0.0006763854809914269
61 0.0006687878220478931
62 0.0006678731898007815
63 0.0006585911531487506
64 0.0006585911531487506
65 0.0006584622989462591
66 0.0006584622989462591
67 0.0006485133755670285
68 0.0006482744670036052
69 0.0006482744670036052
70 0.0006482744670036052
71 0.0006463319799784703
72 0.0006452540529635245
73 0.0006463319799784703
74 0.0006452540529635245
75 0.0006361927846051311
76 0.0006361927846051311
77 0.0006361927846051311
78 0.0006302964370142329
79 0.0006283899859562332
80 0.0006283899859562332
81 0.0006283899859562332
82 0.0006283899859562332
83 0.0006232544842839287
84 0.0006228730442258592
85 0.0006228730442258592
86 0.0006228730442258592
87 0.0006995880930845041
