95 0.0016335763455902512
96 0.0016335763455902512
97 0.0016335763455902512
98 0.0016335763455902512
99 0.0016335763455902512
100 0.0016561273177112758
101 0.0016561273177112758
102 0.0016561273177112758
103 0.0016235384339932013
104 0.0016235384339932013
105 0.001261731747202201
106 0.001261731747202201
107 0.0012580342963827732
108 0.0012580342963827732
109 0.0012580342963827732
110 0.0012579743077386183
111 0.0012579743077386183
112 0.0012514259657074559
113 0.0012514259657074559
114 0.0012514259657074559
115 0.0012514259657074559
116 0.0012507330724897713
117 0.0012507330724897713
118 0.0012499255831057026
119 0.0012499255831057026
120 0.0012507330724897713
121 0.0012514259657074559
122 0.0012479577151615338
123 0.0012479577151615338
124 0.0012479577151615338
125 0.0012479577151615338
126 0.0012514259657074559
127 0.001263155203410138
128 0.0012479577151615338
129 0.0012479577151615338
130 0.0012661018425468998
131 0.0012580342963827732
132 0.0012703243053380406
133 0.0016235384339932013
134 0.0012580342963827732
135 0.0012640623469998783
136 0.0012585234578894916
137 0.0012638422363606817
138 0.0016277647823933665
139 0.0016235384339932013
140 0.001622533653098077
141 0.0012640623469998783
