1 0.08621115392379303
2 0.04612296734922927
3 0.030807379402087432
4 0.02249427702374638
5 0.01866297946652822
6 0.015534472954047517
7 0.013677967701495982
8 0.012654673313521391
9 0.011750630647587955
10 0.011429790608777093
11 0.011429790608777093
12 0.011429790608777093
13 0.011429790608777093
14 0.011429790608777093
15 0.011469094803416709
16 0.01039185342756449
17 0.01039185342756449
18 0.01039185342756449
19 0.010186037242874047
20 0.00995358904881505
21 0.010152515054549446
22 0.010186037242874047
23 0.00996151838257052
24 0.00996151838257052
25 0.010204387959033185
26 0.01039185342756449
27 0.01039185342756449
28 0.01039185342756449
29 0.01039185342756449
30 0.01039185342756449
31 0.01039185342756449
32 0.01039185342756449
33 0.01039185342756449
34 0.010471782211815257
35 0.010471782211815257
36 0.010471782211815257
37 0.010707800496056564
38 0.010836670229805709
39 0.010836670229805709
40 0.010885071692682258
41 0.011329246149342331
42 0.011379646672148677
43 0.011874623664744283
44 0.012806973907952202
45 0.01370523568141229
46 0.014774869195367081
47 0.015130178529751622
48 0.01576242942517194
49 0.01618743222145863
50 0.015844502709321872
51 0.016379319466299266
52 0.019359193296579657
53 0.020123036765141038
54 0.02028581542727148
55 0.02249427702374638
56 0.020081505700305778
57 0.04236136403665497
58 0.028128748524984398
59 0.045784879661700806
