5 0.0025134025409493835
6 0.002004656113312301
7 0.0016504218149946878
8 0.0014551775748742257
9 0.0013132825409493834
10 0.0012375769472683447
11 0.00122719882650615
12 0.0011040144220345338
13 0.0010096700767706795
14 0.0010045561133123007
15 0.0008989706402528563
16 0.0008816362081312948
17 0.0008417741755240678
18 0.0008417741755240678
19 0.0008417741755240678
20 0.000850341814994688
21 0.000850341814994688
22 0.000856404382151498
23 0.000856404382151498
24 0.000856404382151498
25 0.000856404382151498
26 0.0008784609414437198
