24 0.009735356640571659
25 0.004962117581013578
26 0.005354446152314413
27 0.005354446152314413
28 0.004281501602785931
29 0.0038831167729314418
30 0.0032553812296174348
31 0.0032553812296174348
32 0.0029865619216436455
33 0.002752998547961829
34 0.002669644202576723
35 0.002435364734224949
36 0.0027838686042815147
37 0.0024338391601429147
38 0.0024338391601429147
39 0.002442452780628396
40 0.002224703502147269
41 0.002224703502147269
42 0.0018677756355044992
43 0.0018677756355044992
44 0.0022215939459411227
45 0.0018414277334081706
46 0.0018414277334081706
47 0.0019661434872212226
48 0.0019407864003164591
49 0.0019407864003164591
50 0.0019407864003164591
