13 0.01066870745434367
14 0.010256293791107124
15 0.007307814030551094
16 0.007284862678720402
17 0.007284862678720402
18 0.007284862678720402
19 0.007679246321984869
20 0.007679246321984869
21 0.007679246321984869
22 0.007679246321984869
23 0.007679246321984869
24 0.007679246321984869
25 0.007679246321984869
26 0.007679246321984869
27 0.007679246321984869
28 0.007679246321984869
29 0.007679246321984869
30 0.007679246321984869
31 0.007679246321984869
32 0.007679246321984869
33 0.007679246321984869
34 0.007679246321984869
35 0.008063199163845906
36 0.007768883706653549
37 0.008063199163845906
38 0.008063199163845906
39 0.008063199163845906
40 0.008063199163845906
41 0.00823505724205574
42 0.009274563323082413
43 0.009274563323082413
44 0.007889975810170142
45 0.007889975810170142
46 0.007889975810170142
47 0.008365856740180151
48 0.008365856740180151
49 0.008365856740180151
50 0.008365856740180151
51 0.008365856740180151
52 0.008365856740180151
53 0.008462550687257422
54 0.008462550687257422
