12 0.008037179931223474
13 0.004881817737375302
14 0.004646213195477921
15 0.004646213195477921
16 0.004246173195477921
17 0.004246173195477921
18 0.004081465611868677
19 0.004081465611868677
20 0.003435445717143772
21 0.003070526014585728
22 0.003070526014585728
23 0.003070526014585728
24 0.003070526014585728
25 0.003070526014585728
26 0.003070526014585728
27 0.003070526014585728
28 0.003070526014585728
29 0.003070526014585728
30 0.003070526014585728
31 0.003070526014585728
32 0.003070526014585728
33 0.003070526014585728
34 0.003099972071943873
35 0.003099972071943873
36 0.003099972071943873
37 0.003099972071943873
38 0.003099972071943873
39 0.003099972071943873
40 0.003099972071943873
41 0.003099972071943873
42 0.0034965317581013584
43 0.004417400354189775
44 0.004470270231323532
45 0.0036825379115391615
46 0.0036825379115391615
47 0.003692052559027398
48 0.003692052559027398
49 0.004691975871805306
51 0.004866494998443054
52 0.004258598608819612
