23 0.010131789434071784
24 0.009325202864443475
25 0.008988226380202162
26 0.0086306622736458
27 0.00791271984572001
28 0.00791271984572001
29 0.00791271984572001
30 0.00791271984572001
31 0.00791271984572001
32 0.007212795900158303
33 0.007084074373697711
34 0.006919397279375572
35 0.007212795900158303
36 0.007212795900158303
37 0.007212795900158303
38 0.007212795900158303
39 0.007212795900158303
40 0.007212795900158303
41 0.007278170634076493
42 0.007278170634076493
43 0.007278170634076493
44 0.007278170634076493
45 0.007278170634076493
46 0.007278170634076493
47 0.007376568496365126
48 0.007718782270582073
49 0.008760460161636138
50 0.00826265681932302
51 0.009336411028588187
54 0.02392830373562812
