21 0.025702715446821706
22 0.025702715446821706
23 0.025702715446821706
24 0.025702715446821706
25 0.025702715446821706
26 0.025702715446821706
27 0.020329999091065826
28 0.020329999091065826
29 0.020329999091065826
30 0.020329999091065826
31 0.020329999091065826
32 0.020329999091065826
33 0.020329999091065826
34 0.020329999091065826
35 0.020883634733771122
36 0.025510762199486305
37 0.025510762199486305
38 0.025510762199486305
39 0.025510762199486305
40 0.025510762199486305
41 0.025510762199486305
42 0.025510762199486305
43 0.025510762199486305
44 0.025510762199486305
45 0.025510762199486305
46 0.025510762199486305
47 0.025510762199486305
48 0.025510762199486305
49 0.025510762199486305
50 0.025510762199486305
51 0.025510762199486305
52 0.025510762199486305
53 0.0296887398525599
54 0.028984281513006423
55 0.04721044650834347
56 0.0473193715332099
