2 0.009518030081274309
3 0.005917670081274307
4 0.004647000459258231
5 0.003905287796069888
6 0.0031052077960698875
7 0.0028884447264378443
8 0.002448586432747142
9 0.0023051277960698877
10 0.0023051277960698877
11 0.0023051277960698877
12 0.0023051277960698877
13 0.0023051277960698877
14 0.0023051277960698877
15 0.0023051277960698877
16 0.002363006553306117
17 0.0023051277960698877
18 0.0023051277960698877
19 0.002363006553306117
20 0.0024884047264378444
21 0.0027051677960698876
22 0.0023634176587072086
23 0.0031634976587072085
24 0.004989996578655486
25 0.0035174300812743074
