2 0.004451338459319682
3 0.0031699858636965047
4 0.00242133248326638
5 0.001970494881189182
6 0.001954134246745413
7 0.001570454881189182
8 0.0014928480858130957
9 0.0014212324832663797
10 0.0012928280858130958
11 0.0012517200906248026
12 0.001170414881189182
13 0.0010731125464955023
14 0.0010063631509845176
15 0.0009681420100547699
16 0.0009465412217319756
17 0.0008927880858130958
18 0.0008730925464955021
19 0.0008704152035345553
20 0.0008539430731434077
21 0.0008509784593196823
22 0.0008356821363636514
23 0.0008211724832663797
24 0.0008063431509845175
25 0.0007703748811891818
26 0.0007697458636965046
27 0.0007697458636965046
28 0.0007703748811891818
29 0.0008318954697670252
