92 0.0018114609560719924
95 0.0016191381099004622
96 0.0020143001758852084
97 0.0014215994026224937
99 0.0016099621297680246
100 0.00141205180298389
101 0.001414115988786652
102 0.0014041947275395517
103 0.0014065168849892817
104 0.001406287767060906
105 0.0012103728652914573
106 0.0014201070318670224
107 0.0012132983925376788
108 0.0012104364761343668
109 0.0014042573692760506
110 0.0014164403956985127
111 0.0012066186047866093
112 0.0018090486855288786
113 0.0016133607130388193
114 0.0012127602160597684
116 0.0012190981099004623
117 0.0014048222927552894
119 0.001415854581853237
