74 0.009408592659183023
75 0.009208572659183022
76 0.008408492659183022
77 0.008008452659183022
78 0.007608412659183022
79 0.005612023058924475
80 0.00542280491982973
81 0.005612011205332658
82 0.0052119830589244754
83 0.0052119830589244754
84 0.005408192659183022
85 0.005011963058924475
86 0.005208172659183022
87 0.005011951205332658
88 0.005011951205332658
89 0.005011963058924475
90 0.005011951205332658
91 0.005011951205332658
92 0.005208172659183022
93 0.005011951205332658
94 0.005011951205332658
95 0.005411991205332658
96 0.005011951205332658
97 0.005011951205332658
98 0.005011951205332658
99 0.005412003058924475
100 0.0052119830589244754
101 0.005806727767060906
102 0.005812031205332658
103 0.005812031205332658
104 0.005612023058924475
105 0.005606707767060907
106 0.007408392659183022
107 0.004612352521924919
108 0.004612352521924919
109 0.004612352521924919
110 0.004612352521924919
111 0.004612352521924919
112 0.004612352521924919
113 0.004612352521924919
114 0.006411862326076881
115 0.00580642421172984
116 0.005612798259149769
117 0.005608212659183022
118 0.00660872306568499
119 0.005422128864625766
120 0.005424540623344886
121 0.006608312659183022
122 0.005010752865291458
123 0.00740474318297819
125 0.005809971964204023
126 0.008811553466664401
