17 0.008055304333274362
18 0.007887762085469294
19 0.007887762085469294
20 0.008153380482325693
21 0.008153380482325693
22 0.007887762085469294
23 0.007887762085469294
24 0.007186540321461565
25 0.006819021255829855
26 0.006819021255829855
27 0.006979074492194433
28 0.006979074492194433
29 0.0062204630486351435
30 0.0062204630486351435
31 0.0062204630486351435
32 0.006223665517348693
33 0.006223665517348693
34 0.006260646161777916
35 0.006260646161777916
36 0.006260646161777916
37 0.006260646161777916
38 0.007665643009559003
39 0.007700414899974265
40 0.008435599887723083
41 0.007247449317622837
42 0.008745861754999343
43 0.007939388129621725
44 0.00814474569765644
45 0.008404990359770248
46 0.007152284075822954
47 0.011406709651130206
48 0.011179845028913218
49 0.010923883902455932
50 0.009270358509242922
51 0.011641039525371695
52 0.01326502797101358
53 0.009598388960725141
