68 0.0010042173692760507
69 0.001004211439593946
70 0.0010050325110501728
71 0.0008188544974053992
72 0.0008174050794517564
73 0.0008168480943951857
74 0.0008168480943951857
75 0.000815829905112274
76 0.000814180175885208
77 0.0008130551694499168
78 0.0008130551694499168
79 0.0008115312053326576
80 0.0008115430589244745
81 0.0008107263194560085
82 0.0008103328652914572
83 0.0008102327783889168
84 0.0008098821297680247
85 0.0008093816561206092
86 0.0008088718615746095
87 0.0008084012499132694
88 0.0008081508403959272
89 0.0008079627819929341
90 0.000806837905037554
91 0.000806837905037554
92 0.0008065125232127739
93 0.0008064568849892816
94 0.0008064568849892816
95 0.0008055527965908087
96 0.0008050125110501727
97 0.0008041973692760506
98 0.0008041973692760506
99 0.0008040887813621408
100 0.0006248435124858266
101 0.0006239448033395577
102 0.0006229888209344663
103 0.0006224320707213601
104 0.0006224320707213601
105 0.0006224210335142458
106 0.0006218699848572125
107 0.0006211480895019916
108 0.0006210491783282045
109 0.0006207382693758003
110 0.0006206353428405367
111 0.0006199140200204345
112 0.0006200270318670223
113 0.0006202012844114685
114 0.0006194820634438581
115 0.0006191997384900527
116 0.0006192563230802262
117 0.0006166260056862604
118 0.0006164549598022457
119 0.0006160041746764044
120 0.0006159728265377161
121 0.0006157745818532372
122 0.0006157745818532372
123 0.0006157745818532372
124 0.000615635813081457
125 0.0006141601758852081
126 0.0006143203517914765
127 0.0006141601758852081
128 0.000613412211443934
129 0.0006130351694499168
130 0.0006127002160597685
131 0.0006124298456722512
132 0.0006124298456722512
133 0.00061197180298389
134 0.0006113409560719922
135 0.000610770589531031
136 0.0006107334666644014
137 0.0006104386014927014
138 0.0006113409560719922
139 0.0006109018949270503
140 0.0006115230589244746
141 0.0006115225177356857
142 0.0006103128652914572
143 0.0006102813357126843
144 0.0006099446013310424
145 0.0006097126981715092
146 0.0006097126981715092
147 0.0006093616561206092
148 0.0006088518615746095
149 0.0006087711405767459
150 0.0006086291110025447
151 0.0006084741628902942
152 0.0006082833027763754
153 0.0006082833027763754
154 0.0006081903878778035
155 0.0006081230656849895
156 0.0006081215789209553
157 0.0006080117653232602
158 0.0006079588176769564
159 0.0006079427819929342
160 0.0006072367451617621
161 0.0006068940044946091
162 0.0006068179050375541
163 0.0006067620531805237
164 0.0006067620531805237
165 0.0006064925232127739
166 0.0006064825655178143
167 0.0006064368849892816
168 0.0006064139872066898
169 0.0006064104387084413
170 0.0006063957106286569
171 0.0006063861715158006
172 0.0006062882641572189
173 0.0006062077670609061
174 0.000606205619146202
175 0.0006060440053182769
176 0.0006059772424199685
177 0.0006059619296972267
178 0.0006059042117298399
179 0.0006056944751497948
180 0.0006056759200588726
181 0.0006056191351896808
182 0.0006055990051263229
183 0.0006055327965908087
184 0.0006055189173630919
185 0.0006052465951250474
186 0.0006051745162551509
187 0.0006049925110501727
188 0.0006048780231773837
189 0.0006048532779487465
190 0.000604746572936874
191 0.0006047422927552895
192 0.0006046861452760453
193 0.0006042132734629931
194 0.0006041773692760506
195 0.000604171439593946
196 0.0006041147275395516
197 0.0006040687813621408
198 0.0006040631829781896
199 0.0006040449470475356
200 0.00042501154725544104
