1 0.03631064585147262
2 0.020424738291453345
3 0.013796386402766682
4 0.01107948493490825
5 0.009417562194672012
6 0.0073420851993630295
7 0.006572623313404853
8 0.005900479950864301
9 0.005420008943944054
10 0.005420008943944054
11 0.005420008943944054
12 0.005420008943944054
13 0.005420008943944054
14 0.005420008943944054
15 0.005420008943944054
16 0.005554901358796661
17 0.005912737029757149
18 0.006509384593196822
19 0.0074065351450622145
20 0.006898193201383341
21 0.007811261511836187
22 0.012367830727073962
23 0.009892550618781373
24 0.009858934970107279
25 0.012318202145327393
27 0.031960548152985976
