1 0.016224849812864282
2 0.010624289812864281
3 0.005630109904124722
4 0.004375536733782532
5 0.004019525492353486
6 0.003175416733782532
7 0.0027897765786554854
8 0.002575356733782532
9 0.0022637758850329536
10 0.0022637758850329536
11 0.0022637758850329536
12 0.0022637758850329536
13 0.0022637758850329536
14 0.0022637758850329536
15 0.0022637758850329536
16 0.0022637758850329536
17 0.0022637758850329536
18 0.0023051277960698877
19 0.0023051277960698877
20 0.002317310081274307
21 0.0023897365786554855
22 0.002363006553306117
23 0.0036885247264378442
24 0.002963066553306117
25 0.004517530081274307
