2 0.0220250230427086
3 0.013669067778469655
4 0.010888637018021412
5 0.008288377018021412
6 0.0070235230427086
7 0.006223443042708599
8 0.005423363042708599
9 0.0048233030427086
10 0.004287977018021412
11 0.004023223042708599
12 0.0036715272160705104
13 0.0034827950345895846
14 0.0032458850875765072
15 0.003082755034589584
16 0.003082755034589584
17 0.002872720549977526
18 0.002872720549977526
19 0.002872720549977526
20 0.002872720549977526
21 0.002872720549977526
22 0.002898001983276971
23 0.002898001983276971
24 0.002898001983276971
25 0.002898001983276971
26 0.002898001983276971
27 0.002898001983276971
28 0.002898001983276971
29 0.002898001983276971
30 0.002898001983276971
31 0.002898001983276971
32 0.0030727405499775258
33 0.0030727405499775258
34 0.003257389297692266
35 0.0032727605499775258
36 0.0034574092976922665
37 0.0036574292976922665
38 0.003672800549977526
39 0.00387963141549764
40 0.00447470602941667
41 0.004274686029416669
42 0.004274686029416669
43 0.004410857197910612
44 0.004455972135339511
45 0.004856012135339511
46 0.0052982419832769715
47 0.006233502629616978
48 0.005868287778469654
49 0.005264215126592898
50 0.007075890393850317
51 0.0064749060294166695
52 0.0058265260607124145
53 0.006098321983276971
54 0.007641037025828746
55 0.008447729828361752
