17 0.0066646181007135865
18 0.0038706060145857284
19 0.0038706060145857284
20 0.0038706060145857284
21 0.0038706060145857284
22 0.0038706060145857284
23 0.0038706060145857284
24 0.0038706060145857284
25 0.0034894965183029426
26 0.0034857095966164308
27 0.003471911272347655
28 0.0030354057171437716
29 0.0030354057171437716
30 0.0030354057171437716
31 0.0030354057171437716
32 0.0030354057171437716
33 0.0030354057171437716
34 0.0030354057171437716
35 0.0030354057171437716
36 0.0030354057171437716
37 0.0030354057171437716
38 0.0030354057171437716
39 0.0030354057171437716
40 0.0030354057171437716
41 0.0030354057171437716
42 0.0030354057171437716
43 0.0030354057171437716
44 0.0030385370765686464
45 0.0030354057171437716
46 0.0032873729468449898
47 0.00328849086964156
48 0.00328849086964156
49 0.005489696518302943
