1 0.08704170850065152
2 0.045261688420338786
3 0.03067207873007193
4 0.02337454536880191
5 0.018517135576130245
6 0.015667507530117274
7 0.013239464039366045
8 0.011697652602119513
9 0.011003138330727101
10 0.011003138330727101
11 0.010008720519570637
12 0.009933169765373166
13 0.009471419439593235
14 0.009471419439593235
15 0.00960354060213269
16 0.01020522936628282
17 0.010546021599548037
18 0.010478550838296883
19 0.010471782211815257
20 0.010549418917896652
21 0.010549418917896652
22 0.010549418917896652
23 0.010552930861663957
24 0.010552930861663957
25 0.010691192669439145
26 0.010747859850971783
27 0.010747859850971783
28 0.011030281345678147
29 0.01123877040646153
30 0.011931860771831507
31 0.011918035020016128
32 0.01177427729299681
33 0.011599374083249358
34 0.011599374083249358
35 0.011832931272027107
36 0.011850213660202258
37 0.012325970075028237
38 0.012325970075028237
39 0.012325970075028237
40 0.012807369914202244
41 0.012807369914202244
42 0.013049295843655526
43 0.013049295843655526
44 0.013307653372440793
45 0.013312047681030496
46 0.013312047681030496
47 0.013312047681030496
48 0.01430822028891789
49 0.013569277018458637
50 0.016377884009787118
51 0.016406932899334304
52 0.01789265720761087
53 0.02177620603086073
54 0.01850072821702202
55 0.025833052700913798
56 0.02574410981852592
57 0.02337203558580537
58 0.020978394752623055
59 0.030233147093269505
60 0.03283162399180301
61 0.03553042891873314
62 0.04860181187514844
64 0.05008639530796596
