46 0.00501236614261852
47 0.00541240614261852
48 0.004819087207023696
49 0.004819087207023696
50 0.004819087207023696
51 0.004818573190695975
52 0.004807798651517942
53 0.004807798651517942
54 0.004807798651517942
55 0.004807798651517942
56 0.004807798651517942
57 0.004807798651517942
58 0.004807798651517942
59 0.004807798651517942
60 0.004807798651517942
61 0.004807798651517942
62 0.004807798651517942
63 0.004807798651517942
64 0.004807798651517942
65 0.004807798651517942
66 0.004807798651517942
67 0.004807798651517942
68 0.004807798651517942
69 0.004807798651517942
70 0.004807798651517942
71 0.004807798651517942
72 0.004807798651517942
73 0.004807798651517942
74 0.004807798651517942
75 0.004807798651517942
76 0.004807798651517942
77 0.004807798651517942
78 0.004807798651517942
79 0.004807798651517942
80 0.005005756212296608
81 0.005005756212296608
82 0.005007818651517942
83 0.005007818651517942
84 0.005007818651517942
85 0.005007818651517942
86 0.005007818651517942
87 0.005007818651517942
88 0.005007818651517942
89 0.005007818651517942
90 0.005019824765460925
91 0.005019824765460925
92 0.005019824765460925
93 0.005819187207023695
94 0.005819187207023695
95 0.007205202840995018
96 0.006409895541882541
97 0.006409895541882541
98 0.007410117889929102
99 0.007021731734470047
100 0.006610037889929102
101 0.008609234086397565
102 0.00822261914694329
103 0.00962181519447818
104 0.0054215717344700464
105 0.0054215717344700464
106 0.005421395194478181
107 0.0054215717344700464
108 0.0054215717344700464
109 0.005210283412670494
110 0.005210283412670494
111 0.005210283412670494
112 0.005210283412670494
113 0.005210283412670494
114 0.005210283412670494
115 0.005210283412670494
116 0.005210283412670494
117 0.005220268741191564
118 0.005220268741191564
119 0.006412548016309457
120 0.006608840775095653
121 0.006013663549937953
122 0.008418746705992186
123 0.00661129718261578
124 0.006616185182563298
127 0.009812668945038747
128 0.005616023921631193
130 0.01062458165199923
