83 0.004410818601492702
84 0.004410818601492702
85 0.004410818601492702
86 0.004410818601492702
87 0.004410818601492702
88 0.004410818601492702
89 0.004410818601492702
90 0.004205892796590809
91 0.004205892796590809
92 0.004205892796590809
93 0.004205892796590809
94 0.004205892796590809
95 0.004205892796590809
96 0.003422164022114515
97 0.003422164022114515
98 0.003422164022114515
99 0.0034127836531605503
100 0.003422164022114515
101 0.003422164022114515
102 0.003422164022114515
103 0.003422164022114515
104 0.003422164022114515
105 0.003422164022114515
106 0.003422164022114515
107 0.003422164022114515
108 0.003422164022114515
109 0.003422164022114515
110 0.0038193581099004626
111 0.003811842517735686
112 0.0038193581099004626
113 0.0038193581099004626
114 0.0038252297338878193
115 0.004022951186251609
116 0.004220472670198351
117 0.00440850306568499
118 0.004606094475149795
119 0.004808541578920956
120 0.004621035342840537
121 0.00560888124991327
122 0.005010752865291458
123 0.005822290608541494
124 0.005013243944077985
125 0.005809971964204023
126 0.004624467537383271
127 0.00560862306568499
128 0.013821347031867024
130 0.005606936884989282
