4 0.003365075784566387
5 0.002164955784566387
6 0.0018510784593196823
7 0.0017649157845663868
8 0.0014594932306824366
9 0.0014357421363636515
10 0.0012594732306824366
11 0.0012319354697670252
12 0.001164855784566387
13 0.0010928080858130958
14 0.0010509984593196822
15 0.0010063631509845176
16 0.0009703948811891818
17 0.0009465412217319756
18 0.0008869034599445909
19 0.0008806942924846992
20 0.0008594332306824364
21 0.0008573023313404853
22 0.0008509784593196823
23 0.0008356821363636514
24 0.0008211724832663797
25 0.0008063431509845175
26 0.0007703748811891818
27 0.0007697458636965046
28 0.0007697458636965046
29 0.00077738850520937
