72 0.00622139767665621
73 0.004021579212348735
74 0.004021579212348735
75 0.004021579212348735
76 0.004021579212348735
77 0.004021579212348735
78 0.003606792523212774
79 0.003606792523212774
80 0.003406772523212774
81 0.003606792523212774
82 0.003406772523212774
83 0.003406772523212774
84 0.003406772523212774
85 0.003406772523212774
86 0.003406772523212774
87 0.003406772523212774
88 0.003606792523212774
89 0.003606792523212774
90 0.003606792523212774
91 0.003606792523212774
92 0.003606792523212774
93 0.003606792523212774
94 0.003606792523212774
95 0.003606792523212774
96 0.003606792523212774
97 0.0036084215789209556
98 0.0036084215789209556
99 0.0036084215789209556
100 0.0036084215789209556
101 0.0036084215789209556
102 0.0036137122114439342
103 0.0036084215789209556
104 0.0036137122114439342
105 0.0036137122114439342
106 0.004006776884989282
107 0.003806812523212774
108 0.003806812523212774
109 0.003806812523212774
110 0.003806812523212774
111 0.003806812523212774
112 0.003806812523212774
113 0.003806812523212774
114 0.004013752211443934
115 0.004013752211443934
116 0.004013752211443934
117 0.006416392395711184
118 0.005007676745161762
119 0.004611164928619319
120 0.008221729829083986
121 0.004620830678397698
122 0.004620830678397698
123 0.004620830678397698
124 0.004620830678397698
