85 0.0014151899421843202
86 0.0014151899421843202
87 0.0014151899421843202
88 0.0014134388290894483
89 0.0014134388290894483
90 0.0012123549459553851
91 0.0012123549459553851
92 0.0012123549459553851
93 0.0012134188290894483
94 0.0012094978899291012
95 0.0012094978899291012
96 0.0010238747022369506
97 0.0010238747022369506
98 0.0010224478472200598
99 0.0010208894998913428
100 0.001017291304331324
101 0.001017291304331324
102 0.0010224478472200598
103 0.001017291304331324
104 0.001017291304331324
105 0.001017291304331324
106 0.001017291304331324
107 0.001017291304331324
108 0.001017291304331324
109 0.001017291304331324
110 0.0010195878192964974
111 0.0010195878192964974
112 0.001020617402957486
113 0.0012064577443836057
114 0.0010235214351126804
115 0.0010235214351126804
116 0.0012038874296812223
117 0.0014200107703553166
118 0.0016089457580305431
119 0.0012053762122966078
122 0.0012131835499379524
