15 0.001812668106304332
16 0.001685805924041189
17 0.0014896546977087853
18 0.0014768414008006453
19 0.001421191229754862
20 0.0012987562958007267
21 0.0012879285725073187
22 0.0012768214008006453
23 0.0012768214008006453
24 0.0012211712297548621
25 0.0010987362958007267
26 0.0010896146977087853
27 0.0010891342242431662
28 0.001069807985084527
29 0.0010562830025142283
30 0.0010562830025142283
31 0.0010460803656593327
32 0.0010336722972082396
33 0.0010133293842225811
34 0.0008930988030011295
35 0.0008900733013832412
36 0.0008878885725073186
37 0.000884600502117576
38 0.0008770915381388145
39 0.0008697879850845271
40 0.0008671395032681411
41 0.00085964142766142
42 0.0008536915542221797
43 0.0008513712351881403
44 0.0008430394352893449
45 0.0008311157696189651
46 0.0008304021898561257
47 0.0008229555355564841
48 0.0008133093842225811
49 0.0008125681063043317
50 0.0006966984882686584
51 0.0006948159860310118
52 0.0006926159195366232
53 0.0006901751374316265
54 0.0006895746977087852
55 0.0006890460222553561
56 0.0006872205372559649
57 0.0006867582043662074
58 0.0006867582043662074
59 0.0006833472534687233
60 0.0006833472534687233
61 0.0006788906427832242
62 0.0006767614008006452
63 0.0006734960846312808
64 0.000671918134308799
65 0.0006709931510526924
66 0.0006664372676086156
67 0.0006664372676086156
68 0.0006615179570249748
69 0.0006562430025142281
70 0.0006562430025142281
71 0.0006562430025142281
72 0.0006576994629525908
73 0.0006536715542221797
74 0.0006502107241033069
75 0.0006502107241033069
76 0.0006513034318172183
77 0.0006536715542221797
78 0.0006492231130534713
79 0.0006492231130534713
81 0.0006513034318172183
82 0.0006492231130534713
