13 0.002050350724103307
14 0.0018768814008006452
15 0.0018563630025142282
16 0.0016771715381388146
17 0.0014891449555871287
18 0.0014771515381388147
19 0.0014761428033691426
20 0.0012934421394000927
21 0.0012854922307746419
22 0.0012771315381388147
23 0.0012563030025142283
24 0.001234898854686786
25 0.0012138577866836761
26 0.0010902151374316265
27 0.001085882700668427
28 0.0010818735183499868
29 0.0010771115381388147
30 0.0010537115542221798
31 0.0010410560434663042
32 0.0010193772706598523
33 0.0010193772706598523
34 0.0008967184882686584
35 0.0008897414397322928
36 0.0008878885725073186
37 0.0008854522307746418
38 0.0008793056274536734
39 0.0008789106427832242
40 0.0008741673656430743
41 0.0008686674606011001
42 0.0008679661040847806
43 0.0008562630025142281
44 0.0008513712351881403
45 0.000848020348201868
46 0.0008418154235010876
47 0.0008311157696189651
48 0.0008193572706598522
49 0.000813817786683676
50 0.0006986962958007265
51 0.0006956129965728344
52 0.0006900533013832412
53 0.0006897214397322928
54 0.0006895746977087852
55 0.0006878685725073186
56 0.0006872205372559649
57 0.0006860033031563248
58 0.0006858427006684269
59 0.0006857059240411889
60 0.0006857059240411889
61 0.0006833472534687233
62 0.0006788906427832242
63 0.0006788906427832242
64 0.0006767614008006452
65 0.0006709931510526924
66 0.0006686474606011001
67 0.0006679461040847806
68 0.0006664372676086156
69 0.0006607347204543106
70 0.0006576994629525908
71 0.0006571965951216982
72 0.0006571965951216982
73 0.0006576994629525908
74 0.0006571965951216982
75 0.0006576994629525908
76 0.0006615179570249748
