3 0.0030553375748742255
4 0.0026098300767706797
5 0.002219579205259511
6 0.0018376369472683448
7 0.0014571858668133296
8 0.0012707816588079933
9 0.0012571658668133296
10 0.0012571658668133296
11 0.0012571658668133296
12 0.001050361814994688
13 0.0010096700767706795
14 0.0010096700767706795
15 0.0008784609414437198
16 0.0008571258668133295
17 0.0008571258668133295
18 0.0008375369472683447
19 0.0008399361898834399
20 0.0008571258668133295
21 0.0008607781227711952
22 0.0008854667023150159
23 0.0008854667023150159
24 0.0010096700767706795
25 0.0010377886449044126
27 0.0011040144220345338
