112 0.0016778062409080797
113 0.0016778062409080797
114 0.0016778062409080797
115 0.0016778062409080797
116 0.0016778062409080797
117 0.0016254228425146274
118 0.0016254228425146274
119 0.0016254228425146274
120 0.0016254228425146274
121 0.0012648265938772984
122 0.0012624372463952923
123 0.0012624372463952923
124 0.0012624372463952923
125 0.0012624372463952923
126 0.0012624372463952923
127 0.0012648265938772984
128 0.0012648265938772984
129 0.0012648265938772984
130 0.001642899714477274
131 0.001274609201663457
132 0.0020562116303843997
133 0.001682793077503201
134 0.0012720618700346592
135 0.0016260744191464364
139 0.0016316752707078255
