16 0.004870384432693811
17 0.004478369413286205
18 0.004666474998443053
19 0.004666474998443053
20 0.0032069160636533697
21 0.003096491758101358
22 0.003096491758101358
23 0.0032069160636533697
24 0.0032069160636533697
25 0.0032069160636533697
26 0.0032069160636533697
27 0.0032069160636533697
28 0.0032069160636533697
29 0.0032069160636533697
30 0.0032069160636533697
31 0.003219849604516815
32 0.003219849604516815
33 0.003219849604516815
34 0.003219849604516815
35 0.003219849604516815
36 0.003219849604516815
37 0.003219849604516815
38 0.003424396933846558
39 0.003424396933846558
40 0.003424396933846558
41 0.003624416933846558
42 0.003869850118994939
43 0.003869850118994939
44 0.004098261337599308
45 0.00408745294684499
46 0.00408745294684499
47 0.003692052559027398
48 0.004678389413286205
49 0.0044895965183029424
50 0.004688071867423186
53 0.00760735606365337
