13 0.017353113546880117
14 0.00974146817031396
15 0.00974146817031396
16 0.00974146817031396
17 0.00974146817031396
18 0.00974146817031396
19 0.00974146817031396
20 0.00974146817031396
21 0.00974146817031396
22 0.00974146817031396
23 0.00974146817031396
24 0.00974146817031396
25 0.00974146817031396
26 0.010228541578829659
27 0.010228541578829659
28 0.010228541578829659
29 0.011146030008419024
30 0.010228541578829659
31 0.010228541578829659
32 0.011146030008419024
33 0.011146030008419024
34 0.011496530977761375
35 0.011146030008419024
36 0.01148151185956042
37 0.011959908187042102
38 0.011959908187042102
39 0.011959908187042102
40 0.011959908187042102
41 0.012438304514523789
42 0.012438304514523789
43 0.012438304514523789
44 0.012916700842005472
45 0.018740872677869235
46 0.014302244938373891
47 0.014302244938373891
48 0.0175335588705222
49 0.022316699815157923
50 0.035698201997934234
53 0.021324598626310788
