27 0.014768985530531142
28 0.014740891100525538
29 0.014740891100525538
30 0.014740891100525538
31 0.014740891100525538
32 0.014740891100525538
33 0.014740891100525538
34 0.014740891100525538
35 0.013441361213455422
36 0.013441361213455422
37 0.013441361213455422
38 0.012864175636806308
39 0.013683766202052323
40 0.013683766202052323
41 0.013683766202052323
42 0.013683766202052323
43 0.013683766202052323
44 0.013683766202052323
45 0.013683766202052323
46 0.013683766202052323
47 0.013683766202052323
48 0.015358535884429172
49 0.015358535884429172
50 0.022557019404523624
51 0.017958813720985466
52 0.018526276649766263
53 0.018526276649766263
54 0.026569391500224256
55 0.02561074169740421
56 0.025903294723916608
57 0.025903294723916608
58 0.024116834909261194
59 0.03961288520155509
60 0.042013654881032286
61 0.030961300111003946
