61 0.0010181579493844864
62 0.0010208762261217981
63 0.001021674390371198
64 0.001022061817450621
65 0.0010237355054639906
66 0.0010082011609072543
67 0.001007563339515529
68 0.000822767526493827
69 0.000822767526493827
70 0.000822767526493827
71 0.0008244790172264174
72 0.0008203335626571618
73 0.0008198968422430525
74 0.0008205386646994777
75 0.0008220418174506208
76 0.0008194618511574895
77 0.000819273262362231
78 0.0008194618511574895
79 0.0008129413944404768
80 0.0008129413944404768
81 0.0008132894971539575
82 0.0008138354653267131
83 0.0008138354653267131
84 0.0008138354653267131
85 0.0008156531598801396
86 0.000819273262362231
87 0.0008192153128549232
88 0.0008132894971539575
89 0.0008090103283976346
90 0.0008090103283976346
91 0.0008109071691648663
92 0.000807584457258121
93 0.000807584457258121
94 0.0008075967280711987
95 0.0008076810139553564
96 0.0008076810139553564
97 0.0008052789965117462
98 0.000804712939206666
99 0.000804712939206666
100 0.000807543339515529
101 0.0008066248582393339
102 0.0006236955054639904
103 0.0006225558291660992
104 0.0006222458830400842
105 0.0006220218174506208
106 0.0006220218174506208
107 0.0006217203736400313
108 0.0006213658266694847
109 0.0006208362261217981
110 0.0006200036545939916
111 0.0006198768422430525
112 0.0006197200016900716
113 0.0006186504097029251
114 0.0006185939975889413
115 0.0006185939975889413
116 0.0006191953128549232
117 0.0006186504097029251
118 0.0006186504097029251
119 0.0006164735194197819
120 0.0006162913674133771
121 0.0006156331598801396
122 0.0006158770746021411
123 0.0006151107945047748
124 0.0006151107945047748
125 0.0006145074735734857
126 0.0006144979232103374
127 0.0006140885012034584
128 0.0006133775785989301
129 0.0006129903857092116
130 0.0006128308999011022
131 0.0006128308999011022
132 0.0006129213944404768
133 0.0006123228919234669
134 0.0006123228919234669
135 0.0006122064417266211
136 0.0006120743904500465
137 0.000611931440546013
138 0.000611931440546013
139 0.0006117438215382358
140 0.0006117438215382358
141 0.000611778694325094
142 0.0006115123012535112
143 0.0006110671176941434
144 0.0006108871691648663
145 0.0006108139105162208
146 0.0006108871691648663
147 0.0006108871691648663
148 0.0006110689797087296
149 0.0006105076412828637
150 0.0006103767223829022
151 0.0006100645455289367
152 0.0006093736018352722
153 0.0006093465219959789
154 0.0006093465219959789
155 0.0006097530560528029
156 0.0006093465219959789
157 0.0006093736018352722
158 0.0006089390387907994
159 0.000608909308726889
160 0.0006088080474918818
161 0.0006087998997633819
162 0.0006087383129476006
163 0.0006087383129476006
164 0.000608182487677393
165 0.0006081611609072542
166 0.0006079389694018458
167 0.0006079389694018458
168 0.0006076610139553564
169 0.0006078669692733353
170 0.0006075767280711987
171 0.000607523339515529
172 0.0006074456778835374
173 0.0006071291411325602
174 0.0006071041679473602
175 0.0006070627850845524
176 0.0006067973939832794
177 0.0006067428132880718
178 0.0006066048582393339
179 0.0006064544222317709
180 0.0006063749126132905
181 0.0006063408410732455
182 0.0006062602174704485
183 0.0006061592873085966
184 0.0006060197585721199
185 0.0006057668202923809
186 0.0006057163786770068
188 0.0006118807087407562
189 0.0006053133213778411
190 0.0006052589965117462
191 0.0006051730458380547
192 0.0006047249404459643
193 0.000604692939206666
194 0.0006045781110635588
195 0.000604523226582249
196 0.0006043301399903267
