6 0.0018083003287515539
7 0.0014958965538128225
8 0.001408260328751554
9 0.0012958765538128225
10 0.001230848553691179
11 0.0010958565538128225
12 0.001049245326331273
13 0.0010091047800398494
14 0.0009629744144096055
15 0.0009112561570309985
16 0.0008808482853317404
17 0.0008717756091042708
18 0.000849225326331273
19 0.0008299799554268326
20 0.0008090847800398492
21 0.0007777946405912725
22 0.0007536595103313512
23 0.0007429434212433627
24 0.0007112361570309985
25 0.0007060980022080597
26 0.0006958165538128226
27 0.0006955958155788174
28 0.0006922059829506941
29 0.0006922059829506941
30 0.0007547383292265566
