42 0.0032086412499132693
43 0.003208218817676956
44 0.0032070220531805237
45 0.003208218817676956
46 0.0028091486855288785
47 0.0028091486855288785
48 0.002808350840395927
49 0.0028042831829781898
50 0.002605732796590809
51 0.002605374516255151
52 0.0024198472144710426
53 0.002413306498966044
54 0.002413306498966044
55 0.0024129839440779847
56 0.00241146232607688
57 0.0024129839440779847
58 0.0024109134666644013
59 0.002405698917363092
60 0.0024054265951250473
61 0.002404926572936874
62 0.002404926572936874
63 0.002225003512485827
64 0.002223611380595519
65 0.0022177168205152627
66 0.0022177168205152627
67 0.0022177168205152627
68 0.0022116712053326577
69 0.0022116712053326577
70 0.002213361422100797
71 0.002206718604786609
72 0.002206596884989282
73 0.0020222212774951274
74 0.0020212880895019917
75 0.0020209583675080424
76 0.0020202526701983505
77 0.0020189756883875042
78 0.0020198072144710427
79 0.0020172664030840204
80 0.0020209583675080424
81 0.0022058544751497947
82 0.00220422318297819
83 0.0022108934666644014
84 0.0022172864030840203
85 0.002206977905037554
86 0.002206977905037554
87 0.0022082815789209553
88 0.0022082815789209553
89 0.0022082815789209553
90 0.0022116830589244746
91 0.002410005866674043
92 0.0026042631829781898
93 0.002405698917363092
94 0.002405698917363092
95 0.002606161929697227
96 0.0024121325219249195
97 0.002606161929697227
98 0.002606610438708441
99 0.002606407767060906
100 0.002607519733954323
101 0.002608330840395927
102 0.002606586171515801
103 0.002606636884989282
104 0.002606636884989282
105 0.002615835813081457
106 0.0026096519642040228
107 0.0026110067379223434
108 0.0026162041746764044
109 0.002806425619146202
110 0.002806630438708441
111 0.0026241448033395578
112 0.0026241448033395578
113 0.002805738917363092
114 0.0030192781099004622
115 0.0030192380257049213
116 0.0032058791351896807
117 0.0030112286702412006
118 0.0030134783925376786
119 0.0030241848033395577
120 0.00301736640308402
121 0.003022662309814704
122 0.0032096216561206094
123 0.003023596234965763
124 0.00522536973388782
125 0.0046230111862516085
126 0.006620627031867023
127 0.007406584211729841
128 0.0036085392845266
129 0.0054253235124858265
130 0.005814908372414334
