14 0.01639503003027433
15 0.0163253162888823
16 0.0163253162888823
17 0.0163253162888823
18 0.018488285652230124
19 0.018488285652230124
20 0.01921780939122759
21 0.01921780939122759
22 0.019824615934703454
23 0.01921780939122759
24 0.019824615934703454
25 0.019824615934703454
26 0.020509958652609676
27 0.020509958652609676
28 0.021119075083568785
29 0.02355554080740522
30 0.02355554080740522
31 0.02355554080740522
32 0.02439730291033473
33 0.02439730291033473
34 0.02439730291033473
35 0.02439730291033473
36 0.02439730291033473
37 0.02439730291033473
38 0.02439730291033473
39 0.02439730291033473
40 0.02439730291033473
41 0.02439730291033473
42 0.02439730291033473
43 0.02439730291033473
44 0.02439730291033473
45 0.02439730291033473
46 0.02439730291033473
47 0.02439730291033473
48 0.02439730291033473
49 0.02439730291033473
50 0.02688191488993235
51 0.02700109273079443
52 0.02700109273079443
53 0.02568097081804343
54 0.03684079069798582
55 0.028940960950666554
56 0.026862191776159082
57 0.026862191776159082
58 0.026862191776159082
59 0.02965291645199793
