64 0.004010621335712685
65 0.004010621335712685
66 0.004010621335712685
67 0.004010621335712685
68 0.004010621335712685
69 0.004010621335712685
70 0.004010621335712685
71 0.004010621335712685
72 0.004010621335712685
73 0.004010621335712685
74 0.004010621335712685
75 0.004010621335712685
76 0.004010621335712685
77 0.004010621335712685
78 0.004010621335712685
79 0.004010621335712685
80 0.004010621335712685
81 0.004010621335712685
82 0.004010621335712685
83 0.004010621335712685
84 0.004010621335712685
85 0.004010621335712685
86 0.004010621335712685
87 0.004010621335712685
88 0.004010621335712685
89 0.004010621335712685
90 0.004010621335712685
91 0.004010621335712685
92 0.004010621335712685
93 0.004010621335712685
94 0.004010621335712685
95 0.004010621335712685
96 0.004010621335712685
97 0.004010621335712685
98 0.004010621335712685
99 0.004010621335712685
100 0.004010621335712685
101 0.004010621335712685
102 0.0040193781099004625
103 0.0044050661452760455
104 0.004419418109900463
105 0.0046116823260768805
106 0.004809049111002545
107 0.004211066319456009
108 0.004211066319456009
109 0.0044161923957111845
110 0.005015264386300932
111 0.004217188094395186
112 0.004206567767060907
113 0.004206567767060907
114 0.004206567767060907
115 0.0042215080895019914
116 0.004015220103806107
117 0.004015220103806107
118 0.0046238513805955195
119 0.0046238513805955195
120 0.004617228094395186
121 0.004622481277495127
122 0.00460976165612061
123 0.00460976165612061
124 0.005020620821028233
125 0.005004508781362141
126 0.006025422685392036
127 0.006422350608541494
128 0.008606475920058873
129 0.00541874113482369
