6 0.020821349180628997
11 0.014469197714127004
16 0.011545241489557928
21 0.010752502901543417
26 0.009362543618298396
31 0.009362543618298396
36 0.008949473107175107
37 0.013192077860605469
38 0.010319291886863882
39 0.008949473107175107
40 0.009757786732775074
41 0.009329061107922448
42 0.009329061107922448
43 0.010621210337851347
44 0.008928526033259221
45 0.01016095077620792
46 0.008572445537029965
47 0.009959120480516361
48 0.008572445537029965
49 0.01344481264869709
50 0.010947881749244333
51 0.010649907990139077
52 0.010649907990139077
