6 0.02491980967934864
11 0.023762961501950883
16 0.022077215298972767
21 0.021137759328803716
26 0.02066803134371919
31 0.0195132296593487
36 0.0195132296593487
40 0.04104934044642741
41 0.0195132296593487
42 0.029435165605546463
43 0.03059099929274578
44 0.026098876869812923
45 0.029375286149726638
46 0.0195132296593487
47 0.0195132296593487
48 0.02928347309244531
49 0.028013403217405926
50 0.02592804097258941
51 0.02060995099645386
52 0.02060995099645386
53 0.023935470119749183
54 0.022831224563287192
55 0.03843022643718097
56 0.02761287361393229
57 0.051248643247060265
60 0.032794427762509494
