1 0.08115442014802762
2 0.04179452637623423
3 0.0281483164615563
4 0.02190215184229577
5 0.01790198969649575
6 0.015073367971616937
7 0.01298470722368442
8 0.01154188965419339
9 0.01007162533030323
10 0.009137329309569767
11 0.0087090760685655
12 0.007862401699121772
13 0.007123943770926153
14 0.006697264317379546
15 0.006339132705255624
16 0.006071681156254007
17 0.005717764910555187
18 0.005328391348900029
19 0.005107675491393502
20 0.004884039454474783
21 0.004676843403200008
22 0.004595171388464998
23 0.004595171388464998
24 0.004595171388464998
25 0.004595171388464998
26 0.004595171388464998
27 0.004595171388464998
28 0.004595171388464998
29 0.004595171388464998
30 0.004595171388464998
31 0.004595171388464998
32 0.004595171388464998
33 0.004595171388464998
34 0.004646705736925957
35 0.004609610675305157
36 0.004609610675305157
37 0.004607610210417985
38 0.004607610210417985
39 0.004607610210417985
40 0.004607610210417985
41 0.004607610210417985
42 0.004676843403200008
43 0.0047684233251736475
44 0.0048481806761761365
45 0.0050397007852345105
46 0.0059888513125268186
47 0.0059888513125268186
48 0.0068906825013106
49 0.00709390886220288
50 0.007777332460492241
51 0.0066707257289810515
52 0.007866251632994195
53 0.006822271692210835
54 0.00856734262515146
58 0.009712378569503365
