3 0.005875655354036243
4 0.0046736569340072075
5 0.0036735569340072076
6 0.0032133125305787383
7 0.0026734569340072073
8 0.002437324835808536
9 0.0022415312161622796
10 0.0020786366074669435
11 0.0018786166074669436
12 0.00169175796842947
13 0.00169175796842947
14 0.00153442823837418
15 0.00149173796842947
16 0.001425953564591527
17 0.00133440823837418
18 0.0012849817018413747
19 0.0012519340685141062
20 0.0012519340685141062
21 0.0011474199686562745
22 0.00109169796842947
23 0.0010785366074669434
24 0.0010678488648007635
25 0.0010519140685141062
26 0.0010519140685141062
27 0.0010519140685141062
28 0.0010414112161622794
29 0.0010414112161622794
30 0.0010414112161622794
31 0.0012206604112647173
