51 0.011007161797941575
52 0.010599489138758555
53 0.010191816479575533
54 0.009915874130419132
55 0.009915874130419132
56 0.009915874130419132
57 0.009915874130419132
58 0.009915874130419132
59 0.009915874130419132
60 0.011007161797941575
61 0.011414834457124597
62 0.011007161797941575
63 0.011007161797941575
64 0.011374951396402128
65 0.01182250711630762
66 0.011790175370558993
67 0.012721411569644295
68 0.014268543071405747
69 0.013860870412222726
70 0.015025709924183148
71 0.013542147799943928
72 0.01364060981301032
73 0.013860870412222726
74 0.012978532326069783
75 0.01467621573058877
76 0.013045525093856682
77 0.01182250711630762
78 0.01182250711630762
79 0.01182250711630762
80 0.01182250711630762
81 0.01182250711630762
82 0.01182250711630762
83 0.011981681240923116
84 0.01250231777960163
85 0.012637852434673661
86 0.013163347405665136
87 0.012637852434673661
88 0.01305738732354433
89 0.012786373247977049
90 0.013453197753039704
91 0.013711686686485713
92 0.01182250711630762
93 0.013045525093856682
94 0.01189759479863577
95 0.007909833544350955
96 0.007909833544350955
97 0.007850067019915145
98 0.007850067019915145
99 0.007850067019915145
100 0.007850067019915145
101 0.007850067019915145
102 0.007909833544350955
103 0.007850067019915145
104 0.00815805563985868
105 0.008263228442015942
106 0.008263228442015942
107 0.008263228442015942
108 0.009089551286217537
109 0.009025203720675324
110 0.009603589445614479
111 0.010684393751249032
112 0.010684393751249032
113 0.010295078704454178
114 0.011608505777804338
115 0.01378282928072875
116 0.010912261645033297
117 0.014980843566094573
118 0.010121534604995847
119 0.014174306274338196
120 0.02760560331491054
121 0.01962994134667355
122 0.011582290181438828
123 0.015221424138003039
124 0.014673670960142663
128 0.014182462645815644
129 0.019646131567909134
