18 0.0022886905561256793
19 0.0020548823040597262
20 0.0020456863922426257
21 0.0018810011730723386
22 0.0016659668762047174
23 0.0016583386088196118
24 0.0016314829064528267
25 0.0014659468762047174
26 0.0014886105561256794
27 0.0014886105561256794
28 0.0014659468762047174
29 0.0014530855823514273
30 0.0014128862792223385
31 0.0014128862792223385
32 0.0012885905561256794
33 0.0012885905561256794
34 0.001286867832028583
35 0.001286867832028583
36 0.001286867832028583
37 0.001286867832028583
38 0.001064058100713586
39 0.0010582786088196119
40 0.0010582786088196119
41 0.0010582786088196119
42 0.0010716712723476546
43 0.0010716712723476546
44 0.0010716712723476546
45 0.0010716712723476546
46 0.001085276600079115
47 0.0010868478320285831
48 0.0010868478320285831
49 0.0010868478320285831
50 0.0010868478320285831
51 0.001097840320273941
52 0.001097840320273941
