7 0.004527378485332451
8 0.002935654436816577
9 0.002742395200879977
10 0.0024945532012642813
11 0.0020375569282059585
12 0.001995642561011425
13 0.0017499077890733787
14 0.0014120449764239802
15 0.00138089264188889
16 0.00138089264188889
17 0.0013690331464544941
18 0.0013196285696503197
19 0.0013131259347132374
20 0.0013131259347132374
21 0.0013131259347132374
22 0.001365172724622677
23 0.001365172724622677
24 0.001365172724622677
25 0.001365172724622677
26 0.00138089264188889
27 0.001406588913101591
