7 0.006181771139501318
8 0.004434552772317862
9 0.0034490966006916705
10 0.003418235182179027
11 0.0029567574658454637
12 0.0024688450483540715
13 0.002278823454786018
14 0.002278823454786018
15 0.0020605903798337722
16 0.0019549202718744073
17 0.0018921301859820081
18 0.0019711716438969755
19 0.0019711716438969755
20 0.0017493889240895188
21 0.0017493889240895188
22 0.0016943273536991607
23 0.0016943273536991607
24 0.0016943273536991607
25 0.0016943273536991607
26 0.0017493889240895188
27 0.0017928662584937934
28 0.0027842735092322834
