1 0.020223248955945863
2 0.01028771820436621
3 0.0070219289559458635
4 0.005287218204366208
5 0.0042871182043662075
6 0.003673796084631281
7 0.0032744073656430744
8 0.002873716084631281
9 0.0026214889559458623
10 0.002293228356592119
11 0.0022214377631449584
12 0.0020514434318172183
13 0.0018868782043662076
14 0.0018148928770339607
15 0.0016819335183499867
16 0.0016337322972082395
17 0.0016126838454772747
18 0.001461597957024975
19 0.0014337122972082395
20 0.0012948759860310119
21 0.001287280537255965
22 0.0012607947204543108
23 0.0012526624222541796
24 0.001234898854686786
25 0.0010967384882686585
26 0.0010900933013832412
27 0.001087260537255965
28 0.0010768014008006453
29 0.001069807985084527
30 0.0010546530812845971
31 0.0010488187893156933
32 0.0010180066310808908
33 0.0010083247135371201
34 0.0008926359195366232
35 0.0008890849555871287
36 0.000888765935787583
37 0.0008872405372559648
38 0.0008789106427832242
39 0.0008770915381388145
40 0.0008710131510526924
41 0.0008615379570249748
42 0.0008543327922309546
43 0.0008514568963873236
44 0.0008487987893156932
45 0.0008468777947612749
46 0.0008348588546867861
47 0.0008189787431657073
48 0.0008147928770339604
49 0.0008133093842225811
50 0.0006986962958007265
51 0.0006948159860310118
52 0.0006933821394000928
53 0.000688745935787583
54 0.0006872205372559649
55 0.0006867582043662074
56 0.0006857059240411889
57 0.0006854322307746418
58 0.000684580502117576
59 0.0006788906427832242
60 0.0006788906427832242
61 0.0006788906427832242
62 0.0006734960846312808
63 0.0006716020291926614
64 0.0006709931510526924
65 0.0006697679850845271
66 0.0006686474606011001
67 0.00065962142766142
68 0.0006607347204543106
69 0.0006607347204543106
70 0.0006571965951216982
71 0.0006550920990193545
72 0.0006543127922309547
73 0.0006536715542221797
74 0.0006502107241033069
75 0.0006487787893156932
76 0.0006478993328576679
77 0.0006417954235010876
78 0.0006417954235010876
79 0.0006430194352893449
80 0.0006348388546867862
81 0.0006348388546867862
82 0.0006348388546867862
83 0.0006895746977087852
84 0.0006930683565921192
