50 0.004660866524105125
51 0.004660866524105125
52 0.004197167415241072
53 0.004197167415241072
54 0.0038246070336419215
55 0.003399650696570597
56 0.003399650696570597
57 0.0033509410328076876
58 0.0030003913169797027
59 0.0029612623386576836
60 0.002951643446664703
61 0.002951643446664703
62 0.0029484760238690346
63 0.0029484760238690346
64 0.0029484760238690346
65 0.0029484760238690346
66 0.0027737461442671023
67 0.0027737461442671023
68 0.00253109011193709
69 0.00253109011193709
70 0.0027737461442671023
71 0.0024982068924387156
72 0.0025030912788596617
73 0.0025030912788596617
74 0.0025030912788596617
75 0.0025030912788596617
76 0.0025030912788596617
77 0.0025030912788596617
78 0.002245410234562631
79 0.002245410234562631
80 0.002245410234562631
81 0.002245410234562631
82 0.002245410234562631
83 0.002245410234562631
84 0.002245410234562631
85 0.002289159710659755
86 0.0025021113768723155
87 0.0025021113768723155
88 0.002515747854928141
89 0.002515747854928141
90 0.0022650794385917395
91 0.0022650794385917395
92 0.0022650794385917395
93 0.002515747854928141
94 0.0029316658516131636
95 0.0054445222958530185
98 0.0033509410328076876
