23 0.0016559174484693175
24 0.001613897786683676
25 0.0014948959860310118
26 0.0014948959860310118
27 0.001485785924041189
28 0.0014551720990193546
29 0.0012948759860310119
30 0.0012948759860310119
31 0.0012948759860310119
32 0.0012834072534687233
33 0.0012834072534687233
34 0.0012834072534687233
35 0.001088785935787583
36 0.0010854722307746419
37 0.0010854722307746419
38 0.0010854722307746419
39 0.0010854722307746419
40 0.0010833872534687233
41 0.0010833872534687233
42 0.0010854722307746419
43 0.0010854722307746419
44 0.0010854722307746419
45 0.001085745924041189
46 0.001085882700668427
47 0.001085882700668427
48 0.001085882700668427
49 0.0010956529965728346
50 0.0010956529965728346
51 0.0012572565951216982
52 0.00129486724661516
53 0.0012948759860310119
54 0.0012846405021175761
55 0.0016337322972082395
56 0.0012956729965728346
58 0.0012896346977087853
