77 0.0012172419885691519
78 0.0012107452163427422
79 0.0012078074704325674
80 0.0010221901475056074
81 0.0010213451271486934
82 0.001021788301731911
83 0.001021788301731911
84 0.001017221988569152
85 0.0010180067059921854
86 0.001017221988569152
87 0.001017221988569152
88 0.001017221988569152
89 0.001017221988569152
90 0.001017221988569152
91 0.0010213451271486934
92 0.0010206562797752455
93 0.0010179605905346833
94 0.0010206562797752455
95 0.0010179605905346833
96 0.0010179605905346833
97 0.0010144171535769399
98 0.0010144171535769399
99 0.0010144171535769399
100 0.0010099976216032917
101 0.0010099976216032917
102 0.0010098256930042774
103 0.0010099976216032917
104 0.0010099976216032917
105 0.0010099976216032917
106 0.0010099976216032917
107 0.0010080972730842782
108 0.0010099976216032917
109 0.0010080972730842782
110 0.0010080972730842782
111 0.0010087021204812033
112 0.0010045828409950184
113 0.0008217683017319109
114 0.0010045828409950184
115 0.0008245009058134837
116 0.0008245009058134837
117 0.0008217683017319109
118 0.0008235014351126802
119 0.0008235014351126802
120 0.0010099976216032917
121 0.0010099976216032917
122 0.0010213607454535607
123 0.001020955194478181
124 0.0012064577443836057
125 0.0010221901475056074
126 0.0012105833737749527
127 0.001221808301731911
128 0.0012222101475056074
