32 0.0012934421394000927
33 0.0012934421394000927
34 0.0012934421394000927
35 0.00129486724661516
36 0.0012934421394000927
37 0.0012934421394000927
38 0.0012934421394000927
39 0.0012410760434663042
40 0.0010931083565921193
41 0.0008987162958007265
42 0.0008967184882686584
43 0.0008967184882686584
44 0.0008967184882686584
45 0.0008967184882686584
46 0.0008967184882686584
47 0.0008967184882686584
48 0.0008967184882686584
49 0.0008967184882686584
50 0.0008967184882686584
51 0.0008967184882686584
52 0.0008967184882686584
53 0.0008967184882686584
54 0.0008967184882686584
55 0.0008967184882686584
56 0.0008967184882686584
57 0.0010931083565921193
58 0.0010934221394000927
59 0.0010768014008006453
60 0.0010768014008006453
61 0.0008987162958007265
62 0.0008987162958007265
63 0.0008987162958007265
64 0.001088785935787583
65 0.0010902151374316265
67 0.0012931283565921193
