61 0.003608012659183022
62 0.003407992659183022
63 0.0032079726591830214
64 0.0028079326591830215
65 0.0028079326591830215
66 0.0024078926591830216
67 0.0022078726591830216
68 0.0020078526591830216
69 0.0020078526591830216
70 0.0018078326591830216
71 0.0018078326591830216
72 0.0016205306783976972
73 0.0016189344974053992
74 0.0016205306783976972
75 0.0016205306783976972
76 0.0016205306783976972
77 0.0016189344974053992
78 0.0016189344974053992
79 0.0016205306783976972
80 0.0016189344974053992
81 0.0016205306783976972
82 0.0016189344974053992
83 0.0016189344974053992
84 0.0016189344974053992
85 0.0022078726591830216
86 0.0018104219229143207
87 0.0018205506783976974
88 0.0018078326591830216
89 0.0016205306783976972
90 0.0016205306783976972
91 0.0016205306783976972
92 0.0016205306783976972
93 0.004208072659183022
94 0.005608212659183022
95 0.004608112659183022
96 0.0016133383925376788
97 0.0014133183925376788
98 0.0012199740200204345
99 0.0012199740200204345
100 0.0012199740200204345
101 0.001222482309814704
102 0.001222482309814704
103 0.0020042547275395516
104 0.0012226711862516088
105 0.001424147537383271
106 0.0012104986014927013
107 0.0012104986014927013
108 0.0012104986014927013
109 0.0012104986014927013
110 0.0012115830589244745
111 0.00140809176532326
112 0.0012208976766562099
113 0.0012201726701983504
114 0.0014041249470475357
115 0.0014080388176769564
117 0.001420887338014642
