2 0.019371174230253467
3 0.014317824431056912
4 0.011173459632788249
5 0.00911313843047555
6 0.007580024698794836
7 0.006600915291928662
8 0.005915360982064368
9 0.005912737029757149
10 0.005912737029757149
11 0.005912737029757149
12 0.005912737029757149
13 0.005915360982064368
14 0.005912737029757149
15 0.005915360982064368
16 0.006087723457711614
17 0.006087723457711614
18 0.006087723457711614
19 0.006509384593196822
20 0.006509384593196822
21 0.009201672638766794
22 0.011173459632788249
23 0.009875380193416286
24 0.009875380193416286
25 0.010516197301447764
26 0.01441025670179942
27 0.02864129221006602
