109 0.002028272375748974
110 0.002028272375748974
111 0.002028272375748974
112 0.001637607473788679
113 0.0016386907926860368
114 0.0016386907926860368
115 0.0016386907926860368
116 0.0016386907926860368
117 0.00126178602852161
118 0.00126178602852161
119 0.00126178602852161
120 0.0012604224630846993
121 0.0012574792154701581
122 0.00126178602852161
123 0.00126178602852161
124 0.00126178602852161
125 0.0012604224630846993
126 0.00126178602852161
127 0.0016333649996530773
128 0.00126178602852161
129 0.0016761816063458079
130 0.0016961101495330839
131 0.0016343564440101787
132 0.0016571214071659057
133 0.0016415944059708053
134 0.0016559839551466083
136 0.0021073970131124677
137 0.0021126821259363727
