4 0.013791578825669396
5 0.009612312514860487
6 0.008334030471442403
7 0.006801237809357976
8 0.005920105672801114
9 0.00524734691952696
10 0.004741613465808616
11 0.004310557696189651
12 0.003946737115200742
13 0.003657252760973585
14 0.003343413048647126
15 0.0031853646931354813
16 0.002960052836400557
17 0.002862189228832887
18 0.002707580590903309
19 0.0025396884566308247
20 0.0024494682812227202
21 0.0023547657552634616
22 0.002278887242346588
23 0.0022392966642883396
24 0.0020896331554044537
25 0.0020412235676856003
26 0.0019332290138748928
27 0.0018838126042107694
28 0.001852006771431645
29 0.0018286263804867925
30 0.0018050537272688728
31 0.0017914373314306714
32 0.0017035791053668032
33 0.0016501753819090988
34 0.0014843279580930354
35 0.0014686040931263555
36 0.001466117807362749
37 0.001414686087577984
38 0.001382084161362932
39 0.0013686090075426842
40 0.0013628183766928638
41 0.0013576872667625387
42 0.0013462163679470796
43 0.0013404533842838247
44 0.0013252662705032627
45 0.001300776891624718
46 0.0012698442283154124
47 0.0012661883985255538
48 0.0012567562294971218
49 0.001237631536431824
50 0.0009911459931456687
51 0.0009851518390732463
52 0.0009793628794645855
53 0.000978012044510712
54 0.0009734364087324147
55 0.0009716054013368537
56 0.0009707844615492835
57 0.0009545488617465207
58 0.000954063076277629
59 0.0009431240583853227
60 0.0009372149212022003
61 0.0009358122081695611
62 0.0009341590065362821
63 0.0009193578529328632
64 0.0009143131902433963
65 0.0009119840840527769
66 0.0009115548969386351
67 0.000909146162569194
68 0.0009072631084443593
69 0.0009025268636344364
70 0.0008974775786313863
71 0.0008959206964037358
72 0.0008957186657153357
73 0.0008936355895225497
74 0.0008920007313186651
75 0.0008835108470021751
76 0.0008704170850065151
77 0.0008695977093735722
78 0.0008671845944164787
79 0.0008695977093735722
80 0.0008621115392379302
81 0.0008517895526834016
82 0.0008493751656903955
83 0.0008457910711129684
84 0.0008441255990170359
85 0.0008424979118917247
86 0.0008424755262899169
87 0.00084214025541655
88 0.0008385945413197044
89 0.0008378374863314145
90 0.0008358532621617815
91 0.0008317873489220457
92 0.0008302133929663193
93 0.0008294657540679208
94 0.000827515573367352
95 0.0008274665024603778
96 0.000826498768445162
97 0.0008250876909545494
98 0.0008250162126086636
99 0.0008164894270742401
100 0.0004986562958007265
