21 0.005732688565061955
22 0.005732688565061955
23 0.00488705935787583
24 0.00488705935787583
25 0.0048507364781293465
26 0.00469727985084527
27 0.004409760434663042
28 0.0045256242225417955
29 0.004199778456855045
30 0.004199778456855045
31 0.0037158498859024476
32 0.0029340361335321364
33 0.0029340361335321364
34 0.002778010157147468
35 0.0029340361335321364
36 0.002778010157147468
37 0.0029340361335321364
38 0.002907243012705456
39 0.002482546720102056
40 0.002482546720102056
41 0.00242270251058788
42 0.00242270251058788
43 0.00242270251058788
44 0.00242270251058788
45 0.00242270251058788
46 0.002443529678937915
47 0.0028577129947598406
48 0.002367280423156404
49 0.0021626438017463166
50 0.0021626438017463166
51 0.0021626438017463166
52 0.0021626438017463166
53 0.0019866339530746333
54 0.0019866339530746333
55 0.0019866339530746333
56 0.0019866339530746333
57 0.0028183679105071623
58 0.002367280423156404
59 0.0021252243939070387
60 0.00275748856596852
