42 0.005689186141918177
43 0.0056178352926238755
44 0.005539894978877646
45 0.0055104790404540225
46 0.005477800860829966
47 0.00551076244341425
48 0.00534615023899944
49 0.005322224289813207
50 0.0053480682327694505
51 0.005282861833686966
52 0.0052771841514595895
53 0.005272528757465849
54 0.00463903669395643
55 0.004630228119923845
56 0.004628562042588465
57 0.004628440718161059
58 0.0045261832586592325
59 0.004526307695092542
60 0.004517329514016094
61 0.004239048033395577
62 0.004234113805955189
63 0.004234113805955189
64 0.004239048033395577
65 0.004230964135228855
66 0.00423316234965763
67 0.004219085056035287
68 0.004217306085414936
69 0.004217306085414936
70 0.0041921632308022615
71 0.004119441453669585
72 0.004130864989660437
73 0.0041049212341582346
74 0.0041049212341582346
75 0.004082859280340517
76 0.004082859280340517
77 0.004082859280340517
78 0.004063557106286569
79 0.004055791351896807
80 0.004040287813621408
81 0.004063704387084412
82 0.0040651860478660914
83 0.004114712053326575
84 0.004114712053326575
85 0.004119441453669585
86 0.004151018372652929
87 0.004226504323958507
88 0.004226504323958507
89 0.004459812656600589
90 0.004469912816915225
91 0.004230643662528818
92 0.004668594070107402
93 0.004849648431312607
94 0.004849648431312607
95 0.004760342504485357
96 0.00487106315636672
97 0.005262572613333705
98 0.00534615023899944
99 0.005272528757465849
100 0.005272528757465849
101 0.005323989878286008
102 0.005276985086063946
103 0.005382965547449136
104 0.005224136759254675
105 0.005224136759254675
106 0.0053335472487889436
107 0.005323989878286008
108 0.005390423359208587
109 0.005636308996687275
110 0.005820813539956579
111 0.006203690619336175
112 0.005944052604326715
113 0.006210343442755525
114 0.0053335472487889436
115 0.007381133027099612
116 0.006288244846203392
117 0.007690746271473439
118 0.007406481695987835
119 0.009124834250443341
120 0.007596742994912288
121 0.009178953583370555
122 0.009359152759377801
123 0.007303341374555384
124 0.010867499528297284
125 0.010867499528297284
126 0.017428983046625386
127 0.016495392331866914
128 0.01903790614353739
