1 0.016238704835808537
2 0.008276870009381567
3 0.005676610009381566
4 0.004315052644634248
5 0.0036356609894382594
6 0.0030763500093815657
7 0.002714892644634248
8 0.0024260535645915272
9 0.0022260335645915273
10 0.0020260135645915273
11 0.0018762300093815658
12 0.00173444823837418
13 0.0016733569340072073
14 0.0015258993483717746
15 0.0014850017018413746
16 0.001436995589713333
17 0.0013495718986684707
18 0.0012519340685141062
19 0.0012519340685141062
20 0.001225933564591527
21 0.0011402948389684611
22 0.0011147326446342477
23 0.0011147326446342477
24 0.0011147326446342477
25 0.0011147326446342477
26 0.0011258593483717747
27 0.0011258593483717747
28 0.001225933564591527
29 0.0037424883629026905
30 0.0035424683629026905
32 0.0035424683629026905
