21 0.008358191971163383
22 0.007834901737246464
23 0.007834901737246464
24 0.007497679421606135
25 0.007497679421606135
26 0.00665443515703356
27 0.00665443515703356
28 0.00665443515703356
29 0.00665443515703356
30 0.00665443515703356
31 0.00665443515703356
32 0.00665443515703356
33 0.00665443515703356
34 0.00665443515703356
35 0.0071355952604772906
36 0.0071355952604772906
37 0.007339720832737013
38 0.0071355952604772906
39 0.007624634944509111
40 0.007499716958480521
41 0.007499716958480521
42 0.007499716958480521
43 0.008371127070451411
44 0.008371127070451411
45 0.008324300488488522
46 0.00796034483332498
47 0.00790054608991953
48 0.009162945804214914
49 0.009319036773486304
50 0.010454568362367904
51 0.012943751305788832
53 0.011875958088746768
54 0.010362887518019594
55 0.017785150425311213
