15 0.013089336474548336
16 0.008233650059344112
17 0.007857348403274591
18 0.007857348403274591
19 0.007857348403274591
20 0.007857348403274591
21 0.007857348403274591
22 0.007857348403274591
23 0.007857348403274591
24 0.007857348403274591
25 0.007857348403274591
26 0.007857348403274591
27 0.007857348403274591
28 0.007857348403274591
29 0.007857348403274591
30 0.007857348403274591
31 0.007857348403274591
32 0.007857348403274591
33 0.008063232502360273
34 0.008063232502360273
35 0.008063232502360273
36 0.008452323159617593
37 0.008452323159617593
38 0.008452323159617593
39 0.008452323159617593
40 0.009446714119572604
41 0.009281961738118683
42 0.009281961738118683
43 0.008755817736139038
44 0.008755817736139038
45 0.008755817736139038
46 0.008755817736139038
47 0.008755817736139038
48 0.008755817736139038
49 0.008755817736139038
50 0.008755817736139038
51 0.01021512069216221
52 0.01640745083925768
53 0.009260377943239733
