5 0.012586488135504444
6 0.009911511831733956
7 0.009038725605881408
8 0.007439158468128395
9 0.006712793672269037
10 0.006327981816371579
11 0.006327981816371579
12 0.005621761734550694
13 0.005621761734550694
14 0.005161866181457493
15 0.005065443977153498
16 0.004757224003095478
17 0.004757224003095478
18 0.004762495443864137
19 0.003512529261698847
20 0.003512529261698847
21 0.003512529261698847
22 0.003512529261698847
23 0.003333746810704896
24 0.0029981524316632386
25 0.0032354628001678193
26 0.0024888016013697046
27 0.0024888016013697046
28 0.0024888016013697046
29 0.0022894396343874556
30 0.0022894396343874556
31 0.0022894396343874556
32 0.0022894396343874556
33 0.0022894396343874556
34 0.0022894396343874556
35 0.002425983000395574
36 0.002425983000395574
37 0.002425983000395574
38 0.002425983000395574
39 0.002425983000395574
40 0.002425983000395574
41 0.002425983000395574
42 0.002425983000395574
43 0.002762141600112256
44 0.0025673139983846747
45 0.002762141600112256
46 0.002442452780628396
47 0.002442452780628396
48 0.002442452780628396
49 0.002442452780628396
50 0.002821476087514368
53 0.00288504703843403
