16 0.005974576051191683
17 0.005974576051191683
21 0.004480932038393762
22 0.003983050700794456
23 0.005439204328737545
26 0.0029865619216436455
27 0.003473482306709504
28 0.003969694064810863
31 0.002975663387251358
32 0.002975663387251358
33 0.003969694064810863
36 0.002481058790506789
37 0.0029309433367540752
41 0.0024723656039716117
42 0.002966838724765934
46 0.0019987682877754924
47 0.002966838724765934
48 0.003473482306709504
49 0.002481058790506789
50 0.002481058790506789
51 0.001977892483177289
52 0.0019848470324054313
53 0.001991525350397228
54 0.001977892483177289
55 0.001991525350397228
56 0.0019837755915009052
57 0.002395513440487188
58 0.0024723656039716117
59 0.0019837755915009052
60 0.002481058790506789
61 0.001991525350397228
62 0.001991525350397228
63 0.002438159337115927
65 0.002977270548608147
