5 0.0024379286449044127
6 0.0018097500767706796
7 0.001685546702315016
8 0.0016551975748742257
9 0.0012813610056463633
10 0.0012813610056463633
11 0.0011867111812079352
12 0.0010603775472962968
13 0.001041794175524068
14 0.001041794175524068
15 0.0010075913856411917
16 0.000863106626721804
17 0.0008607781227711952
18 0.0008607781227711952
19 0.0008607781227711952
20 0.0008607781227711952
21 0.0009039944220345336
22 0.0008707416588079934
23 0.0008707416588079934
24 0.0009039944220345336
25 0.0010603775472962968
26 0.0010075913856411917
