80 0.0064409588847249115
81 0.006799864756087056
82 0.0064409588847249115
83 0.0064409588847249115
84 0.0064409588847249115
85 0.006227478281865341
86 0.006107951177426431
87 0.006227478281865341
88 0.006140108140152819
89 0.006227478281865341
90 0.006227478281865341
91 0.006227478281865341
92 0.0064409588847249115
93 0.006227478281865341
94 0.006722253136451729
95 0.006722253136451729
96 0.006799864756087056
97 0.007230223615439808
98 0.007775520859367954
99 0.007864021502880248
100 0.008080575627242816
101 0.00794581970095261
102 0.00794581970095261
103 0.00794581970095261
104 0.00794581970095261
105 0.00794581970095261
106 0.00794581970095261
107 0.00794581970095261
108 0.00794581970095261
109 0.00794581970095261
110 0.00794581970095261
111 0.00794581970095261
112 0.00794581970095261
113 0.00794581970095261
114 0.00794581970095261
115 0.00842216179003983
116 0.009195894715651565
117 0.010108578587138251
118 0.01000445889213704
119 0.01015992212473204
120 0.011581029731684608
121 0.011849084219073797
122 0.013514853557920453
123 0.01074345001413278
124 0.011573904379082851
125 0.012425330420358004
127 0.014591252291039365
128 0.019836059344867065
