40 0.003666507658678507
41 0.003666507658678507
42 0.00336718328949952
43 0.00336718328949952
44 0.00336718328949952
45 0.00336718328949952
46 0.003582290403834127
47 0.00336718328949952
48 0.00336718328949952
49 0.0034873152233691144
50 0.003582290403834127
51 0.003582290403834127
52 0.0034873152233691144
53 0.0033577339321928575
54 0.003582290403834127
55 0.0033586164782336355
56 0.0033407972127813173
57 0.003279358681392259
58 0.0029612623386576836
59 0.0029612623386576836
60 0.0029612623386576836
61 0.0029612623386576836
62 0.0029612623386576836
63 0.002798055566242698
64 0.0025497380224279477
65 0.0025497380224279477
66 0.0025497380224279477
67 0.002798055566242698
68 0.0027769498384159893
69 0.0027769498384159893
70 0.0027769498384159893
71 0.002798055566242698
72 0.0027769498384159893
73 0.0027769498384159893
74 0.0028494946134357485
75 0.0027769498384159893
76 0.003373306796188232
77 0.0029746943594992723
78 0.0033555013539421216
79 0.0037583968643789822
80 0.0037304447229373422
81 0.0033540200651427723
82 0.003721514015729577
83 0.003588846412976694
84 0.0038238770456973208
85 0.0049234910964721145
86 0.0033786216991620235
