5 0.002545864188420032
6 0.0020172261389345553
7 0.0018172061389345553
8 0.001615816897656336
9 0.001498131495512806
10 0.0014223285889952036
11 0.0012747326096474746
12 0.0012686196994612002
13 0.001140876314846024
14 0.001140876314846024
15 0.0012223085889952034
16 0.0012854653265408817
17 0.0012854653265408817
18 0.0012854653265408817
19 0.0012854653265408817
20 0.001333577877528728
21 0.0013005829246791863
22 0.0014625779573785472
23 0.0016189808335183905
24 0.0016189808335183905
25 0.0018626179573785473
27 0.00185847554042988
