24 0.0031542745754555685
25 0.0031542745754555685
26 0.0029230832235357888
27 0.002764168322725864
28 0.002764168322725864
29 0.0024832924413432916
30 0.002764168322725864
31 0.002450675687158132
32 0.0024778649828641718
33 0.0023780490043820946
34 0.002275038607314672
35 0.0020686662561509445
36 0.0019703036781464926
37 0.0019703036781464926
38 0.0019703036781464926
39 0.0019703036781464926
40 0.0019703036781464926
41 0.002204880217331521
42 0.002204880217331521
43 0.002348639925422635
44 0.0024283296202059447
45 0.0023836070040032255
46 0.0023034736022715533
47 0.0023034736022715533
48 0.0023034736022715533
49 0.0024298165157816236
50 0.0026458562607978254
51 0.002450066506916206
52 0.0023034736022715533
53 0.0028183679105071623
