11 0.024213800211692116
21 0.015103633815547787
31 0.014182230829376658
41 0.012805681467947354
51 0.011612162026499078
61 0.011257607370507544
71 0.011257607370507544
81 0.010938155003770808
85 0.021015143202354633
88 0.02119886768055785
91 0.01084422974160815
92 0.01084422974160815
93 0.01476339839788339
94 0.016391058992309707
95 0.011876076768935193
96 0.012286907799112911
97 0.013599729512174112
98 0.011257607370507544
99 0.012461997043166553
100 0.012784901419252669
101 0.011246502434915361
102 0.011429287379943698
103 0.012202572657733224
104 0.01256874667610396
105 0.011246502434915361
106 0.01449445813552358
107 0.012676092755618238
108 0.013118509233277328
109 0.014319499866771598
110 0.014986498544151109
111 0.01626006794543005
112 0.01626006794543005
113 0.024213800211692116
