86 0.0008195679040414476
87 0.0008188462895831492
88 0.0008171464030840201
89 0.000815829905112274
90 0.000815829905112274
91 0.000815388074479706
92 0.000815829905112274
93 0.0008171464030840201
94 0.0008171464030840201
95 0.0008171464030840201
96 0.0008171464030840201
97 0.0008171464030840201
98 0.0008171464030840201
99 0.0008195679040414476
100 0.0008208724154650975
101 0.0008195679040414476
102 0.0008195679040414476
103 0.0008195679040414476
104 0.0008195679040414476
105 0.0008195679040414476
106 0.0008195679040414476
107 0.0008195679040414476
108 0.0008195679040414476
109 0.0008195679040414476
110 0.0008195679040414476
111 0.0008208724154650975
112 0.0008195679040414476
113 0.0008195679040414476
114 0.000823376234965763
115 0.0010041547275395518
116 0.000823376234965763
117 0.0008226306523860215
118 0.0008207582693758003
119 0.0008202008210282331
120 0.0008202008210282331
121 0.0008202008210282331
122 0.0008202008210282331
123 0.0008202008210282331
124 0.0008202008210282331
125 0.0008202008210282331
126 0.0008202008210282331
127 0.0008202008210282331
128 0.0008207582693758003
129 0.0010047822927552895
130 0.0008206553428405367
131 0.0010042532734629932
132 0.0008202008210282331
133 0.0010048932779487467
134 0.0008206553428405367
135 0.0008225964251872746
136 0.0010082792845266001
137 0.0008226306523860215
138 0.0012082992845266001
139 0.0012083433027763753
