11 0.00484540502117576
12 0.0044529052195364386
13 0.003944226852736953
14 0.0036204993780334363
15 0.003430093109682688
16 0.003179909545616682
17 0.002960268748895389
18 0.0029340361335321364
19 0.002912353384647851
20 0.0024932814790036323
21 0.002450675687158132
22 0.0024450301112767803
23 0.0023942532139161208
24 0.0022979071383071002
25 0.001994625183202906
26 0.0019721134263684767
27 0.0019562168969726648
28 0.0019487221490238592
29 0.0019154025711328967
30 0.0018427788818172427
31 0.001818292325138388
32 0.0018102496890167181
33 0.0017035791053668032
34 0.0014899754648059751
35 0.0014800264182002784
36 0.0014686040931263555
37 0.001467074866761386
38 0.0014574081020052806
39 0.001453621506352728
40 0.0014365519283496726
41 0.0014301642024019353
42 0.001382084161362932
43 0.0013651562970580634
44 0.0013628183766928638
45 0.0013505121723099203
46 0.0013462163679470796
47 0.0013404533842838247
48 0.0013236742936931596
49 0.0012740627485355932
50 0.000997312591601453
51 0.0009911459931456687
52 0.0009895344932303197
53 0.0009860567131842384
54 0.000980270274863253
55 0.0009800266027664823
56 0.0009790693954175704
57 0.0009790693954175704
58 0.0009790693954175704
59 0.0009790693954175704
60 0.0009790693954175704
61 0.0009790693954175704
62 0.0009790693954175704
63 0.0009851518390732463
64 0.0009860567131842384
65 0.000986077606002259
66 0.0009895344932303197
67 0.00143773688236102
68 0.0014365519283496726
69 0.0019487221490238592
