11 0.02301926072584836
21 0.01721908446914988
31 0.015840542915375337
41 0.014162615084661583
51 0.01317218527655378
61 0.01304518487941802
71 0.012139384358281359
81 0.012139384358281359
91 0.012139384358281359
92 0.016037549635595
93 0.019253963343072507
94 0.014800343203813807
95 0.014395986940247645
96 0.016766389539602106
97 0.013673959833067646
98 0.01574460042093019
99 0.012214864967028465
100 0.01220207858272326
101 0.012139384358281359
102 0.014278318280707011
103 0.014145514734709007
104 0.014830696252004335
105 0.012139384358281359
106 0.014131811220180621
107 0.015793053370595795
108 0.014980843566094573
109 0.017345797116896502
110 0.012769925491207635
111 0.013597534002465899
112 0.015726020086079893
113 0.013597534002465899
114 0.017303516638050423
116 0.016829722057962182
117 0.014027158274792976
118 0.031051510258767654
119 0.018484503206505448
