96 0.0016240448033395577
98 0.0016065925232127739
99 0.0014228515878650537
100 0.001411252139547587
101 0.0018057391351896808
102 0.00142251207072136
103 0.001410850589531031
104 0.00120807176532326
105 0.0014082030656849896
106 0.0014049580231773836
107 0.0014169080943951858
108 0.0012113423260768801
109 0.0014104564761343668
110 0.0012064968849892818
111 0.0012089118615746094
112 0.0012080392826939058
113 0.0012219440221145148
114 0.0010192963230802262
115 0.001615874581853237
116 0.0014154042945524782
117 0.0012195420634438581
118 0.0012241275373832711
