27 0.01381595494089716
28 0.01381595494089716
29 0.012772784150850286
30 0.012772784150850286
31 0.008466182885733755
32 0.007894831394798378
33 0.007609626572903569
34 0.008466182885733755
35 0.007472597271725068
36 0.007609626572903569
37 0.007173027302989922
38 0.007051330435735309
39 0.007080250312337778
40 0.007080250312337778
41 0.006993059942242251
42 0.006993059942242251
43 0.007121524912097096
44 0.007121524912097096
45 0.007173027302989922
46 0.007051330435735309
47 0.007121524912097096
48 0.007472597271725068
49 0.007744615866256192
50 0.007472597271725068
51 0.008911209260173518
52 0.009390746589656334
53 0.013322527978722264
