30 0.009991818052099198
31 0.009492227149494237
32 0.009492227149494237
33 0.008992636246889278
34 0.008992636246889278
35 0.008992636246889278
36 0.008992636246889278
37 0.008992636246889278
38 0.008838847929658568
39 0.008493045344284317
40 0.008493045344284317
41 0.008344062461365959
42 0.008344062461365959
43 0.008344062461365959
44 0.008344062461365959
45 0.008344062461365959
46 0.008388258356973276
47 0.008992636246889278
48 0.008388258356973276
49 0.008388258356973276
50 0.009492227149494237
51 0.009280111494852132
52 0.008992636246889278
53 0.010491408954704157
56 0.009767410198055045
