28 0.003392393493760171
29 0.003392393493760171
30 0.002968603479690959
31 0.0029581701395527153
32 0.0028407365077876847
33 0.0027217893253330783
34 0.0024290135033421343
35 0.0024290135033421343
36 0.0024290135033421343
37 0.0024290135033421343
38 0.0024290135033421343
39 0.0024175524364364017
40 0.0023851576906940724
41 0.0023547657552634616
42 0.0019432108026737074
43 0.0019432108026737074
44 0.001943853212625299
45 0.001830637851810363
46 0.001693125637753883
47 0.0016842805108331
48 0.001693125637753883
49 0.0016500324252173271
50 0.0018102496890167181
51 0.001956024089021424
52 0.001956024089021424
53 0.0018875125372351956
54 0.001979103944124047
55 0.002434432549085315
56 0.001994625183202906
57 0.0029408108245897588
