6 0.0017785163535571733
7 0.0016564843821514981
8 0.0016551975748742257
9 0.0014564643821514981
10 0.0012608181227711953
11 0.0012158520960672435
12 0.001050361814994688
13 0.0010375569472683447
14 0.00102717882650615
15 0.0008989706402528563
16 0.000856404382151498
17 0.0008375369472683447
18 0.0008375369472683447
19 0.0008417741755240678
20 0.0008417741755240678
21 0.0008417741755240678
22 0.000850341814994688
23 0.000850341814994688
24 0.0011027785557975512
25 0.0010045561133123007
26 0.001219479205259511
