82 0.005009054543376466
83 0.004609014543376466
84 0.004417061861035235
85 0.004609014543376466
86 0.004024230901211478
87 0.004020148741191564
88 0.003808934543376466
89 0.003622197014605003
90 0.003808934543376466
91 0.003808934543376466
92 0.0044089945433764665
93 0.004208974543376466
94 0.004208974543376466
95 0.004209675541882541
96 0.0038140063194378984
97 0.004020147843047542
98 0.004008954543376466
99 0.004008954543376466
100 0.0038170018610352344
101 0.0038170018610352344
102 0.004008954543376466
103 0.004008954543376466
104 0.004008954543376466
105 0.004008954543376466
106 0.004020551523193587
107 0.00401964187519697
108 0.004020148741191564
109 0.004017021861035234
110 0.004020551523193587
111 0.004020551523193587
112 0.004020551523193587
113 0.004020551523193587
114 0.004020551523193587
115 0.004020551523193587
116 0.0048111171826157794
117 0.0042109615962267945
118 0.005216045182563298
119 0.005016025182563297
120 0.00482512194450801
121 0.00482294241286722
122 0.005016465905053845
123 0.006008934573129805
124 0.004809265758030544
125 0.005219413165299435
126 0.005820731523193587
127 0.006013967317789837
128 0.00521483715357694
129 0.00521483715357694
130 0.0072137835499379525
131 0.006413703549937953
132 0.007425160905813484
133 0.010208338651517943
135 0.007614386319437899
