25 0.016073422481018035
26 0.012663908621408149
27 0.012663908621408149
28 0.012663908621408149
29 0.01281842553941286
30 0.012663908621408149
31 0.010228541578829659
32 0.010228541578829659
33 0.010228541578829659
34 0.010228541578829659
35 0.01052471920459705
36 0.011003115532078734
37 0.011003115532078734
38 0.01148151185956042
39 0.011003115532078734
40 0.01052471920459705
41 0.01052471920459705
42 0.011003115532078734
43 0.011003115532078734
44 0.010715614987345357
45 0.011003115532078734
46 0.011003115532078734
47 0.013315883218486035
48 0.01217683521289245
49 0.022316699815157923
50 0.014830286151932208
53 0.021324598626310788
