4 0.003017326138934555
5 0.002165742215456232
6 0.0020269375860854527
7 0.0018276203781719513
8 0.0016268975860854527
9 0.0014275803781719511
10 0.0014268775860854527
11 0.0013408963148460239
12 0.0012268575860854528
13 0.0012171461389345554
14 0.0011457241884200318
15 0.0010921787112516809
16 0.0010921787112516809
17 0.0010921787112516809
18 0.0010921787112516809
19 0.0011519519794568073
20 0.0012686196994612002
21 0.0012686196994612002
22 0.001345744188420032
23 0.0014223285889952036
24 0.0018190008335183905
25 0.0016332912979891885
