5 0.005575727491662031
6 0.0038778197272178877
7 0.0036565483588606573
8 0.0033112278254685146
9 0.0031782106818182567
10 0.0026878637458310154
11 0.002603753837278729
12 0.002603753837278729
13 0.0024956264093010756
14 0.0024956264093010756
15 0.0022591031382655476
16 0.0022591031382655476
17 0.0021055624163318987
18 0.0021055624163318987
19 0.0018921301859820081
20 0.0017493889240895188
21 0.0016943273536991607
22 0.0016943273536991607
23 0.0018921301859820081
24 0.0022591031382655476
25 0.0020111256106036656
