23 0.003968784391196738
24 0.003968784391196738
25 0.003813771206405161
26 0.0035278083477304333
27 0.0034209415505130807
28 0.0035278083477304333
29 0.003343413048647126
30 0.0029254864175662356
31 0.0029799509296119502
32 0.0029799509296119502
33 0.0029254864175662356
34 0.0028603284048038706
35 0.0029254864175662356
36 0.0032695565228769872
37 0.002204880217331521
38 0.002204880217331521
39 0.002204880217331521
40 0.002204880217331521
41 0.002204880217331521
42 0.002204880217331521
43 0.003086832304264129
44 0.002204880217331521
45 0.002204880217331521
46 0.002443529678937915
47 0.002443529678937915
48 0.0023836070040032255
49 0.0019426636961647555
50 0.0017639041738652167
51 0.0016501753819090988
52 0.0014573474559253484
53 0.0014573474559253484
54 0.0014573474559253484
55 0.0015077738830964731
56 0.0015077738830964731
57 0.0015077738830964731
58 0.0019426636961647555
59 0.0023942532139161208
60 0.0019613631074168547
