1 0.035016691592352996
2 0.01794605444108091
3 0.012134175861384
4 0.01006188983740644
5 0.01006188983740644
6 0.01006188983740644
7 0.01006188983740644
8 0.01006188983740644
9 0.01006188983740644
10 0.01006188983740644
11 0.01006188983740644
12 0.01006188983740644
13 0.01006188983740644
14 0.01006188983740644
15 0.01006188983740644
16 0.01006188983740644
17 0.010138404425135512
18 0.01006188983740644
19 0.01006188983740644
20 0.010111271292088327
21 0.010193540748615334
22 0.010111271292088327
23 0.010111271292088327
24 0.01262754289583936
25 0.012316380982785202
26 0.01995642561011425
