22 0.010940961142139372
23 0.010940961142139372
24 0.010940961142139372
25 0.011386599587824946
26 0.010940961142139372
27 0.011386599587824946
28 0.012216106014411808
29 0.007887762085469294
30 0.007887762085469294
31 0.007887762085469294
32 0.0072808439492464535
33 0.007422206478233011
34 0.007422206478233011
35 0.007887762085469294
36 0.007422206478233011
37 0.006995689007214223
38 0.006995689007214223
39 0.006793680698949114
40 0.006793680698949114
41 0.0065834442042001905
42 0.006793680698949114
43 0.006995689007214223
44 0.00684847125624119
45 0.006995689007214223
46 0.00779277794165613
47 0.01050467908733423
48 0.007867400944438364
49 0.010813789179716725
51 0.010718804964190223
