11 0.002273656084631281
12 0.00209494724661516
13 0.0018901733013832415
14 0.0018891660222553563
15 0.001690153301383241
16 0.001689146022255356
17 0.0014956929965728345
18 0.0014934621394000927
19 0.0014789706427832242
20 0.0014608147204543107
21 0.00129486724661516
22 0.001289781439732293
23 0.001288805935787583
24 0.0012789506427832243
25 0.0010987362958007267
26 0.0010948559860310119
27 0.0010926559195366232
28 0.0010890860222553562
29 0.0010860433031563248
30 0.0010789306427832243
31 0.0010679861040847807
32 0.00105966142766142
33 0.001012588106304332
34 0.0008967184882686584
35 0.0008948272466151599
36 0.0008900733013832412
37 0.0008890660222553561
38 0.0008872405372559648
39 0.0008854522307746418
40 0.0008770915381388145
41 0.0008741673656430743
42 0.0008719381343087989
43 0.00085964142766142
44 0.000854633081284597
45 0.0008514568963873236
46 0.0008468777947612749
47 0.0008352685425032576
48 0.0008311157696189651
49 0.0008151666964831596
50 0.0006986962958007265
51 0.0006956129965728344
52 0.0006933821394000928
53 0.0006926159195366232
54 0.0006900533013832412
55 0.0006895746977087852
56 0.0006890942242431663
57 0.0006872205372559649
58 0.0006867582043662074
59 0.0006857059240411889
60 0.0006854322307746418
61 0.000684580502117576
62 0.0006833472534687233
63 0.0006788906427832242
64 0.0006770715381388146
65 0.0006734960846312808
66 0.000671918134308799
67 0.0006709931510526924
68 0.0006686474606011001
69 0.0006679461040847806
70 0.0006664372676086156
71 0.0006615179570249748
72 0.00065962142766142
73 0.0006571965951216982
74 0.0006543127922309547
75 0.0006543127922309547
76 0.0006536715542221797
77 0.0006956129965728344
