77 0.0014060168619927508
78 0.0012074248183271995
79 0.0012074248183271995
80 0.0012074248183271995
81 0.0012074248183271995
82 0.0012074248183271995
83 0.0012060081938435187
84 0.0012060081938435187
85 0.0012060081938435187
86 0.0010195335632825467
87 0.0010183032850558504
88 0.0010195335632825467
89 0.0010195335632825467
90 0.0010195335632825467
91 0.0010195335632825467
92 0.0010195335632825467
93 0.0010087759502987411
94 0.0010087759502987411
95 0.0010087759502987411
96 0.0010087759502987411
97 0.0010087759502987411
98 0.0010087759502987411
99 0.0010087759502987411
100 0.0010087759502987411
101 0.0010094337529539842
102 0.0010094337529539842
103 0.0010094337529539842
104 0.0010094337529539842
105 0.0010094337529539842
106 0.0008216927215728524
107 0.0008216927215728524
108 0.0008216927215728524
109 0.0008210429306478029
110 0.0008210429306478029
111 0.0008216927215728524
112 0.0008210429306478029
113 0.0008210429306478029
114 0.0008216927215728524
115 0.0008216927215728524
116 0.0008241592279879801
117 0.0008241592279879801
118 0.0008241592279879801
119 0.0008241592279879801
120 0.0008242909459443941
121 0.0008244364968409756
122 0.0010109297284934726
123 0.001016332456099901
124 0.0010151107108961359
125 0.001016332456099901
126 0.001015237542294778
127 0.0010109297284934726
128 0.0012130878636576288
