17 0.012473969784286956
18 0.010350460874000933
19 0.008871823606286515
20 0.007886065427810235
21 0.007886065427810235
22 0.007886065427810235
23 0.007886065427810235
24 0.007886065427810235
25 0.00737089392310993
26 0.006231610500065923
27 0.006231610500065923
28 0.006231610500065923
29 0.006231610500065923
30 0.0064074281600958165
31 0.0064074281600958165
32 0.006805858249421787
33 0.006805858249421787
34 0.006805858249421787
35 0.006409439103074169
36 0.00644953218272119
37 0.005471400765641687
38 0.005471400765641687
39 0.005471400765641687
40 0.005471400765641687
41 0.005471400765641687
42 0.005471400765641687
43 0.005471400765641687
44 0.005717764910555187
45 0.005717764910555187
46 0.005717764910555187
47 0.005717764910555187
48 0.005717764910555187
49 0.00813477070545196
50 0.008642154334959691
51 0.014406808143800886
52 0.008197361973664045
53 0.012182628021805062
