46 0.002013552211443934
47 0.0020063456191462023
48 0.0016226764251872747
49 0.0020063456191462023
50 0.0016167260056862602
51 0.001813532211443934
52 0.0018120918029838901
53 0.0018120918029838901
54 0.001806556884989282
55 0.001806882053180524
56 0.001804998023177384
57 0.001806556884989282
58 0.0016065368849892817
59 0.0016065368849892817
60 0.001610508115149816
61 0.0016063056191462021
62 0.0016063056191462021
63 0.0016063056191462021
64 0.0016063056191462021
65 0.001610508115149816
66 0.001619185401586452
67 0.0016167260056862602
68 0.0016135122114439339
69 0.0016090286855288784
70 0.0016090286855288784
71 0.0016090286855288784
72 0.0016210698290839859
73 0.0016114409560719922
74 0.0016210698290839859
75 0.0016135122114439339
76 0.0016041631829781895
77 0.0014125098456722511
78 0.0014068420531805237
79 0.0014068420531805237
80 0.0014068420531805237
81 0.0014068420531805237
82 0.0014042932734629932
83 0.0014042932734629932
84 0.0014064939872066896
85 0.0014042932734629932
86 0.0014042932734629932
87 0.0012235113805955191
88 0.0012230329123427408
89 0.0012176220005532768
90 0.0012176220005532768
91 0.0012176220005532768
92 0.0012176220005532768
93 0.0012062656191462022
94 0.0012062656191462022
95 0.0012062656191462022
96 0.0012062656191462022
97 0.0012062656191462022
98 0.0012062656191462022
99 0.0010200670318670224
100 0.0010130751694499168
101 0.00101254365316055
102 0.0010072767451617622
103 0.00101254365316055
104 0.0010166173999273946
105 0.0010097526981715094
106 0.0010072767451617622
107 0.0010072767451617622
108 0.0010072767451617622
109 0.00101201180298389
110 0.0010097526981715094
111 0.0012132614221007972
112 0.0010228115878650537
113 0.0012166373999273946
114 0.0012148843863009323
115 0.0020049932779487465
116 0.001224954634004522
117 0.0014104564761343668
118 0.0014104564761343668
119 0.0014105186014927013
