24 0.01753464270656513
25 0.015164159023154336
26 0.01509927566398664
27 0.01509927566398664
28 0.01509927566398664
29 0.01509927566398664
30 0.013755579235845786
31 0.013257165691708435
32 0.013257165691708435
33 0.013257165691708435
34 0.012020208245091778
35 0.012020208245091778
36 0.011639335660958981
37 0.012020208245091778
38 0.012020208245091778
39 0.011943253546786412
40 0.011943253546786412
41 0.012613903667937292
42 0.012625946966038897
43 0.012410301760124351
44 0.012646596698757121
45 0.012938860904431766
46 0.012646596698757121
47 0.012844228764369907
48 0.01314069657178624
49 0.025688457528739814
50 0.015250819868257834
51 0.014128896317844478
53 0.033608065187583164
