14 0.01755256537165492
15 0.01755256537165492
16 0.01755256537165492
17 0.01755256537165492
18 0.01755256537165492
19 0.01755256537165492
20 0.01755256537165492
21 0.01755256537165492
22 0.017626047564778785
23 0.017626047564778785
24 0.01791984889773146
25 0.01791984889773146
26 0.01791984889773146
27 0.01791984889773146
28 0.01791984889773146
29 0.01791984889773146
30 0.01791984889773146
31 0.018437558866238074
32 0.018437558866238074
33 0.018437558866238074
34 0.018437558866238074
35 0.018626226880457765
36 0.018626226880457765
37 0.018626226880457765
38 0.018626226880457765
39 0.018626226880457765
40 0.018626226880457765
41 0.018626226880457765
42 0.019186965584149777
43 0.019186965584149777
44 0.019186965584149777
45 0.022619668946009412
46 0.022619668946009412
47 0.023190160669659645
48 0.023393298247501332
49 0.026042619287910823
50 0.02618534123116515
51 0.02618534123116515
52 0.02618534123116515
53 0.034321082738890896
54 0.027908407752103542
55 0.027908407752103542
56 0.027908407752103542
57 0.03814847334282888
58 0.04565259685987176
60 0.04665649080752484
