4 0.0035119522257692553
5 0.00222131248326638
6 0.0019117922257692556
7 0.0018173512620885178
8 0.0016807742924846991
9 0.0014173112620885179
10 0.0013540742467454125
11 0.0012928280858130958
12 0.0011697858636965045
13 0.0011117122257692557
14 0.001092872910974244
15 0.0010869234599445907
16 0.0010869234599445907
17 0.0010949251910137747
18 0.0011413452438235998
19 0.0011610254322139517
20 0.0011610254322139517
21 0.0011610254322139517
22 0.0011610254322139517
23 0.0011610254322139517
24 0.001536330901438873
25 0.001600914725149952
26 0.001736350901438873
