16 0.019086420502117576
17 0.018890866022255356
18 0.018890866022255356
19 0.018890866022255356
20 0.018890866022255356
21 0.018890866022255356
22 0.018890866022255356
23 0.018890866022255356
24 0.018890866022255356
25 0.018890866022255356
26 0.018890866022255356
27 0.017409964713537122
28 0.017409964713537122
29 0.017409964713537122
30 0.017409964713537122
31 0.017409964713537122
32 0.017409964713537122
33 0.018810104713537123
34 0.018832915769618968
35 0.018842836043466305
36 0.018842836043466305
37 0.018842836043466305
38 0.018842836043466305
39 0.018842836043466305
40 0.018842836043466305
41 0.018847860365659334
42 0.018842836043466305
43 0.018847860365659334
44 0.018847860365659334
45 0.018847860365659334
46 0.018847860365659334
47 0.018847860365659334
48 0.018847860365659334
49 0.018847860365659334
50 0.018847860365659334
51 0.018847860365659334
52 0.018847860365659334
