80 0.004205534516255151
81 0.003816774959802246
82 0.004005514516255151
83 0.0036226249198297302
84 0.003622070608541494
85 0.0034226049198297303
86 0.0034226049198297303
87 0.0034226049198297303
88 0.0034226049198297303
89 0.0036212698290839862
90 0.0036068586047866094
91 0.0036068586047866094
92 0.0034195363230802266
93 0.0036212698290839862
94 0.0032064677670609063
95 0.0032064677670609063
96 0.003019496323080226
97 0.003019496323080226
98 0.00301274365316055
99 0.00301274365316055
100 0.003019496323080226
101 0.003019496323080226
102 0.003019496323080226
103 0.003019496323080226
104 0.003019496323080226
105 0.003019496323080226
106 0.003019496323080226
107 0.003019496323080226
108 0.0032064677670609063
109 0.0032064677670609063
110 0.00321276365316055
111 0.0034064877670609067
112 0.0034064877670609067
113 0.003419947214471043
114 0.003606261929697227
115 0.003606261929697227
116 0.003606261929697227
117 0.003606261929697227
118 0.004023686939997915
119 0.0044063419296972274
120 0.00441009269817151
121 0.00441009269817151
122 0.004823392912342741
123 0.00520687398720669
124 0.005015320103806107
125 0.005219716323080227
126 0.005222892070721361
127 0.0046227249198297305
128 0.006418136820515263
129 0.006004584947047536
130 0.00621882113482369
131 0.008413209845672252
