89 0.0008207582693758003
90 0.0008207582693758003
91 0.0008202212844114684
92 0.0008180503402294714
93 0.0008180503402294714
94 0.0008180503402294714
95 0.0008180503402294714
96 0.0008180503402294714
97 0.0008180503402294714
98 0.0008180503402294714
99 0.0008180503402294714
100 0.0008196872144710427
101 0.0008196872144710427
102 0.0008196872144710427
103 0.0008202212844114684
104 0.0008202212844114684
105 0.0008130551694499168
106 0.0008124498456722512
107 0.0008124498456722512
108 0.0008124498456722512
109 0.0008124498456722512
110 0.0008124498456722512
111 0.0008130551694499168
112 0.0008130551694499168
113 0.0008130551694499168
114 0.0008130551694499168
115 0.0008130551694499168
116 0.0008130551694499168
117 0.0008130551694499168
118 0.0008130551694499168
119 0.0008130551694499168
120 0.0008130551694499168
121 0.0008130551694499168
122 0.0008130551694499168
123 0.0008130551694499168
124 0.0008130551694499168
125 0.0008130551694499168
126 0.0008132214221007972
127 0.0008132214221007972
128 0.0008188462895831492
129 0.0008188462895831492
130 0.0008164947602272031
131 0.0008188462895831492
132 0.0008164947602272031
133 0.0008206553428405367
134 0.0008248635124858266
135 0.0008188462895831492
136 0.0008188462895831492
137 0.0008188462895831492
