79 0.005222208301731912
80 0.005822268301731911
81 0.0054222283017319114
82 0.0046221483017319116
83 0.0050221883017319115
84 0.0046221483017319116
85 0.0046221483017319116
86 0.0046221483017319116
87 0.004022088301731911
88 0.0034220283017319113
89 0.003021988301731911
90 0.002421928301731911
91 0.002221908301731911
92 0.002621948301731911
93 0.001821868301731911
94 0.002021888301731911
95 0.001421828301731911
96 0.001621848301731911
97 0.001421828301731911
98 0.001221808301731911
99 0.001221808301731911
100 0.001221808301731911
101 0.001221808301731911
102 0.001221808301731911
103 0.0012190131652994346
104 0.0012187820821744958
105 0.001021788301731911
106 0.001021788301731911
107 0.0012187820821744958
108 0.001021788301731911
109 0.0010214341156666261
110 0.0010187620821744958
111 0.0010187620821744958
112 0.001021788301731911
113 0.0018190731652994348
114 0.0012187820821744958
115 0.0010189931652994347
116 0.0014190331652994346
117 0.001221808301731911
118 0.0010189931652994347
119 0.0012187820821744958
120 0.0012062277833919505
121 0.0010194047692462062
122 0.0010194047692462062
123 0.0010088857580305432
124 0.0010088857580305432
125 0.0010117889450387463
126 0.0008244012924244193
127 0.0008244012924244193
128 0.0008244012924244193
129 0.0010194247654609246
130 0.0010053562122966078
131 0.0010140115044912764
132 0.0010169910241632572
133 0.0010094778899291013
