22 0.017286240502117578
23 0.016286140502117578
24 0.016286140502117578
25 0.01608612050211758
26 0.012885800502117578
27 0.012085720502117578
28 0.012085720502117578
29 0.011485660502117577
30 0.011485660502117577
31 0.011885700502117577
32 0.012285740502117577
33 0.012885800502117578
34 0.012885800502117578
35 0.012885800502117578
36 0.012885800502117578
37 0.013885900502117578
38 0.013685880502117578
39 0.013885900502117578
40 0.013885900502117578
41 0.013885900502117578
42 0.01668618050211758
43 0.01668618050211758
44 0.01668618050211758
45 0.01368700592404119
46 0.01368700592404119
47 0.01368700592404119
48 0.01368700592404119
49 0.01368700592404119
50 0.01368700592404119
51 0.01368700592404119
