1 0.008416496897656337
2 0.004416096897656336
3 0.0032159768976563357
4 0.002417266138934555
5 0.0022172461389345552
6 0.001898171495512806
7 0.0016171861389345553
8 0.001559537667287328
9 0.0014171661389345554
10 0.0013408963148460239
11 0.0013075391021552213
12 0.001107519102155221
13 0.001107519102155221
14 0.0010872838010097708
15 0.0010171261389345552
16 0.0009408563148460238
17 0.000933537877528728
18 0.0009148639123802676
19 0.000898071495512806
20 0.0008872638010097709
21 0.0008746926096474745
22 0.0008746926096474745
23 0.0008746926096474745
24 0.0008746926096474745
25 0.0010921787112516809
26 0.0018333112979891887
27 0.0013005829246791863
