72 0.0024448005527325017
73 0.0024448005527325017
74 0.0021152406319699503
75 0.0021152406319699503
76 0.002099484161114245
77 0.002099484161114245
78 0.002099484161114245
79 0.0020669365889491834
80 0.0020417728656490254
81 0.0020417728656490254
82 0.0016954036048459093
83 0.0016770475007878787
84 0.0016770475007878787
85 0.0016770475007878787
86 0.0016747283286979832
87 0.0016683168157538655
88 0.0016535492711593465
89 0.0016535492711593465
90 0.0016535492711593465
91 0.0016535492711593465
92 0.0016535492711593465
93 0.0016535492711593465
94 0.0016665674441409368
95 0.0016535492711593465
96 0.0016535492711593465
97 0.0016665674441409368
98 0.001682305119100982
99 0.0016849782590891117
100 0.001681828673271145
101 0.0016760128486509427
102 0.0016697427286741346
103 0.0016770475007878787
104 0.0016419334950998107
105 0.0016419334950998107
106 0.0016419334950998107
107 0.0016419334950998107
108 0.0016419334950998107
109 0.001650291958176405
110 0.0016630147107084422
111 0.0016724527627838969
112 0.0016724527627838969
113 0.0016657875946472574
114 0.0016790749647662543
115 0.0016557260179651053
116 0.0016630147107084422
117 0.0016630147107084422
118 0.0016630147107084422
119 0.0016630147107084422
120 0.0016973651696976775
121 0.0016842069378801843
122 0.0016822199144617368
124 0.0024891143405893655
125 0.002078768388385553
