13 0.32996203381914774
14 0.27281800657697336
15 0.26144977751519266
16 0.14574371195970096
17 0.16807485697405244
18 0.16340611094699542
19 0.21211845031230925
20 0.16807485697405244
21 0.16807485697405244
22 0.18854973361094154
23 0.18854973361094154
24 0.18854973361094154
25 0.18854973361094154
26 0.18854973361094154
27 0.18854973361094154
28 0.18854973361094154
29 0.18854973361094154
30 0.18854973361094154
31 0.18854973361094154
32 0.18854973361094154
33 0.18854973361094154
34 0.18854973361094154
35 0.36518488432000723
36 0.36518488432000723
37 0.36518488432000723
38 0.36518488432000723
39 0.36518488432000723
40 0.36518488432000723
41 0.36518488432000723
42 0.36518488432000723
43 0.36518488432000723
44 0.36518488432000723
45 0.40230676175421387
46 0.40230676175421387
47 0.40230676175421387
48 0.40230676175421387
49 0.36518488432000723
50 0.40230676175421387
51 0.43340229486480036
52 0.40767071047556325
53 0.40230676175421387
54 0.40230676175421387
55 0.40767071047556325
56 0.5656514951805158
57 0.5056360106756004
