1 0.016265175885032956
2 0.008464395885032954
3 0.005763346553306117
4 0.004455477737727104
5 0.0036407368617967645
6 0.003163086553306117
7 0.002688424726437844
8 0.002446780459258231
9 0.0022637758850329536
10 0.0022637758850329536
11 0.0022637758850329536
12 0.0022637758850329536
13 0.0022637758850329536
14 0.0022637758850329536
15 0.0022637758850329536
16 0.0022637758850329536
17 0.0022637758850329536
18 0.0023634176587072086
19 0.0024884047264378444
20 0.0024637958850329536
21 0.002448586432747142
22 0.0023937943947650907
23 0.002446780459258231
24 0.004905387796069888
