62 0.001406974004494609
63 0.0012168676102562329
64 0.0012165149598022456
65 0.001210272778388917
66 0.001210272778388917
67 0.0012104364761343668
68 0.001210272778388917
69 0.001210272778388917
70 0.001210272778388917
71 0.0012104364761343668
72 0.0012165149598022456
73 0.0012104364761343668
74 0.0012104364761343668
75 0.0012104364761343668
76 0.0012168676102562329
77 0.0012168676102562329
78 0.0014041487813621408
79 0.0012049132779487466
80 0.0010199413731965588
81 0.001020220821028233
82 0.001020220821028233
83 0.001020220821028233
84 0.001020220821028233
85 0.001020220821028233
86 0.001020220821028233
87 0.001020220821028233
88 0.001020220821028233
89 0.0010191814342016116
90 0.0010191814342016116
91 0.0010191814342016116
92 0.001010810589531031
93 0.0010107463194560086
94 0.0010103213357126842
95 0.0010103213357126842
96 0.0010103213357126842
97 0.0010103213357126842
98 0.0010103213357126842
99 0.0010107463194560086
100 0.0010107463194560086
101 0.0010107463194560086
102 0.0010107463194560086
103 0.0010107463194560086
104 0.001010810589531031
105 0.001010810589531031
106 0.001010810589531031
107 0.001010810589531031
108 0.0010234129490645759
109 0.0010202412844114684
110 0.001010810589531031
111 0.001010810589531031
112 0.0010234129490645759
113 0.0010234129490645759
114 0.001206104005318277
115 0.0014100246013310424
116 0.001222482309814704
117 0.0012234162349657632
118 0.0012130951694499167
119 0.0012130951694499167
