1 0.00822789882650615
2 0.0042816610056463636
3 0.00302737882650615
4 0.0022814610056463634
5 0.0018990706402528565
6 0.0016690029710338637
7 0.0014689829710338637
8 0.0012990106402528563
9 0.0012564443821514982
10 0.00122719882650615
11 0.0010631266267218042
12 0.001041794175524068
13 0.0010158320960672435
14 0.0009648275930217794
15 0.0008813210056463632
16 0.0008571258668133295
17 0.0008377686449044124
18 0.0008158120960672435
19 0.0008075713856411917
20 0.0007132225409493835
21 0.0007030820539258278
22 0.000685446702315016
23 0.0006784409414437198
24 0.0006624306773325224
25 0.0006603375472962967
26 0.0006571058668133295
27 0.000656384382151498
28 0.0006550975748742257
29 0.000650321814994688
30 0.0006417541755240679
31 0.00063991618988344
32 0.0006377486449044125
33 0.0006375169472683447
34 0.0006271388265061499
35 0.0006194192052595111
36 0.0006550192205371382
