3 0.003203717350102329
4 0.0027883074632761465
5 0.002403637350102329
6 0.0020035973501023293
7 0.0018057120448854186
8 0.001745885724732876
9 0.0014352901640957657
10 0.0014035373501023291
11 0.0012056520448854185
12 0.0011734130897020933
13 0.0011517199320252216
14 0.0010352501640957658
15 0.0010247465257675564
16 0.0010247465257675564
17 0.0010884082047932907
18 0.001145825724732876
19 0.0011918886147636145
20 0.0012324247704045435
21 0.0011918886147636145
22 0.001287739619295506
23 0.0013916722687197722
24 0.001287739619295506
