33 0.0033519544994825693
34 0.0029380886383937564
35 0.0029380886383937564
36 0.002559862397659208
37 0.0026871559971460074
38 0.002367280423156404
39 0.002367280423156404
40 0.0021103139975425897
41 0.0021103139975425897
42 0.0019487221490238592
43 0.0019487221490238592
44 0.002105350638541375
45 0.0019721134263684767
46 0.0019154025711328967
47 0.0018875125372351956
48 0.001734424302882232
49 0.0018050537272688728
50 0.0018050537272688728
51 0.001865589070434462
52 0.0018170911689238184
53 0.0018170911689238184
54 0.001960540549726506
55 0.0018838126042107694
56 0.001960540549726506
57 0.0020741347163702175
58 0.00183832571064568
59 0.0019581387908351408
60 0.0025075597864853446
61 0.002960268748895389
