21 0.017696515986031013
22 0.017696515986031013
23 0.017696515986031013
24 0.013464321692857911
25 0.013064281692857912
26 0.013064281692857912
27 0.013064281692857912
28 0.013064281692857912
29 0.013064281692857912
30 0.013464321692857911
31 0.013464321692857911
32 0.013464321692857911
33 0.013464321692857911
34 0.013464321692857911
35 0.013464321692857911
36 0.013464321692857911
37 0.013464321692857911
38 0.013464321692857911
39 0.013464321692857911
40 0.013464321692857911
41 0.013464321692857911
42 0.013464321692857911
43 0.013464321692857911
44 0.013464321692857911
45 0.013464321692857911
46 0.013664341692857912
51 0.019091414697708784
52 0.01987868140080065
53 0.01987868140080065
