5 0.002140976314846024
6 0.0018269175860854527
7 0.001815836897656336
8 0.0016747726096474746
9 0.0014747526096474746
10 0.0013408963148460239
11 0.001264222146164366
12 0.001215776897656336
13 0.001140876314846024
14 0.0010872838010097708
15 0.0010222885889952034
16 0.0009656222154562319
17 0.0009656222154562319
18 0.0009074991021552211
19 0.0008872638010097709
20 0.0008746926096474745
21 0.0008746926096474745
22 0.0008854253265408818
23 0.0008858520134868513
24 0.0009357309921157915
25 0.0010921787112516809
26 0.0012921987112516809
27 0.00205849554042988
