27 0.0018949756408927771
28 0.002036728273943703
29 0.0014623699977247867
30 0.0014366682739437031
31 0.001294915640892777
32 0.001284090820318465
33 0.001284090820318465
34 0.001284090820318465
35 0.0012475220686170652
36 0.0010908685050935614
37 0.0010908685050935614
38 0.0010582033920683142
39 0.0010582033920683142
40 0.0010582033920683142
41 0.0010582033920683142
42 0.0010582033920683142
43 0.0010582033920683142
44 0.0010582033920683142
45 0.0010582033920683142
46 0.0010582033920683142
47 0.0010582033920683142
48 0.0010582033920683142
49 0.0010582033920683142
50 0.0010776942550648199
51 0.0010908685050935614
52 0.0012392757659373172
53 0.0012238275343080232
54 0.0012238275343080232
55 0.0010993776441534904
