6 0.013788926111808509
7 0.010272765995274746
8 0.006470884163561232
9 0.006470884163561232
10 0.00547536352301335
11 0.005295649543924771
12 0.005112660498759303
13 0.004928586034088743
14 0.004870895100368037
15 0.00528331678901926
16 0.004192815626860549
17 0.003969694064810863
18 0.0038328215047795013
19 0.003704725001653821
20 0.003704725001653821
21 0.0038328215047795013
22 0.0038328215047795013
23 0.003817389917251993
24 0.0029872880255958417
25 0.0029872880255958417
26 0.0029872880255958417
27 0.0029872880255958417
28 0.002395513440487188
29 0.0023039092359107022
30 0.0023017846667602133
31 0.0023017846667602133
32 0.0023017846667602133
33 0.002349251156617655
34 0.002349251156617655
35 0.002349251156617655
36 0.002395513440487188
37 0.002395513440487188
38 0.002395513440487188
39 0.002395513440487188
40 0.002395513440487188
41 0.002395513440487188
42 0.0030601440356792598
43 0.0025791561728302674
44 0.002532721988576749
45 0.0028016634532567492
46 0.0029111796004746885
47 0.002395513440487188
48 0.002395513440487188
49 0.002425983000395574
50 0.0024338391601429147
51 0.0026861016856338333
52 0.002977270548608147
