34 0.002450066506916206
35 0.001979103944124047
36 0.001979103944124047
37 0.0019790689864606394
38 0.0019790689864606394
39 0.0019790689864606394
40 0.0019790689864606394
41 0.0019562168969726648
42 0.0019562168969726648
43 0.0014899754648059751
44 0.001486718989718503
45 0.001486718989718503
46 0.0014777277586098694
47 0.0014700399041497236
48 0.0014700399041497236
49 0.0014700399041497236
50 0.0014700399041497236
51 0.0014615416117678944
52 0.0014615416117678944
53 0.0014615416117678944
54 0.0014615416117678944
55 0.0014615416117678944
56 0.0014615416117678944
57 0.0014615416117678944
58 0.0014615416117678944
59 0.0014615416117678944
60 0.001466117807362749
61 0.001466117807362749
62 0.001466117807362749
63 0.001466117807362749
64 0.0014671626727294986
65 0.0014777277586098694
66 0.0014777277586098694
68 0.0019721134263684767
