8 0.0039056307559180935
9 0.0034495503768197074
10 0.0031782106818182567
11 0.003043861728855807
12 0.0029567574658454637
13 0.0029567574658454637
14 0.0022591031382655476
15 0.002031415754922587
16 0.0018516337862655536
17 0.0017110046435675455
18 0.0017042460301643098
19 0.0017042460301643098
20 0.0017110046435675455
21 0.0017928662584937934
22 0.0017928662584937934
23 0.0019711716438969755
24 0.0019528153779590468
25 0.0019711716438969755
26 0.0026240833861342783
27 0.0023887179325521343
28 0.0026240833861342783
