35 0.007697555808847867
36 0.0076028815766646714
37 0.007579945611035848
38 0.007020112259307723
39 0.007020112259307723
40 0.00698924637230898
41 0.0067605828029963936
42 0.006677521271228103
43 0.006677521271228103
44 0.005890742732204985
45 0.005890742732204985
46 0.005890742732204985
47 0.005956349628790371
48 0.004998448799128734
49 0.00498926874853421
50 0.004953167328935815
51 0.004958380710452144
52 0.004881334860450648
53 0.004856427513063474
54 0.004856427513063474
55 0.004849648431312607
56 0.004849577275127351
57 0.004848278195738275
58 0.004848278195738275
59 0.0046679371564604805
60 0.004628562042588465
61 0.004445511062036556
62 0.0044346278495717775
63 0.004233069399979148
64 0.004209382783583254
65 0.004175743840097522
66 0.004209382783583254
67 0.004177199745838354
68 0.004458799103723159
69 0.004198613731965587
70 0.004198613731965587
71 0.004199870318670223
72 0.004173339525201589
73 0.0041577239571118415
74 0.0041577239571118415
75 0.004173339525201589
76 0.004041373692760506
77 0.004002313157551881
78 0.0039929191933508424
79 0.004041373692760506
80 0.004041373692760506
81 0.004063557106286569
82 0.004063557106286569
83 0.004119318029838899
84 0.004146344869274965
85 0.0041577239571118415
86 0.004198613731965587
87 0.004198613731965587
88 0.004207673380146417
89 0.004173339525201589
90 0.004231925021929187
91 0.004444030582086383
92 0.004441842917276468
93 0.004483468619001895
94 0.004488897368130508
95 0.004488897368130508
96 0.0045143846164197145
97 0.004876268527543882
98 0.004923723912012297
99 0.0054050411442453945
100 0.005407534270793256
101 0.0054827842727295725
102 0.005602081586130648
103 0.005503111054554919
104 0.00549297352743457
105 0.005631119366935451
106 0.00549297352743457
107 0.005911988877616221
108 0.0059472491748015725
109 0.006092516505913591
110 0.005837239756712299
111 0.005856438834840106
112 0.005870007894241606
113 0.006670021603494751
114 0.006060347744672843
115 0.0061170459808467395
116 0.00581543403911642
117 0.005737509816752345
118 0.006284971648506934
119 0.0066151120190446715
120 0.005673764630843752
121 0.005731626158260376
122 0.005795943843013129
123 0.005913352337405855
124 0.006773059759452207
125 0.006773059759452207
126 0.0070948663506798584
128 0.014182462645815644
129 0.008257040380715583
131 0.010242994645735366
134 0.00973453567825697
