14 0.16498101690957387
15 0.15867464565046516
16 0.15867464565046516
17 0.1540686188928814
18 0.1540686188928814
19 0.16498101690957387
20 0.16498101690957387
21 0.16498101690957387
22 0.16498101690957387
23 0.16498101690957387
24 0.16498101690957387
25 0.18854973361094154
26 0.18854973361094154
27 0.18854973361094154
28 0.2007560791634515
29 0.22409980929873657
30 0.23343730135285062
31 0.2849041361099236
32 0.36518488432000723
33 0.3623202798048038
34 0.36518488432000723
35 0.36518488432000723
36 0.36518488432000723
37 0.36518488432000723
38 0.36518488432000723
39 0.36518488432000723
40 0.36518488432000723
41 0.36518488432000723
42 0.36518488432000723
43 0.36518488432000723
44 0.36518488432000723
45 0.36518488432000723
46 0.36518488432000723
47 0.36518488432000723
48 0.36518488432000723
49 0.40230676175421387
50 0.40230676175421387
51 0.36518488432000723
52 0.40230676175421387
53 0.40230676175421387
54 0.43165134050353754
55 0.40767071047556325
56 0.5342264121149316
57 0.5342264121149316
58 0.5342264121149316
