1 0.04030328790773204
2 0.02123049315259067
3 0.01381053443444761
4 0.011027302191388633
5 0.008700127907732039
6 0.007409066567703436
7 0.006028973152590667
8 0.005630927102012165
9 0.0048118147038180405
10 0.004484429225554505
11 0.004286405372220102
12 0.0038219873565427834
13 0.003491127988254735
14 0.003270907779934184
15 0.0030910879882547347
16 0.0028264821913886315
17 0.0028264821913886315
18 0.002613294566408356
19 0.002463566380023057
20 0.002430021131795903
21 0.0022859554178406116
22 0.0022672550611048106
23 0.0022672550611048106
24 0.0022672550611048106
25 0.0022672550611048106
26 0.0022672550611048106
27 0.0022672550611048106
28 0.0022672550611048106
29 0.0022672550611048106
30 0.0022672550611048106
31 0.0022672550611048106
32 0.0022672550611048106
33 0.0022672550611048106
34 0.002270807779934184
35 0.002270807779934184
36 0.002270807779934184
37 0.002270807779934184
38 0.002270807779934184
39 0.002270807779934184
40 0.002270807779934184
41 0.0022765382838020824
42 0.002278233144995865
43 0.0022765382838020824
44 0.002278233144995865
45 0.002299487907732038
46 0.0026562478349405226
47 0.0026842492255545044
48 0.0026814945382182733
49 0.0032286931525906666
50 0.00307179413184187
51 0.0028400079526169717
52 0.0028562678349405225
53 0.00287177413184187
54 0.0034301737253566397
55 0.0036753872180899866
56 0.0028748264082452267
