50 0.0012128639440779846
51 0.0012128639440779846
52 0.0012049132779487466
53 0.0010192397384900529
54 0.0010192397384900529
55 0.0010133007130388194
56 0.0010133007130388194
57 0.0010108467379223434
58 0.0010108467379223434
59 0.0010192397384900529
60 0.0010081708403959274
61 0.0010064539872066897
62 0.0010064539872066897
63 0.0010065225655178144
64 0.0010088918615746094
65 0.0010049180231773837
66 0.001005639005126323
67 0.0008238584929420938
68 0.0008249026853920358
69 0.0008210691783282044
70 0.0008200470318670222
71 0.0008196872144710427
72 0.0008202212844114684
73 0.0008204506783976971
74 0.0008208576766562098
75 0.0008199340200204344
76 0.0008188462895831492
77 0.0008188462895831492
78 0.0008138657541319402
79 0.0008138657541319402
80 0.0008119725219249193
81 0.0008115312053326576
82 0.0008115312053326576
83 0.0008102327783889168
84 0.0008097326981715092
85 0.0008093816561206092
86 0.0008088718615746095
87 0.0008107534666644013
88 0.0008107849286193185
89 0.0008073397339543229
90 0.0008067820531805237
91 0.0008065125232127739
92 0.0008063082641572188
93 0.0008063082641572188
94 0.0008059242117298399
95 0.0008055389173630919
96 0.0008055389173630919
97 0.0008073397339543229
98 0.000806225619146202
99 0.0008040887813621408
100 0.000624894634004522
101 0.0006239448033395577
102 0.0006233469399979148
103 0.0006224320707213601
104 0.0006218840221145149
105 0.0006217706085414937
106 0.0006208524154650975
107 0.0006208524154650975
108 0.0006206353428405367
109 0.0006202012844114685
110 0.0006201126701983504
111 0.0006201808210282332
112 0.0006201126701983504
113 0.0006199013731965587
114 0.00061949156022702
115 0.0006191997384900527
116 0.0006188344974053993
117 0.0006182611348236898
118 0.0006171264030840201
119 0.0006163603956985126
120 0.0006160041746764044
121 0.0006148801038061069
122 0.0006157745818532372
123 0.0006159728265377161
124 0.0006141601758852081
125 0.0006138457541319402
126 0.0006138457541319402
127 0.0006148243863009321
128 0.0006132014221007972
129 0.0006119525219249193
130 0.0006118852783866483
131 0.0006118852783866483
132 0.0006119525219249193
133 0.0006113409560719922
134 0.0006115112053326576
135 0.0006109018949270503
136 0.0006108067379223433
137 0.0006108067379223433
138 0.0006108067379223433
139 0.0006108067379223433
140 0.0006102813357126843
141 0.0006102813357126843
142 0.0006103019229143204
143 0.0006094519642040226
144 0.0006094418684471698
145 0.0006093616561206092
146 0.0006089286855288784
147 0.0006088518615746095
148 0.0006087711405767459
149 0.0006087711405767459
150 0.0006087711405767459
151 0.0006082833027763754
152 0.0006081903878778035
153 0.0006081903878778035
154 0.0006081230656849895
155 0.0006081215789209553
156 0.0006079792826939059
157 0.0006079792826939059
158 0.0006079792826939059
159 0.0006079427819929342
160 0.0006079427819929342
161 0.0006072367451617621
162 0.0006072367451617621
163 0.0006067620531805237
164 0.0006068179050375541
165 0.0006065586047866091
166 0.0006064825655178143
167 0.0006064825655178143
168 0.0006064139872066898
169 0.0006064139872066898
170 0.0006063957106286569
171 0.0006063861715158006
172 0.0006062882641572189
173 0.0006062077670609061
174 0.000606205619146202
175 0.0006060440053182769
176 0.0006059772424199685
177 0.0006059619296972267
178 0.0006059042117298399
179 0.0006056944751497948
180 0.0006056759200588726
181 0.0006056191351896808
182 0.0006055990051263229
183 0.0006055327965908087
184 0.0006055189173630919
185 0.0006052465951250474
186 0.0006051745162551509
187 0.0006049925110501727
188 0.0006048780231773837
189 0.0006048532779487465
190 0.000604746572936874
191 0.0006047422927552895
192 0.0006046861452760453
193 0.0006042132734629931
194 0.0006041773692760506
195 0.000604171439593946
