64 0.007205250062778202
65 0.007205250062778202
66 0.007205250062778202
67 0.007205250062778202
68 0.007205250062778202
69 0.006621875438669343
70 0.006024895869984567
71 0.005812374076592884
72 0.005812374076592884
73 0.0058051100627782015
74 0.005812374076592884
75 0.0058051100627782015
76 0.0058051100627782015
77 0.0058051100627782015
78 0.0058051100627782015
79 0.0058051100627782015
80 0.00601984187519697
81 0.00601984187519697
82 0.005218426705992186
83 0.005218426705992186
84 0.005218426705992186
85 0.005622276192665634
86 0.0048222791469432905
87 0.006807601195598342
88 0.006807601195598342
89 0.006223571640787255
90 0.006405170062778202
91 0.00642243914694329
92 0.006613212989544102
93 0.0064104034126704935
94 0.00622241914694329
95 0.005809835541882541
96 0.0056174491712439765
97 0.0056174491712439765
98 0.0056174491712439765
99 0.0056174491712439765
100 0.0056174491712439765
101 0.0056174491712439765
102 0.0056174491712439765
103 0.005421378205538853
104 0.005421378205538853
105 0.005421378205538853
106 0.005421378205538853
107 0.005421378205538853
108 0.005421378205538853
109 0.0054222283017319114
110 0.0054222283017319114
111 0.0054222283017319114
112 0.0054222283017319114
113 0.0054222283017319114
114 0.0054222283017319114
115 0.0054222283017319114
116 0.0054222283017319114
117 0.0054222283017319114
118 0.006006782483152014
119 0.006006782483152014
120 0.00801266614261852
121 0.008811421596226793
122 0.00661497715357694
123 0.010221554978615436
124 0.007418155682168534
125 0.007806036212296609
126 0.00740981292836577
127 0.007819673165299435
131 0.006221835438669342
