1 0.03368899866131038
2 0.019371174230253467
3 0.012708726048015415
4 0.009985427609154968
5 0.008521230150821549
6 0.0073420851993630295
7 0.006248902110602469
8 0.005474462282462936
9 0.005420008943944054
10 0.005420008943944054
11 0.005420008943944054
12 0.005420008943944054
13 0.005858446133877141
14 0.005420008943944054
15 0.005915360982064368
16 0.006172112620885179
17 0.007390921287196436
18 0.0074065351450622145
19 0.007811261511836187
20 0.00837061975435347
21 0.00837061975435347
22 0.010415015349114915
23 0.010415015349114915
24 0.009764076889795234
25 0.015622523023672374
26 0.01674123950870694
27 0.029292230669385702
