16 0.0072934952331984515
17 0.006790655387819039
18 0.006555542075228396
19 0.006555542075228396
20 0.006555542075228396
21 0.006555542075228396
22 0.006555542075228396
23 0.006555542075228396
24 0.006555542075228396
25 0.006649591613059317
26 0.006649591613059317
27 0.006649591613059317
28 0.006649591613059317
29 0.006911960506707698
30 0.006911960506707698
31 0.006990842740157236
32 0.007038080794887568
33 0.007862240866179525
34 0.008036469641519432
35 0.0084829401771594
36 0.007886834418856632
37 0.008036469641519432
38 0.008036469641519432
39 0.008036469641519432
40 0.008379761570035171
41 0.008379761570035171
42 0.00909869516971335
43 0.007913782469863125
44 0.007913782469863125
45 0.008676409207709158
46 0.007913782469863125
47 0.007913782469863125
48 0.007913782469863125
49 0.009884853256250818
50 0.009344937390669097
