92 0.0010208583675080424
93 0.0010208583675080424
94 0.0010208583675080424
95 0.0010208583675080424
96 0.0010208583675080424
97 0.0010208583675080424
98 0.0010208583675080424
99 0.001005639005126323
100 0.001005639005126323
101 0.0008229929123427407
102 0.0008229929123427407
103 0.0008219040221145149
104 0.0008219040221145149
105 0.0008202008210282331
106 0.0008221012774951271
107 0.0008206749622165041
108 0.0008206749622165041
109 0.0008199340200204344
110 0.0008202008210282331
111 0.0008202008210282331
112 0.0008200470318670222
113 0.0008159928265377161
114 0.0008182811348236898
115 0.0008132583925376787
116 0.0008182599494423697
117 0.0008182599494423697
118 0.0008130551694499168
119 0.0008168480943951857
120 0.0008149001038061069
121 0.0008132214221007972
122 0.0008132214221007972
123 0.0008115430589244745
124 0.0008115430589244745
125 0.0008115430589244745
126 0.0008115430589244745
127 0.0008115430589244745
128 0.0008163803956985126
129 0.0008219040221145149
130 0.0008191614342016114
131 0.0008168480943951857
132 0.0008222939201903187
133 0.0008219040221145149
134 0.0008225964251872746
135 0.0008195679040414476
136 0.0008165973999273944
137 0.0010097526981715094
138 0.0010132414221007973
139 0.0008229929123427407
140 0.0010138857541319402
141 0.0008225964251872746
