59 0.0018166068986618146
60 0.0016245809058134837
61 0.001407458651517942
62 0.0012240828009604493
63 0.0012104221002295337
64 0.0012104221002295337
65 0.0012085834243871427
66 0.0012085834243871427
67 0.001204824499133448
68 0.001204824499133448
69 0.001204824499133448
70 0.0010245209058134838
71 0.0010245209058134838
72 0.0012038874296812223
73 0.001204536492250888
74 0.001204536492250888
75 0.001204536492250888
76 0.001204824499133448
77 0.001204824499133448
78 0.001204824499133448
79 0.001204824499133448
80 0.001204824499133448
81 0.001204824499133448
82 0.001204824499133448
83 0.001204824499133448
84 0.001204824499133448
85 0.0012057334132745193
86 0.001204824499133448
87 0.001204824499133448
88 0.0012057334132745193
89 0.0012057334132745193
90 0.0012057334132745193
91 0.0012058355152726214
92 0.0012058355152726214
93 0.0012078074704325674
94 0.0012062277833919505
95 0.0012062277833919505
96 0.0012062277833919505
97 0.0012062277833919505
98 0.0012206772490674003
99 0.0012100176216032917
100 0.0012100176216032917
101 0.0012100176216032917
102 0.001210306116364553
103 0.001210306116364553
104 0.0012107452163427422
105 0.0012107452163427422
106 0.0012179805905346832
107 0.0012179805905346832
108 0.0012142097537579252
109 0.0012225824128672196
110 0.0014046228409950183
111 0.0014053962122966078
112 0.0012142097537579252
113 0.0014075867587887503
114 0.0012228605136881355
117 0.0014128937115668377
