11 0.004808044219612136
12 0.004524213958504669
13 0.004176410263848425
14 0.003943573988042912
15 0.0028238789228319347
16 0.00316181966232743
17 0.002603753837278729
18 0.003254692296598411
19 0.002401709450299904
20 0.0023887179325521343
21 0.0022591031382655476
22 0.0023887179325521343
23 0.0022591031382655476
24 0.002401709450299904
25 0.0022591031382655476
26 0.001971786994021456
27 0.001971786994021456
28 0.0019528153779590468
29 0.0023887179325521343
30 0.002401709450299904
31 0.0024956264093010756
32 0.0030318631792293875
