22 0.003876082400309548
23 0.003824436933846558
24 0.003079382688097438
25 0.003079382688097438
26 0.003079382688097438
27 0.003079382688097438
28 0.003079382688097438
29 0.003054982304059726
30 0.003054982304059726
31 0.003054982304059726
32 0.002899952071943873
33 0.002899952071943873
34 0.002899952071943873
35 0.002899952071943873
36 0.002899952071943873
37 0.002899952071943873
38 0.003054982304059726
39 0.003054982304059726
40 0.003054982304059726
41 0.003054982304059726
42 0.003070526014585728
43 0.003070526014585728
44 0.0034870878320285834
45 0.0036550423040597265
46 0.0036857295966164307
47 0.0034933051303418314
48 0.003692052559027398
49 0.004691975871805306
50 0.004679542688097438
51 0.004866494998443054
52 0.005070726014585728
