18 0.0040446987891882245
19 0.003878309413286205
20 0.003478269413286205
21 0.003478269413286205
22 0.003478269413286205
23 0.0034903625954373746
24 0.0034903625954373746
25 0.004078329413286205
26 0.004079482688097438
27 0.003081637737375302
28 0.002879362688097438
29 0.002879362688097438
30 0.002879362688097438
31 0.002879362688097438
32 0.002881617737375302
33 0.002896471758101358
34 0.003081637737375302
35 0.003081637737375302
36 0.003081637737375302
37 0.003081637737375302
38 0.003081637737375302
39 0.003087047832028583
40 0.003491855871805306
41 0.0034982013375993073
42 0.004462938690981624
43 0.004017360354189774
44 0.0038904025954373746
45 0.0036871078320285834
46 0.0040895565183029425
47 0.004081968166290609
48 0.0038904025954373746
49 0.0038904025954373746
50 0.004866286876204718
51 0.004866286876204718
52 0.007055841829268998
