6 0.008888909598207886
11 0.005868299467045544
16 0.004384624835303683
21 0.0039547246591183855
26 0.003476609417880609
31 0.0029148162040105612
36 0.002912353384647851
37 0.003893745634929659
38 0.005864471229450996
39 0.003275342728593464
40 0.0024832924413432916
41 0.002495362046766137
42 0.0029203092261972444
43 0.0028183679105071623
44 0.002466710697000464
45 0.002466710697000464
46 0.0022799602101319424
47 0.002466710697000464
48 0.0025135124589942435
49 0.0022799602101319424
50 0.002447673488543926
51 0.0029340361335321364
52 0.004901351374316264
53 0.003476609417880609
56 0.003407027430563452
57 0.003407027430563452
