25 0.008642490525421024
26 0.008642490525421024
27 0.008642490525421024
28 0.008318176205791816
29 0.008162352162897634
30 0.006898480171493179
31 0.006941618596797235
32 0.006898480171493179
33 0.006898480171493179
34 0.006757931344560398
35 0.006757931344560398
36 0.006757931344560398
37 0.006757931344560398
38 0.006757931344560398
39 0.006757931344560398
40 0.006837187138638531
41 0.006898480171493179
42 0.00690797747044858
43 0.006898480171493179
44 0.007196013220145362
45 0.007196013220145362
46 0.007202075437850853
47 0.007362408054146435
48 0.007682213800374243
49 0.008107643243565912
50 0.00863663202077676
51 0.007743282694495644
52 0.007743282694495644
53 0.00989616939064885
54 0.007961957179720916
55 0.009264640228657573
56 0.012377402071548992
57 0.015545376746739129
58 0.010491408954704157
60 0.014237570918758314
61 0.012702719475642525
