63 0.015573640456179707
64 0.015060210175730393
65 0.014810998089955656
66 0.014790875754380556
67 0.014810998089955656
68 0.014790875754380556
69 0.014790875754380556
70 0.014790875754380556
71 0.014790875754380556
72 0.014790875754380556
73 0.011142825676208577
74 0.011107952578810656
75 0.010942313344010187
76 0.010942313344010187
77 0.01092501127892524
78 0.01092501127892524
79 0.011142825676208577
80 0.011107952578810656
81 0.011107952578810656
82 0.011107952578810656
83 0.011142825676208577
84 0.011142825676208577
85 0.011142825676208577
86 0.011142825676208577
87 0.011502430714687671
88 0.013046604371704452
89 0.013046604371704452
90 0.013046604371704452
91 0.008394982318815199
92 0.008053296536249008
93 0.008053296536249008
94 0.008053296536249008
95 0.008053296536249008
96 0.008053296536249008
97 0.008053296536249008
98 0.008053296536249008
99 0.008053296536249008
100 0.008053296536249008
101 0.008053296536249008
102 0.008053296536249008
103 0.008053296536249008
104 0.008053296536249008
105 0.00840930560714014
106 0.008053296536249008
107 0.008053296536249008
108 0.008053296536249008
109 0.008053296536249008
110 0.008053296536249008
111 0.008053296536249008
112 0.00840930560714014
113 0.00840930560714014
114 0.00840930560714014
115 0.00840930560714014
116 0.008806240074679414
117 0.009811338192733037
118 0.009811338192733037
119 0.009811338192733037
120 0.010663560196519328
121 0.014763670143015132
122 0.014763670143015132
123 0.015913094173746287
124 0.018587102477321066
125 0.016846021890636585
126 0.012645257536777452
128 0.014788330165986855
