37 0.0034200691159407604
38 0.0034180174616657254
39 0.0034180174616657254
40 0.00341168767778515
41 0.003410642100229534
42 0.003410642100229534
43 0.003404756492250888
44 0.003405124295138918
45 0.0032200687411915634
46 0.003022137014605003
47 0.003021988301731911
48 0.003014211504491276
49 0.0028197678192964973
50 0.002818140590534683
51 0.002818140590534683
52 0.0028197678192964973
53 0.0028200287411915635
54 0.002810043412670493
55 0.002809352928365769
56 0.002808834543376466
57 0.0028063352252744927
58 0.002804047429681222
59 0.0026195647692462062
60 0.002618120590534683
61 0.0026195647692462062
62 0.0024211292015183707
63 0.0024211292015183707
64 0.002420652474709542
65 0.0024206771683177863
66 0.002410942853406122
67 0.002410942853406122
68 0.002410942853406122
69 0.0022206571683177864
70 0.002219968741191564
71 0.0022206571683177864
72 0.002219968741191564
73 0.0022195247692462063
74 0.0022195247692462063
75 0.0022195247692462063
76 0.0022195247692462063
77 0.0022195247692462063
78 0.0022195247692462063
79 0.002219968741191564
80 0.00222206779462532
81 0.0022228684518254614
82 0.00221994911594076
83 0.00222206779462532
84 0.0024084207750956522
85 0.0024194429042940315
86 0.00242326812639399
87 0.00242326812639399
88 0.0028119689450387462
89 0.002620672474709542
90 0.0026154085966859806
91 0.0026154085966859806
92 0.0026222739475156333
93 0.0026220591469432895
94 0.0026220591469432895
95 0.002620777402957486
96 0.002620777402957486
97 0.0026220591469432895
98 0.0026229084518254613
99 0.002808834543376466
100 0.0028229284518254613
101 0.003005004499133448
102 0.00302332812639399
103 0.003021988301731911
104 0.003224641292424419
105 0.003420088741191564
106 0.003421229201518371
107 0.003220837402957486
108 0.003220837402957486
109 0.0034246612924244196
110 0.0036120489450387466
111 0.003606415225274493
112 0.0036078067587887504
113 0.003622197014605003
114 0.0036172491712439764
115 0.003612268016309457
116 0.003612268016309457
117 0.0038221791469432898
118 0.0038097578899291013
119 0.0038172691712439763
120 0.0038172691712439763
121 0.0050221883017319115
122 0.00482020911594076
123 0.00482020911594076
124 0.004812599564671915
125 0.005618466705992186
126 0.006006937744383606
127 0.006410259955548991
128 0.006410017889929101
129 0.007020187819296498
130 0.011020404769246208
