83 0.00200604421172984
84 0.0014133407130388193
85 0.0014128839440779846
86 0.00141205180298389
87 0.0014103613357126842
88 0.0014103613357126842
89 0.001413492211443934
90 0.0014065168849892817
91 0.001213472211443934
92 0.0012104986014927013
93 0.0012104986014927013
94 0.0012082503878778036
95 0.0012082503878778036
96 0.0012095119642040225
97 0.0012095119642040225
98 0.0010226164251872748
99 0.0010226164251872748
100 0.0010226164251872748
101 0.0010241075373832711
102 0.00102087767665621
103 0.0010208583675080424
104 0.0010208583675080424
105 0.0010208583675080424
106 0.0010115630589244745
107 0.0010115630589244745
108 0.0010115630589244745
109 0.0010234129490645759
110 0.0010234129490645759
111 0.0010234129490645759
112 0.001024949733887819
113 0.0012057359200588727
114 0.0010081630656849896
115 0.0012082503878778036
116 0.001406124005318277
117 0.0012041287813621408
118 0.0012062656191462022
119 0.0014108449286193185
120 0.001414468372414334
