29 0.40767071047556325
30 0.40767071047556325
31 0.40767071047556325
32 0.40767071047556325
33 0.22409980929873657
34 0.22409980929873657
35 0.21476231724462252
36 0.21476231724462252
37 0.21476231724462252
38 0.21476231724462252
39 0.22409980929873657
40 0.36518488432000723
41 0.36518488432000723
42 0.2405149176799938
43 0.36518488432000723
44 0.36518488432000723
45 0.36518488432000723
46 0.36518488432000723
47 0.36518488432000723
48 0.36518488432000723
49 0.40230676175421387
50 0.36518488432000723
51 0.3817617795814789
52 0.43165134050353754
53 0.36518488432000723
54 0.40230676175421387
55 0.5342264121149316
56 0.4773582586458547
57 0.43340229486480036
58 0.7587985443173458
