48 0.0024126098456722514
49 0.0018145083724143342
50 0.0018145083724143342
51 0.0018145083724143342
52 0.0018065061715158007
53 0.0018065061715158007
54 0.0018065061715158007
55 0.0016131351694499167
56 0.0018116425177356857
57 0.0016131351694499167
58 0.0016053465951250474
59 0.0016133607130388193
60 0.0016053465951250474
61 0.0014189062895831493
62 0.0014189062895831493
63 0.001406287767060906
64 0.001406287767060906
65 0.0014047661452760453
66 0.001222482309814704
67 0.001222482309814704
68 0.001222482309814704
69 0.001222482309814704
70 0.001222482309814704
71 0.001222482309814704
72 0.001222482309814704
73 0.0014053265951250475
74 0.001222482309814704
75 0.0014053265951250475
76 0.001222482309814704
77 0.001222482309814704
78 0.001222482309814704
79 0.001413492211443934
80 0.0014176368205152628
81 0.0012055927965908088
82 0.0012041747275395517
83 0.0012041747275395517
84 0.001022462309814704
85 0.001022462309814704
86 0.001022462309814704
87 0.001022462309814704
88 0.001022462309814704
89 0.001022462309814704
90 0.001022462309814704
91 0.001022462309814704
92 0.00120596421172984
93 0.00120596421172984
94 0.0012103619229143206
95 0.0012130951694499167
96 0.001211232139547587
97 0.001023878492942094
98 0.001023878492942094
99 0.001023878492942094
100 0.001023878492942094
101 0.001023878492942094
102 0.001023878492942094
103 0.0012041747275395517
104 0.0012041747275395517
105 0.0012042373692760506
106 0.001206954004494609
107 0.0012042373692760506
108 0.0012041747275395517
109 0.0012050525110501727
110 0.0012042373692760506
111 0.0012041747275395517
112 0.0012041747275395517
113 0.001208831140576746
114 0.0012055789173630919
115 0.001407399733954323
116 0.0014154042945524782
117 0.0012195420634438581
118 0.0012241275373832711
