25 0.00368853086964156
26 0.002881617737375302
27 0.002881617737375302
28 0.002881617737375302
29 0.002881617737375302
30 0.002881617737375302
31 0.002881617737375302
32 0.002881617737375302
33 0.0028856495966164304
34 0.0028856495966164304
35 0.0028947331207943225
36 0.0028947331207943225
37 0.0028947331207943225
38 0.0028947331207943225
39 0.0030474826028312014
40 0.0030474826028312014
41 0.0030474826028312014
42 0.0030474826028312014
43 0.0030474826028312014
44 0.0030474826028312014
45 0.0030474826028312014
46 0.0030474826028312014
47 0.0030474826028312014
48 0.0036760624003095484
49 0.003873618494171402
50 0.004096591758101358
51 0.003694813120794323
52 0.004237563433668466
53 0.006638637086527078
54 0.006686029596616431
