16 0.004264378100713586
17 0.003476569544386414
18 0.0032854966000791146
19 0.002870110231323531
20 0.0028538582461332222
21 0.0028538582461332222
22 0.002496431758101358
23 0.002496431758101358
24 0.002496431758101358
25 0.002496431758101358
26 0.002496431758101358
27 0.002496431758101358
28 0.002496431758101358
29 0.002496431758101358
30 0.002496431758101358
31 0.002496431758101358
32 0.002496431758101358
33 0.002496431758101358
34 0.002496431758101358
35 0.002496431758101358
36 0.002496431758101358
37 0.002496431758101358
38 0.002496431758101358
39 0.002631582906452827
40 0.002496431758101358
41 0.002496431758101358
42 0.002496431758101358
43 0.002496431758101358
44 0.002631582906452827
45 0.002496431758101358
46 0.002631582906452827
47 0.002681597737375302
48 0.004820009604516815
50 0.004647642602831202
