1 0.08363627923332437
2 0.04432722799366191
3 0.030527241920163393
4 0.0235869528842603
5 0.018818162827497986
6 0.01553111581895282
7 0.0133818046773319
8 0.011927224959483729
9 0.01074532040681573
10 0.009814908495574742
11 0.008934294000435777
12 0.008085696765521618
13 0.007584247473853211
14 0.006879527924575921
15 0.0065368247704935805
16 0.0059747082408528164
17 0.0059747082408528164
18 0.0059747082408528164
19 0.0059747082408528164
20 0.0059747082408528164
21 0.0059747082408528164
22 0.0059747082408528164
23 0.0059747082408528164
24 0.0059747082408528164
25 0.0059747082408528164
26 0.0059747082408528164
27 0.0059747082408528164
28 0.0059747082408528164
29 0.0059747082408528164
30 0.0059747082408528164
31 0.0059747082408528164
32 0.0059747082408528164
33 0.0059747082408528164
34 0.0059747082408528164
35 0.0059747082408528164
36 0.0059747082408528164
37 0.005999071212035665
38 0.006691983065164597
39 0.006971384336361453
40 0.0067982889596500395
41 0.006894038631940273
42 0.006149661243301534
43 0.006149661243301534
44 0.006149661243301534
45 0.006135655110077198
46 0.006135655110077198
47 0.006135655110077198
48 0.00655504333218491
49 0.006510585000466175
50 0.0066273187187583585
51 0.007114984341526813
52 0.009189126995796146
53 0.00919324117847383
54 0.00800795554632873
55 0.010201322493355758
56 0.014082169987846511
