82 0.007022388301731912
83 0.006623007847220061
84 0.006623007847220061
85 0.006623007847220061
86 0.006623007847220061
87 0.006822368301731912
88 0.00622296784722006
89 0.005817701988569152
90 0.005817701988569152
91 0.006017721988569152
92 0.005817701988569152
93 0.006207938651517942
94 0.005622248301731912
95 0.005217641988569152
96 0.005417661988569152
97 0.005217641988569152
98 0.005607878651517942
99 0.005417661988569152
100 0.005417661988569152
101 0.005617681988569152
102 0.005817701988569152
103 0.005817701988569152
104 0.007217841988569152
105 0.0062211772490674
106 0.0062211772490674
107 0.006606375515272623
108 0.0090214572490674
109 0.006822368301731912
110 0.005009054543376466
111 0.005009054543376466
112 0.005009054543376466
113 0.005009054543376466
114 0.005009054543376466
115 0.005009054543376466
116 0.005009054543376466
117 0.005009054543376466
118 0.005009054543376466
119 0.005409094543376466
120 0.005409094543376466
121 0.005409094543376466
122 0.009407047783391952
123 0.010022906517092494
124 0.00602402143511268
125 0.00741595308517359
126 0.010615149753757925
128 0.005424918955625323
