1 0.01630652779606989
2 0.008489004726437845
3 0.005920495065620731
4 0.004575556733782533
5 0.003628431059191842
6 0.0032283910591918417
7 0.0028963054948967283
8 0.002419705361905949
9 0.0023051277960698877
10 0.0023051277960698877
11 0.0023051277960698877
12 0.0023051277960698877
13 0.0023051277960698877
14 0.0023051277960698877
15 0.0023051277960698877
16 0.0023051277960698877
17 0.0023051277960698877
18 0.002375336733782532
19 0.0023051277960698877
20 0.002963066553306117
21 0.003163086553306117
22 0.0028638358850329535
23 0.002989796578655486
24 0.005563737658707209
