31 0.00129486724661516
32 0.00129486724661516
33 0.00129486724661516
34 0.001257759462952591
35 0.001257759462952591
36 0.001257759462952591
37 0.0012664972676086155
38 0.0010710331510526924
39 0.0010526424222541797
40 0.0010526424222541797
41 0.0010526424222541797
42 0.0010526424222541797
43 0.0010526424222541797
44 0.0010710331510526924
45 0.0010710331510526924
46 0.001085882700668427
47 0.001085882700668427
48 0.001089761439732293
49 0.0010890860222553562
50 0.0010890860222553562
51 0.0010890860222553562
52 0.0010956529965728346
53 0.0010902151374316265
54 0.001234898854686786
55 0.001234898854686786
56 0.0012902351374316264
57 0.0012513634318172184
58 0.0012931283565921193
