13 0.010272706884361786
14 0.009987135669921255
15 0.010272706884361786
16 0.010272706884361786
17 0.010272706884361786
18 0.010272706884361786
19 0.009391254659455235
20 0.009391254659455235
21 0.005600450320302124
22 0.005458329339114935
23 0.005458329339114935
24 0.005458329339114935
25 0.005458329339114935
26 0.005458329339114935
27 0.005458329339114935
28 0.005458329339114935
29 0.005458329339114935
30 0.005458329339114935
31 0.005458329339114935
32 0.005458329339114935
33 0.005458329339114935
34 0.005458329339114935
35 0.005458329339114935
36 0.005458329339114935
37 0.005458329339114935
38 0.005458329339114935
39 0.005458329339114935
40 0.005458329339114935
41 0.005458329339114935
42 0.005458329339114935
43 0.005458329339114935
44 0.005458329339114935
45 0.005458329339114935
46 0.005458329339114935
47 0.005458329339114935
48 0.010235565242652067
50 0.010320166588346343
