56 0.004422128301731912
57 0.004222108301731912
58 0.004022088301731911
59 0.004019293165299435
60 0.004022088301731911
61 0.0038220683017319112
62 0.0036220483017319113
63 0.0036220483017319113
64 0.0034220283017319113
65 0.0034220283017319113
66 0.003419233165299435
67 0.003419233165299435
68 0.003419233165299435
69 0.0034220283017319113
70 0.003222008301731911
71 0.003222008301731911
72 0.003619253165299435
73 0.004022088301731911
74 0.003419233165299435
75 0.0036220483017319113
76 0.0038220683017319112
77 0.0038220683017319112
78 0.004022088301731911
79 0.0036220483017319113
80 0.004022088301731911
81 0.004222108301731912
82 0.004019293165299435
83 0.004222108301731912
84 0.0042193131652994344
85 0.001821868301731911
86 0.001421828301731911
87 0.0014190331652994346
88 0.0014185716265484097
89 0.0014185716265484097
90 0.0014185716265484097
91 0.0014185716265484097
92 0.0014185716265484097
93 0.0014185716265484097
94 0.0014185716265484097
95 0.0014185716265484097
96 0.0014185716265484097
97 0.0016054162122966077
98 0.0012180530622886156
99 0.0012180530622886156
100 0.0012128737115668377
101 0.0010206572490674003
102 0.0010206572490674003
103 0.0010206572490674003
104 0.0010206572490674003
105 0.0010206572490674003
106 0.0016152099421843202
107 0.001218516036491703
108 0.0012188319617567522
109 0.0014078762044552042
110 0.0014209294998913428
111 0.0014084745731298052
112 0.0012199968322228491
113 0.0012222101475056074
114 0.0014134426193820493
115 0.001404844499133448
116 0.0014226024128672196
117 0.0014182331906959743
