3 0.0030719956091042706
4 0.0024373358201136485
5 0.0020092047800398492
6 0.00192807757230525
7 0.001649305326331273
8 0.0014718356091042708
9 0.0013280175723052495
10 0.001249265326331273
11 0.0011279975723052496
12 0.0010717956091042709
13 0.001049245326331273
14 0.0010209676394775957
15 0.0008956158155788174
16 0.0008922259829506941
17 0.0008726257245918508
18 0.0008503194593696359
19 0.0008308085536911789
20 0.0008209476394775957
21 0.0007629544144096055
22 0.0007576495031467902
23 0.0007429434212433627
24 0.0007112361570309985
25 0.0007060980022080597
26 0.0006958165538128226
27 0.0006955958155788174
28 0.0006922059829506941
29 0.0007536595103313512
