33 0.003887706425250598
34 0.0029629698660692955
35 0.0024298165157816236
36 0.0033519544994825693
37 0.0028731038566993453
38 0.0023851576906940724
39 0.0023942532139161208
40 0.0023942532139161208
41 0.0023942532139161208
42 0.0022628121112708978
43 0.00206878893341838
44 0.0019788134107545773
45 0.001908126152555258
46 0.0019068856032025804
47 0.0019068856032025804
48 0.0018787274285291659
49 0.0018787274285291659
50 0.0018787274285291659
51 0.0018787274285291659
52 0.001893824338525123
53 0.0019468728174648294
54 0.0018459118280998994
55 0.0018459118280998994
56 0.0018459118280998994
57 0.0018459118280998994
58 0.0018459118280998994
59 0.0019866339530746333
60 0.0025396884566308247
61 0.0034309459620213848
