4 0.0026552975748742255
5 0.0020195592052595114
6 0.0018565043821514983
7 0.0016046161133123006
8 0.0014625106773325223
9 0.0013132825409493834
10 0.0013132825409493834
11 0.0012418141755240679
12 0.0012418141755240679
13 0.0012418141755240679
14 0.0011040144220345338
15 0.0010096700767706795
16 0.0010075913856411917
17 0.000863106626721804
18 0.000856404382151498
19 0.000856404382151498
20 0.000863106626721804
21 0.000863106626721804
22 0.000863106626721804
23 0.0009027585557975512
24 0.0010631266267218042
25 0.0010194592052595111
26 0.001219479205259511
