6 0.009524990887728273
11 0.0058869971012745406
16 0.004669439088761248
21 0.004076690241162847
26 0.0034134230719622977
31 0.0031145849030061764
33 0.005458329339114935
34 0.00446590582291222
35 0.0029685385369259028
36 0.002854334401857287
37 0.003289471028856669
38 0.003207390261737282
39 0.0032145551320138487
40 0.002854334401857287
41 0.0023017846667602133
42 0.0031751877229325544
43 0.0023017846667602133
44 0.003244625478235022
45 0.0027838686042815147
46 0.002481058790506789
47 0.0027838686042815147
48 0.003913412146423537
49 0.003983050700794456
