11 0.011252725476918288
21 0.007397076064341611
31 0.00525237415770783
41 0.004461995120647598
51 0.0033791365657708803
61 0.002895053032363832
71 0.0028553194739505384
81 0.0025288764157349614
84 0.003870656903779267
85 0.0036977570543434528
86 0.0036502122167071265
87 0.004068540044946089
88 0.002889347608545892
89 0.0032773815853720735
90 0.002847054372263666
91 0.0024979223741910753
92 0.0025398416399874885
93 0.002923432931825473
94 0.0026380210731066817
95 0.0026719814986063857
96 0.002843737849100532
97 0.002845630233506264
98 0.002440667430225324
99 0.00252357205704322
100 0.0028766406916884042
101 0.0024474166919576045
102 0.0029390296123759105
103 0.0024474166919576045
104 0.0024656920214472036
105 0.0029632136447603407
106 0.0032785770381441974
108 0.0028583887493928853
