21 0.018231574392543193
22 0.01679223957207926
23 0.01679223957207926
24 0.016312461298591277
25 0.016312461298591277
26 0.016312461298591277
27 0.011747422351229306
28 0.009717989465844994
29 0.009313073238101452
30 0.008999790049081994
31 0.008999790049081994
32 0.00832109083212076
33 0.008262759798173648
34 0.00828659854371245
35 0.008075754386088313
36 0.007942476566724074
37 0.007847242756183585
38 0.007742755793308501
39 0.00760071001043606
40 0.00724633355622672
41 0.007311598797043314
42 0.007311598797043314
43 0.007311598797043314
44 0.007742755793308501
45 0.007768573721858522
46 0.007768573721858522
47 0.008075754386088313
48 0.008075754386088313
49 0.008930722735548211
50 0.008930722735548211
52 0.009545121884497325
