10 0.0034521579044327504
11 0.0028538915542221798
12 0.00265387155422218
13 0.00225203790443275
14 0.00225203790443275
15 0.0020858459240411893
16 0.002022242799508518
17 0.0018868782043662076
18 0.0016957129965728345
19 0.0016957129965728345
20 0.0016949159860310118
21 0.001687320537255965
22 0.0016616179570249749
23 0.0016616179570249749
24 0.0016616179570249749
25 0.0016616179570249749
26 0.0016248275828451978
27 0.0016248275828451978
28 0.0014561120420263885
29 0.0014561120420263885
30 0.0014561120420263885
31 0.00149488724661516
32 0.0012710531510526923
33 0.0012560920420263885
34 0.0012560920420263885
35 0.0012560920420263885
36 0.0012560920420263885
37 0.0012560920420263885
38 0.0012560920420263885
39 0.0012560920420263885
40 0.0012710531510526923
41 0.0012710531510526923
42 0.0012793456274536733
43 0.0012793456274536733
44 0.0012793456274536733
45 0.0012793456274536733
46 0.0012926759195366231
47 0.001457779462952591
48 0.0016493231130534714
49 0.0012931283565921193
50 0.0014987762958007266
51 0.0014896546977087853
52 0.0018888659357875833
53 0.0018861233031563249
