1 0.047345608463128075
2 0.020686662561509445
3 0.014243237267634046
4 0.010757064531984911
5 0.009102671307040872
6 0.0074471985221434
7 0.006364023137984358
8 0.005758732658761484
9 0.0050003038941305675
10 0.0045958142766142004
11 0.004189187431657072
12 0.003940607356292985
13 0.0036855577636344854
14 0.003400618904678988
15 0.0032248630431801744
16 0.0029919377748043588
17 0.0028961327586113222
18 0.00275748856596852
19 0.002647348587386319
20 0.0024750486378259905
21 0.002367280423156404
22 0.002278887242346588
23 0.0022340889738063745
24 0.0020736643851698017
25 0.001994625183202906
26 0.0019487221490238592
27 0.0018716244163391221
28 0.00183832571064568
29 0.0018170911689238184
30 0.0017670216940043502
31 0.0017242230784758603
32 0.0016915821422259368
33 0.0016500324252173271
34 0.0014791164090033884
35 0.0014700399041497236
36 0.0014499217604061697
37 0.0014203682538938423
38 0.00137874428298426
39 0.0013679761260791653
40 0.0013628183766928638
41 0.0013505121723099203
42 0.0013475493391604137
43 0.0013380010969779976
44 0.0013056256275097728
45 0.001300776891624718
46 0.0012776843290251024
47 0.0012734107715010891
48 0.0012567562294971218
49 0.001237631536431824
50 0.000997312591601453
51 0.000980270274863253
52 0.0009793628794645855
53 0.000969081004235152
54 0.0009545488617465207
55 0.0009469121692625615
56 0.0009437562686175978
57 0.0009419063021053847
58 0.0009482147312861486
59 0.0009469121692625615
60 0.0009419063021053847
61 0.000940180796899921
62 0.0009358122081695611
63 0.000932794535217231
64 0.0009119840840527769
65 0.0009115548969386351
66 0.000910104198038709
67 0.000909146162569194
68 0.0009085455844619092
69 0.0009027937927746472
70 0.0009026224703762807
71 0.0008957186657153357
72 0.0008936355895225497
73 0.0008920007313186651
74 0.0008889262580937089
75 0.0008835108470021751
76 0.000882449529128773
77 0.0008704170850065151
78 0.0008621115392379302
79 0.0008606843797122512
80 0.0008517895526834016
81 0.0008493751656903955
82 0.0008465628188769415
83 0.0008457910711129684
84 0.0008424979118917247
85 0.0008424755262899169
86 0.0008421424595097243
87 0.00084214025541655
88 0.0008385945413197044
89 0.0008378374863314145
90 0.0008358532621617815
91 0.0008317873489220457
92 0.0008302133929663193
93 0.0008294657540679208
94 0.000827515573367352
95 0.0008274665024603778
96 0.000826498768445162
97 0.0008250876909545494
98 0.0008250162126086636
99 0.0008164894270742401
100 0.0004986562958007265
