1 0.01622108536190595
2 0.010420505361905948
3 0.005648906432747142
4 0.005190016578655486
5 0.004189916578655486
6 0.0030486464327471414
7 0.0027897765786554854
8 0.0024325457481562396
9 0.0022637758850329536
10 0.0022637758850329536
11 0.0022637758850329536
12 0.0022637758850329536
13 0.0022637758850329536
14 0.0022637758850329536
15 0.0022637758850329536
16 0.0022637758850329536
17 0.0022637758850329536
18 0.0022745200015347874
19 0.0023051277960698877
20 0.002317310081274307
21 0.0024637958850329536
22 0.002717350081274307
23 0.003117390081274307
