47 0.0020612912957488423
48 0.0020612912957488423
49 0.002053652947655155
50 0.002053652947655155
51 0.001687030998754641
52 0.0016766389539602108
53 0.001670879898335342
54 0.0016528828521552774
55 0.0016490330365990739
56 0.0016623832523258277
57 0.0016638566987056173
58 0.001637607473788679
59 0.0016343564440101787
60 0.0016349245623069838
61 0.001627111620150216
62 0.0016254959488267587
63 0.0016222360205052915
64 0.0016205380650206034
65 0.0016188091710211579
66 0.0016165257583757838
67 0.0012729504195990312
68 0.001270234141786557
69 0.001266701760570956
70 0.001270234141786557
71 0.0012576489692406783
72 0.0012569943297013868
73 0.0012503028307686986
74 0.0012473171871335525
75 0.0012445203114183206
76 0.0012445203114183206
77 0.0012401166343318018
78 0.0012389855083497503
79 0.0012371695370167538
80 0.001236424557430843
81 0.001231104345449448
82 0.001229466389304074
83 0.0012282056053415091
84 0.001224729908329126
85 0.0012242491970549684
86 0.0012237083459788022
87 0.0012237564530308692
88 0.001220333715112662
89 0.001219190654967845
90 0.0012190671318859706
91 0.0012187447924716563
92 0.0012180120159548306
93 0.0012169634254493842
94 0.0012166770153789687
95 0.0012164367520892758
96 0.0012145140695321512
97 0.001214119718810622
98 0.0012123943187818378
99 0.0012120863440864224
100 0.000849983094510882
101 0.0008480412466897728
102 0.0008466658981291515
103 0.0008454631757301074
104 0.0008436599697144249
105 0.0008435154993773205
106 0.0008432177292515323
107 0.0008422161790039831
108 0.0008415953533124196
109 0.0008403225688229368
110 0.0008397480400408689
111 0.0008384326461604523
112 0.0008382028684032228
113 0.0008379962198009246
114 0.0008379160514098428
115 0.0008375889948107984
116 0.0008311916261629138
117 0.0008305685891049563
118 0.0008291463990797517
119 0.0008285607035829529
120 0.0008271580092468091
121 0.0008267444228878679
122 0.0008263967850753574
123 0.0008259903388998335
124 0.0008253204321195368
125 0.0008249273063211
126 0.0008258955599185556
127 0.0008253204321195368
128 0.0008249273063211
129 0.0008242830382872286
130 0.0008238636059677798
131 0.000822966117848949
132 0.0008229650354713712
133 0.000822942410665315
134 0.0008226019121439843
135 0.0008213326389120171
136 0.0008207972029854026
137 0.000820736230299632
138 0.0008205238458286409
139 0.0008205238458286409
140 0.0008204826714253684
141 0.0008198092026620848
142 0.0008196442595360494
143 0.0008195717333480857
144 0.0008204826714253684
145 0.0008203455567778338
146 0.0008196442595360494
147 0.0008188037368943395
148 0.0008177773710577567
149 0.0008177773710577567
150 0.0008174622811534919
151 0.0008168683257805882
152 0.0008164866055527507
153 0.0008163007757556069
154 0.0008161816807918544
155 0.0008163007757556069
156 0.0008159435306465202
157 0.0008158376353539127
158 0.0008158055639858682
159 0.0008158376353539127
160 0.0008145594679086458
161 0.0008145594679086458
162 0.000814393490323524
163 0.000813708008989218
164 0.000813555810075108
165 0.0008130372095732182
166 0.0008128851310356285
167 0.0008127937699785632
168 0.0008127479744133794
169 0.0008127408774168824
170 0.0008127114212573137
171 0.000812692343031601
172 0.0008124965283144376
173 0.0008123355341218121
174 0.0008123312382924042
175 0.0008120080106365538
176 0.0008118744848399368
177 0.0008118438593944532
178 0.0008117284234596798
179 0.0008113089502995894
180 0.0008112718401177451
181 0.0008111582703793615
182 0.0008111180102526457
183 0.0008109855931816174
184 0.0008109578347261837
185 0.0008104131902500948
186 0.0008102690325103017
187 0.0008099050221003453
188 0.0008096760463547673
189 0.000809626555897493
190 0.0008094131458737479
191 0.0008094045855105789
192 0.0008092922905520905
193 0.0008083465469259862
194 0.0008082747385521011
195 0.0008082628791878919
196 0.0008081494550791032
198 0.0008080463659563791
