5 0.0028960121831000415
6 0.0022959521831000416
7 0.0017042039360438696
8 0.0016317489534857063
9 0.0015398047768795417
10 0.001354161247634837
11 0.001354161247634837
12 0.0012188801445646988
13 0.0010958321831000413
14 0.0010604556817758201
15 0.0010450334641843337
16 0.0010255405860242765
17 0.0010141694503967896
18 0.0009213064648337024
19 0.0008927652278942319
20 0.0008815582483057173
21 0.000868167994239732
22 0.0008927652278942319
23 0.0008927652278942319
24 0.000898127248377182
25 0.0010188601445646989
26 0.0012141894503967896
