1 0.008488023801009771
2 0.004468939699461201
3 0.0030687996994612004
4 0.0024687396994612
5 0.002340996314846024
6 0.001815836897656336
7 0.0016686596994612002
8 0.0015409163148460238
9 0.001365662215456232
10 0.0012622423295279958
11 0.001215776897656336
12 0.0011434160699210615
13 0.001064202146164366
14 0.0010268375860854528
15 0.0010171261389345552
16 0.0009656222154562319
17 0.0009594776672873281
18 0.0009408563148460238
19 0.0008685796994612002
20 0.0008685796994612002
21 0.0008685796994612002
22 0.0008685796994612002
23 0.0008685796994612002
24 0.0008854253265408818
25 0.0016332912979891885
26 0.0016625979573785471
