3 0.006736270134267853
4 0.0061362101342678525
5 0.006114536340081873
6 0.005936190134267853
7 0.005936190134267853
8 0.00670473766527394
9 0.00670473766527394
10 0.00670473766527394
11 0.00670473766527394
12 0.00670473766527394
13 0.007772687611548984
14 0.007972707611548984
15 0.008572767611548984
16 0.009236867401630655
17 0.009372847611548983
18 0.009436887401630654
19 0.020602815686370686
20 0.020602815686370686
21 0.021002855686370687
22 0.02153910011355112
23 0.027984200353801995
24 0.07018955587630824
