85 0.0008195020634438581
86 0.0008195020634438581
87 0.0008194280683531544
88 0.0008194280683531544
89 0.0008194280683531544
90 0.0008195020634438581
91 0.0008194280683531544
92 0.0008195020634438581
93 0.0008195020634438581
94 0.0008199213731965587
95 0.0008199213731965587
96 0.0008199213731965587
97 0.0008199213731965587
98 0.0008199213731965587
99 0.0008199213731965587
100 0.0008199213731965587
101 0.0008199213731965587
102 0.0008199213731965587
103 0.0008199213731965587
104 0.0008199213731965587
105 0.0008199213731965587
106 0.0008199213731965587
107 0.0008199213731965587
108 0.0008199213731965587
109 0.0008199213731965587
110 0.0008199213731965587
111 0.0008199213731965587
112 0.0008199213731965587
113 0.0008199340200204344
114 0.0008199213731965587
115 0.0008199213731965587
116 0.0008199213731965587
117 0.0008199213731965587
118 0.0008199213731965587
119 0.0008199213731965587
120 0.0008199213731965587
121 0.0008199213731965587
122 0.0008202008210282331
123 0.0008230088209344663
124 0.0008243768065330104
125 0.0008248635124858266
126 0.0008212592123487345
127 0.0008216688646257662
128 0.0008216688646257662
129 0.0008216688646257662
130 0.000823376234965763
131 0.0008218177496886602
132 0.0008218177496886602
133 0.0008224410335142458
134 0.0008224410335142458
135 0.0010062477670609062
136 0.0010077526591830213
137 0.0010068020531805238
138 0.0010133007130388194
139 0.0010079988176769565
140 0.0010249226853920358
