11 0.018651023113053476
12 0.018651023113053476
13 0.018651023113053476
14 0.018651023113053476
15 0.018655471554222182
16 0.018655471554222182
17 0.018655471554222182
18 0.018655471554222182
19 0.018657832042026392
20 0.018657832042026392
21 0.018657832042026392
22 0.018657832042026392
23 0.018657832042026392
24 0.018657832042026392
25 0.018657832042026392
26 0.018657832042026392
27 0.018657832042026392
28 0.018657832042026392
29 0.018657832042026392
30 0.018657832042026392
31 0.018657832042026392
32 0.018657832042026392
33 0.018657832042026392
34 0.018657832042026392
35 0.01866331795702498
36 0.018863337957024977
37 0.018863337957024977
38 0.018900516295800727
39 0.018900516295800727
40 0.018900516295800727
41 0.018900516295800727
42 0.018900516295800727
43 0.018891394697708785
44 0.018891394697708785
45 0.018891394697708785
46 0.018891394697708785
47 0.020291534697708787
48 0.020095322139400094
