1 0.040271906104084786
2 0.020296775986031013
3 0.013672902029192663
4 0.010295775986031014
5 0.008299456295800728
6 0.007055253081284598
7 0.006890194697708785
8 0.006890194697708785
9 0.006890194697708785
10 0.006890194697708785
11 0.006890194697708785
12 0.006890194697708785
13 0.006890194697708785
14 0.006890194697708785
15 0.006890194697708785
16 0.006890194697708785
17 0.006890194697708785
18 0.006890194697708785
19 0.006890194697708785
20 0.006890194697708785
21 0.006890194697708785
22 0.006890194697708785
23 0.006890194697708785
24 0.006890194697708785
25 0.006890194697708785
26 0.006895435986031012
27 0.007079530642783225
28 0.007079530642783225
29 0.007079530642783225
30 0.007079530642783225
31 0.007079530642783225
32 0.007079530642783225
33 0.00729373880300113
34 0.0074937588030011305
35 0.0074937588030011305
36 0.0074937588030011305
37 0.007894102139400094
38 0.008694182139400094
39 0.009485460502117578
40 0.009685480502117576
41 0.010085520502117577
42 0.010685580502117577
43 0.010685580502117577
44 0.012649099332857669
45 0.01409441880300113
46 0.01069406835659212
47 0.013085820502117578
48 0.013085820502117578
49 0.012684547253468724
50 0.017896535986031012
51 0.010889765935787584
52 0.019500576295800726
53 0.019691474697708787
54 0.017895102139400095
