22 0.04499127219865316
23 0.04499127219865316
24 0.04499127219865316
25 0.04499127219865316
26 0.04499127219865316
27 0.04499127219865316
28 0.04499127219865316
29 0.04499127219865316
30 0.02838747637432657
31 0.02838747637432657
32 0.02838747637432657
33 0.02838747637432657
34 0.02838747637432657
35 0.02838747637432657
36 0.02838747637432657
37 0.02838747637432657
38 0.02838747637432657
39 0.02838747637432657
40 0.02838747637432657
41 0.02838747637432657
42 0.02838747637432657
43 0.02838747637432657
44 0.02838747637432657
45 0.02838747637432657
46 0.02838747637432657
47 0.02838747637432657
48 0.02838747637432657
49 0.02838747637432657
50 0.02838747637432657
51 0.02838747637432657
52 0.02861163333554844
53 0.028897967023868112
59 0.043676466168934794
60 0.043676466168934794
