1 0.008271481658807993
2 0.004299310640252857
3 0.0030098700767706797
4 0.0023379855917047216
5 0.0019379455917047214
6 0.0016708216588079933
7 0.0014990306402528563
8 0.0013378855917047213
9 0.0012624906773325223
10 0.0011378655917047213
11 0.0010707616588079933
12 0.0010377886449044126
13 0.0010045561133123007
14 0.0008989706402528563
15 0.0008707416588079934
16 0.000856404382151498
17 0.0008399361898834399
18 0.000819439205259511
19 0.0008075713856411917
20 0.0007027385557975513
21 0.000685446702315016
22 0.0006816162081312949
23 0.0006707216588079934
24 0.0006624306773325224
25 0.0006607581227711952
26 0.0006571058668133295
27 0.000656384382151498
28 0.0006550975748742257
29 0.000650321814994688
30 0.0006417541755240679
31 0.00063991618988344
32 0.0006377486449044125
33 0.0006375169472683447
34 0.0006271388265061499
35 0.0006194192052595111
36 0.0006550192205371382
