71 0.0010042740311188559
72 0.0010053465378441024
73 0.0010053465378441024
74 0.0010081665399757898
75 0.0010081665399757898
76 0.0010095338179612252
77 0.0008142516600819418
78 0.0008133380065947053
79 0.0008133380065947053
80 0.0008157140094189143
81 0.0008174808366245265
82 0.0008195168259994441
83 0.0008143248998767265
84 0.0008103681797395892
85 0.0008096850200658933
86 0.0008095138179612252
87 0.0008090523992228498
88 0.0008090523992228498
89 0.0008090523992228498
90 0.0008067172920450705
91 0.0008065598212923394
92 0.0008081396435059212
93 0.0008085599344409456
94 0.000805778239229518
95 0.0008056033775969931
96 0.000804905802281976
97 0.000804905802281976
98 0.0008056053767332797
99 0.0008053265378441024
100 0.0006246690229398144
101 0.0006246690229398144
102 0.0006241913031058547
103 0.0006241136528277059
104 0.0006241136528277059
105 0.0006216727215728524
106 0.0006214799204395984
107 0.000620720540587023
108 0.0006213405909750998
109 0.0006194968259994442
110 0.0006194968259994442
111 0.0006182942572994835
112 0.0006181540232730354
113 0.0006173293808063838
114 0.0006181540232730354
115 0.0006162924560999007
116 0.0006161849846512115
117 0.0006161849846512115
118 0.0006150879827705409
119 0.0006150707108961359
120 0.0006145591258416586
121 0.0006144553129694371
122 0.0006143858356193133
123 0.0006142316600819418
124 0.0006139400079650741
125 0.0006139400079650741
126 0.0006131141323534655
127 0.0006131141323534655
128 0.0006131141323534655
129 0.0006131141323534655
130 0.0006135969685910817
131 0.0006137290033019929
132 0.0006124246666123671
133 0.0006122163845049092
134 0.0006121510650398263
135 0.0006114730271143773
136 0.0006114730271143773
137 0.0006115670120780414
138 0.0006110190257641833
139 0.0006114370689672395
140 0.0006104593423624767
141 0.0006103481797395892
142 0.0006101704004699086
143 0.0006100908246675751
144 0.0006099628731130147
145 0.0006096650200658933
146 0.0006096599788691467
147 0.0006101704004699086
148 0.0006093076831873541
149 0.0006092063397821797
150 0.0006093937529539842
151 0.0006092063397821797
152 0.000609096079439442
153 0.0006087166684606084
154 0.0006086541672874221
155 0.0006087357338788956
156 0.0006081842393246162
157 0.0006081842393246162
158 0.0006081842393246162
159 0.000608322113834468
160 0.0006081106613533537
161 0.0006081106613533537
162 0.0006078082540510615
163 0.0006077648120341129
164 0.0006076303264765565
165 0.0006074784746548195
166 0.0006073648183271995
167 0.000607198121384712
168 0.0006069461046798392
169 0.0006066757131935846
170 0.0006066757131935846
171 0.0006065398212923394
172 0.0006064469549999961
173 0.0006064080748002856
174 0.00060628055760824
175 0.00060622374399054
176 0.0006059759373539922
177 0.0006059481938435186
178 0.0006059368619927508
179 0.000605758239229518
180 0.0006056428362729514
181 0.0006056089227503578
182 0.0006055853767332797
183 0.0006055833775969931
184 0.0006054982599545326
185 0.0006054806340251071
186 0.0006053065378441024
187 0.0006051689748710928
188 0.000604885802281976
189 0.0006048478845852786
190 0.0006047925218730768
191 0.000604779857640136
192 0.0006046780916198818
193 0.000604550340961919
194 0.0006045085810324359
195 0.0006043184812713383
196 0.0006042849874635815
197 0.0006042340311188558
198 0.0006041132594428482
199 0.0006022748068634621
200 0.0004250052646743416
