33 0.002105350638541375
34 0.0019068856032025804
35 0.0019487221490238592
36 0.001852006771431645
37 0.0018239681681055538
38 0.0018239681681055538
39 0.0018145262168887187
40 0.001796732452213885
41 0.0017639041738652167
42 0.0017639041738652167
43 0.0016842805108331
44 0.0016842805108331
45 0.0016842805108331
46 0.0016842805108331
47 0.0014963353791757996
48 0.0014963353791757996
49 0.0014963353791757996
50 0.0014963353791757996
51 0.0014963353791757996
52 0.0014800264182002784
53 0.0014800264182002784
54 0.0014800264182002784
55 0.0014800264182002784
56 0.0014963353791757996
57 0.0014963353791757996
58 0.0014963353791757996
59 0.0014963353791757996
60 0.00183832571064568
61 0.0021739942734339303
62 0.00275748856596852
63 0.003141171525209852
