6 0.004895227246615161
7 0.0038863233031563253
8 0.003873816084631281
9 0.0032874805372559647
10 0.0028902733013832413
11 0.0028902733013832413
12 0.0028902733013832413
13 0.0032899814397322927
14 0.0024902333013832414
15 0.0024717820291926614
16 0.002288905935787583
17 0.00209494724661516
18 0.00209494724661516
19 0.00209494724661516
20 0.00189492724661516
21 0.0018771915381388146
22 0.0018559374484693179
23 0.0016891942242431661
24 0.001654713081284597
25 0.001654713081284597
26 0.0014987762958007266
27 0.0014987762958007266
28 0.0014987762958007266
29 0.0014716820291926615
30 0.001448080348201868
31 0.001413369384222581
32 0.001413369384222581
33 0.001413369384222581
34 0.001448080348201868
35 0.0012304421898561256
36 0.0012304421898561256
37 0.001215993674461023
38 0.001215993674461023
39 0.001215993674461023
40 0.001215993674461023
41 0.001215993674461023
42 0.001215993674461023
43 0.001215993674461023
44 0.001215993674461023
45 0.001215993674461023
46 0.001215993674461023
47 0.001215993674461023
48 0.001485785924041189
49 0.001489126022255356
50 0.001469847985084527
51 0.0012854922307746419
52 0.0018461603656593328
