2 0.0458336478322795
3 0.031065582321443887
4 0.022892169158303756
5 0.01843522062486963
6 0.015261446105535835
7 0.012988450894794513
8 0.011539004946595611
9 0.010490509954774584
10 0.009149289645004175
11 0.008493045344284317
12 0.007746896198253549
13 0.007368027004974275
14 0.00686844267773149
15 0.006407940695687601
16 0.006407940695687601
17 0.006407940695687601
18 0.006407940695687601
19 0.006407940695687601
20 0.006407940695687601
21 0.006407940695687601
22 0.006407940695687601
23 0.006407940695687601
24 0.006407940695687601
25 0.006407940695687601
26 0.006407940695687601
27 0.006407940695687601
28 0.006407940695687601
29 0.006407940695687601
30 0.006407940695687601
31 0.006407940695687601
32 0.006407940695687601
33 0.006595876847193418
34 0.006595876847193418
35 0.006407940695687601
36 0.006407940695687601
37 0.006407940695687601
38 0.006407940695687601
39 0.006407940695687601
40 0.006407940695687601
41 0.006407940695687601
42 0.006407940695687601
43 0.006407940695687601
44 0.006407940695687601
45 0.006407940695687601
46 0.006407940695687601
47 0.006407940695687601
48 0.006407940695687601
49 0.006407940695687601
50 0.006407940695687601
51 0.006879936459665286
52 0.007629512191638536
53 0.011255701132703376
54 0.010418822897720637
55 0.010418822897720637
