9 0.0038109020283025596
10 0.003286774088685305
11 0.0030292571387517137
12 0.003026404947069416
13 0.002281216428814434
14 0.002281216428814434
15 0.002226324947069416
16 0.0020351952994460743
17 0.0020351952994460743
18 0.002052529931140053
19 0.0020351952994460743
20 0.001852509931140053
21 0.001852509931140053
22 0.0018489049467865532
23 0.001677030664361505
24 0.001677030664361505
25 0.0014864427400791496
26 0.0014864427400791496
27 0.0014864427400791496
28 0.0014864427400791496
29 0.0014751591381455007
30 0.0014751591381455007
31 0.0014751591381455007
32 0.0014751591381455007
33 0.0012244687324871129
34 0.0012095892293900532
35 0.0012095892293900532
36 0.0012095892293900532
37 0.0012095892293900532
38 0.0012095892293900532
39 0.0012095892293900532
40 0.0012095892293900532
41 0.001472384170929096
42 0.0014661071128977674
43 0.0014569913887352549
44 0.0012654181783141314
45 0.0012654181783141314
46 0.0012654181783141314
47 0.0014694748807476178
48 0.0014909085050935614
49 0.0014488673575641518
50 0.0014488673575641518
51 0.0016305797323223116
53 0.001438618689303038
54 0.001438618689303038
