22 0.01567520805477589
23 0.01567520805477589
24 0.014317632478180232
25 0.014317632478180232
26 0.011376100204150478
27 0.011376100204150478
28 0.011376100204150478
29 0.010861652224826383
30 0.008402125267813195
31 0.008402125267813195
32 0.008226288193439915
33 0.008226288193439915
34 0.00802567532092343
35 0.008226288193439915
36 0.008151181036221032
37 0.008151181036221032
38 0.008151181036221032
39 0.008151181036221032
40 0.00805807097793992
41 0.0077648534770099
42 0.0086306622736458
43 0.008969872417502658
44 0.0099051437311403
45 0.009046370132792376
46 0.01151339708417248
47 0.00970928999749
48 0.010468632884337303
49 0.01515636390555256
50 0.01816036678630404
