56 0.005623856234965764
57 0.0054238362349657634
58 0.0054238362349657634
59 0.0054238362349657634
60 0.0054238362349657634
61 0.0054238362349657634
62 0.0054238362349657634
63 0.0054238362349657634
64 0.0054238362349657634
65 0.0054238362349657634
66 0.0054238362349657634
67 0.0054238362349657634
68 0.0054238362349657634
69 0.0054238362349657634
70 0.0054238362349657634
71 0.0054238362349657634
72 0.005608974162890294
73 0.005606032796590809
74 0.006409209111002545
75 0.005019696323080226
76 0.007823142309814705
77 0.005019696323080226
78 0.004809871964204023
79 0.004809871964204023
80 0.004809871964204023
81 0.004809871964204023
82 0.004809871964204023
83 0.004809871964204023
84 0.004809871964204023
85 0.004809871964204023
86 0.004809871964204023
87 0.004610681335712684
88 0.004610681335712684
89 0.004610681335712684
90 0.004810701335712685
91 0.004810701335712685
92 0.004810701335712685
93 0.004810701335712685
94 0.004810701335712685
95 0.004810701335712685
96 0.004810701335712685
97 0.004810701335712685
98 0.004810701335712685
99 0.004810701335712685
100 0.004810701335712685
101 0.004810701335712685
102 0.004810701335712685
103 0.004810701335712685
104 0.004810701335712685
105 0.004810701335712685
106 0.004810701335712685
107 0.004810701335712685
108 0.004810701335712685
109 0.004810701335712685
110 0.004810701335712685
111 0.004810701335712685
112 0.005805766595125048
113 0.0062108728652914575
114 0.005220572670198351
115 0.005220572670198351
116 0.005220572670198351
117 0.00681259180298389
118 0.005004653273462993
119 0.005004653273462993
120 0.005025322685392036
121 0.006404694727539552
122 0.0052073540044946095
123 0.006611501894927051
124 0.005621135342840537
125 0.0066062191351896815
