11 0.0010551375748742257
12 0.0010377886449044126
13 0.0010045561133123007
14 0.0010045561133123007
15 0.0009119641937532575
16 0.0008417741755240678
17 0.0008502189417052734
18 0.0008375369472683447
19 0.000819439205259511
20 0.0008075713856411917
21 0.0007542200683530315
22 0.0007027385557975513
23 0.0006689029710338636
24 0.000663086626721804
25 0.0006607581227711952
26 0.0006571058668133295
27 0.000656384382151498
28 0.0006550975748742257
29 0.000650321814994688
30 0.0006417541755240679
31 0.00063991618988344
32 0.0006377486449044125
33 0.0006375169472683447
34 0.0006271388265061499
35 0.0006194192052595111
36 0.0006501989417052733
