41 0.0024391116287196548
42 0.0024391116287196548
43 0.0021055404475099574
44 0.0020654324948302183
45 0.0020788495255613694
46 0.00204217081445147
47 0.0020404078946047763
48 0.002031852193542206
49 0.002026032975625237
50 0.0020483634908575457
51 0.0016895682828854401
52 0.0016844323580079662
53 0.0016663440227450413
54 0.0016656598392089826
55 0.0016629383274129484
56 0.0016534888457757357
57 0.0016528828521552774
58 0.0016352474462984377
59 0.0016333649996530773
60 0.0016316111279717363
61 0.001627416017978436
62 0.0016260744191464364
63 0.0016254228425146274
64 0.0016316111279717363
65 0.001619253111794986
66 0.0016165494771042022
67 0.0012699208199937442
68 0.0012668547594891903
69 0.0012651918256244808
70 0.0012624372463952923
71 0.0012596220600613033
72 0.0012563870651625122
73 0.0012563588687494473
74 0.0012525660016598308
75 0.0012525660016598308
76 0.0012473097153368217
77 0.0012430451172430023
78 0.0012379806481793052
79 0.001239259496898131
80 0.0012321747858579555
81 0.001231195804478104
82 0.0012308185958743716
83 0.001229466389304074
84 0.0012264355847238285
85 0.0012261934217302377
86 0.0012244511636334105
87 0.0012238178480817174
88 0.0012237083459788022
89 0.001221590235485286
90 0.001220166159541571
91 0.001219121961620069
92 0.0012175926351895199
93 0.0012169077601766178
94 0.0012166770153789687
95 0.0012154035487654527
96 0.0012145140695321512
97 0.0012141068782658684
98 0.0012122241826186548
99 0.0012120695489345687
100 0.000849739467775638
101 0.0008466658981291515
102 0.0008447646196294079
103 0.0008434612170829872
104 0.0008416248309301949
105 0.0008411906856810732
106 0.0008402816420564662
107 0.0008397227463931173
108 0.0008387361367063087
109 0.0008384326461604523
110 0.0008397480400408689
111 0.0008382028684032228
112 0.0008379160514098428
113 0.0008375725791662982
114 0.0008350440011065537
115 0.0008350440011065537
116 0.0008364422696473796
117 0.0008341728061680402
118 0.0008335352205124658
119 0.0008330747998547889
120 0.0008319283493528086
121 0.0008314691637064742
122 0.0008296802076122137
123 0.0008286967448286682
124 0.0008271580092468091
125 0.0008267444228878679
126 0.0008263228442015943
127 0.0008259903388998335
128 0.0008258955599185556
129 0.0008253204321195368
130 0.0008242830382872286
131 0.0008238250438498385
132 0.000822966117848949
133 0.000822942410665315
134 0.00082248465215376
135 0.0008218973404824012
136 0.0008213869333288026
137 0.0008207972029854026
138 0.0008207972029854026
139 0.0008207972029854026
140 0.000820736230299632
141 0.0008206729522687334
142 0.0008195717333480857
143 0.0008193453963430184
144 0.0008188239284080451
145 0.0008188037368943395
146 0.0008186433122412184
147 0.0008177773710577567
148 0.0008176237231492189
149 0.0008171782220050893
150 0.0008168683257805882
151 0.0008166824998265387
152 0.0008163985690532
153 0.0008163007757556069
154 0.0008163007757556069
155 0.000816166131369979
156 0.0008161631578419105
157 0.0008159435306465202
158 0.0008158785653878116
159 0.0008145594679086458
160 0.0008153453183660426
161 0.0008153453183660426
162 0.000814393490323524
163 0.000813708008989218
164 0.0008130372095732182
165 0.0008129050464255477
166 0.0008128851310356285
167 0.0008127937699785632
168 0.0008127479744133794
169 0.0008127408774168824
170 0.0008127114212573137
171 0.000812692343031601
172 0.0008124965283144376
173 0.0008123355341218121
174 0.0008123312382924042
175 0.0008120080106365538
176 0.0008118744848399368
177 0.0008118438593944532
178 0.0008117284234596798
179 0.0008113089502995894
180 0.0008112718401177451
181 0.0008111582703793615
182 0.0008111180102526457
183 0.0008109855931816174
184 0.0008109578347261837
185 0.0008104131902500948
186 0.0008102690325103017
187 0.0008099050221003453
188 0.0008096760463547673
189 0.000809626555897493
190 0.0008094131458737479
191 0.0008094045855105789
192 0.0008092922905520905
193 0.0008083465469259862
194 0.0008082747385521011
195 0.0008082628791878919
196 0.0008081494550791032
