80 0.012224890276486586
82 0.013538643456172575
83 0.013538643456172575
84 0.013538643456172575
85 0.01769184199814068
86 0.013538643456172575
87 0.012718119610343935
88 0.012718119610343935
89 0.014379719019653184
90 0.010140364894666451
91 0.009761329276332569
92 0.010137319914770217
93 0.009770480787174012
94 0.009570522774054744
95 0.009647966566349
96 0.009297725914297051
97 0.009297725914297051
98 0.008888510025520172
99 0.009297725914297051
100 0.008082747385521012
101 0.008080463659563792
102 0.008476844035565414
103 0.007737463508803967
104 0.007737463508803967
105 0.007737463508803967
106 0.007737463508803967
107 0.007737463508803967
108 0.007737463508803967
109 0.007737463508803967
110 0.008233554978104215
111 0.007311142075296218
112 0.0075329225991379485
113 0.0075329225991379485
114 0.00799738795830599
115 0.007852271405810615
116 0.008108604856775944
117 0.00799738795830599
118 0.008250034834708245
119 0.010233066380795162
120 0.010536934028041301
121 0.009188927594120272
122 0.010998463010481716
123 0.012315657316436354
124 0.011966569975647259
125 0.011908275526564559
126 0.01515961053505813
