20 0.01389933399176713
21 0.015388548348027895
22 0.00819944723300983
23 0.007585787534971938
24 0.007585787534971938
25 0.007585787534971938
26 0.00758201215782946
27 0.0074691377017311955
28 0.006453262210463311
29 0.006453262210463311
30 0.006453262210463311
31 0.006453262210463311
32 0.006453262210463311
33 0.006453262210463311
34 0.006453262210463311
35 0.006453262210463311
36 0.006453262210463311
37 0.006654102979816487
38 0.006654102979816487
39 0.006654102979816487
40 0.006654102979816487
41 0.007208464005516783
42 0.007082484416055017
43 0.006946117683204163
44 0.007548616808011896
45 0.0074691377017311955
46 0.008234667544006768
47 0.007442268946290175
48 0.008935286137564584
49 0.008590609696047592
50 0.011464501619213835
51 0.009789518626024422
52 0.012962360938684143
