30 0.0026458562607978254
31 0.0024450301112767803
32 0.0023780490043820946
33 0.0023034736022715533
34 0.001973368557600371
35 0.001973368557600371
36 0.001956024089021424
37 0.0019487221490238592
38 0.0019487221490238592
39 0.0019332290138748928
40 0.0019169825098146933
41 0.0019024392035056755
42 0.0018427788818172427
43 0.0017639041738652167
44 0.0014791164090033884
45 0.0014791164090033884
46 0.0014791164090033884
47 0.0014791164090033884
48 0.0014791164090033884
49 0.0014791164090033884
50 0.0014800264182002784
51 0.0014899754648059751
52 0.0014899754648059751
53 0.0014791164090033884
54 0.0014800264182002784
55 0.0014791164090033884
56 0.0014800264182002784
57 0.0014899754648059751
58 0.0014899754648059751
59 0.0014899754648059751
60 0.0014959688874021794
61 0.001830637851810363
62 0.0019068856032025804
63 0.0019068856032025804
64 0.0019790689864606394
65 0.001960540549726506
66 0.001938162008470304
