67 0.0010108823873207033
68 0.0010108823873207033
69 0.0010110590257641835
70 0.0008213724763563074
71 0.0008213724763563074
72 0.0008216927215728524
73 0.0010042740311188559
74 0.0010052089748710928
75 0.0008197647012109448
76 0.00081971559063441
77 0.0008188164952481454
78 0.0008197647012109448
79 0.0008197647012109448
80 0.0008213724763563074
81 0.0008162921108604874
82 0.0008183655842756105
83 0.0008197647012109448
84 0.0008246890229398144
85 0.0008097898650320341
86 0.0008085599344409456
87 0.0008081396435059212
88 0.0008076503264765564
89 0.0008073848183271995
90 0.0008066957131935846
91 0.0008066957131935846
92 0.00080630055760824
93 0.0008059681938435186
94 0.0008056628362729513
95 0.0008056053767332797
96 0.0008055182599545326
97 0.000804905802281976
98 0.0008048125218730768
99 0.0008043049874635814
100 0.0008043049874635814
101 0.0008059681938435186
102 0.0006240324971886986
103 0.0006226768065593914
104 0.0006244164968409756
105 0.0006247918145973067
106 0.0006197447012109449
107 0.0006194968259994442
108 0.0006191855261614005
109 0.0006191855261614005
110 0.000620720540587023
111 0.0006194935632825466
112 0.0006187964952481455
113 0.0006187964952481455
114 0.0006194935632825466
115 0.0006177558604791146
116 0.00061677763352919
117 0.0006158782619041946
118 0.0006155073586751182
119 0.0006145611205273205
120 0.0006144553129694371
121 0.0006144553129694371
122 0.0006131141323534655
123 0.0006131141323534655
124 0.0006131003800301678
125 0.0006131003800301678
126 0.0006136362064126305
127 0.0006142316600819418
128 0.0006145611205273205
129 0.0006142316600819418
130 0.0006131003800301678
131 0.0006130397916314304
132 0.0006129441979715704
133 0.0006124361979518497
134 0.0006115670120780414
135 0.0006120791284113399
136 0.0006114730271143773
137 0.0006120791284113399
138 0.000610637348300206
139 0.000610637348300206
140 0.0006103481797395892
141 0.0006104593423624767
142 0.0006104593423624767
143 0.0006100908246675751
144 0.0006099628731130147
145 0.0006096650200658933
146 0.0006096599788691467
147 0.0006096650200658933
148 0.0006094938179612252
149 0.0006099628731130147
150 0.0006096599788691467
151 0.0006092063397821797
152 0.0006087357338788956
153 0.0006090323992228498
154 0.0006087359502987411
155 0.0006085399344409456
156 0.0006085399344409456
157 0.0006081265399757898
158 0.0006081196435059212
159 0.0006081327380941295
160 0.0006081106613533537
161 0.0006081265399757898
162 0.000607875126677021
163 0.000607875126677021
164 0.0006076303264765565
165 0.0006077648120341129
166 0.0006073648183271995
167 0.0006073648183271995
168 0.000607198121384712
169 0.0006066972920450705
170 0.0006066757131935846
171 0.0006064475040143049
172 0.0006064469549999961
173 0.0006064080748002856
174 0.00060628055760824
175 0.00060622374399054
176 0.0006059759373539922
177 0.0006059481938435186
178 0.0006059368619927508
179 0.000605758239229518
180 0.0006056428362729514
181 0.0006056089227503578
182 0.0006055853767332797
183 0.0006055833775969931
184 0.0006054982599545326
185 0.0006054806340251071
186 0.0006053065378441024
187 0.0006051689748710928
188 0.000604885802281976
189 0.0006048478845852786
190 0.0006047925218730768
191 0.000604779857640136
192 0.0006046780916198818
193 0.000604550340961919
194 0.0006045085810324359
195 0.0006043184812713383
