2 0.006936290134267853
3 0.0057361701342678525
4 0.0057361701342678525
5 0.0057361701342678525
6 0.0057361701342678525
7 0.0057361701342678525
8 0.0057361701342678525
9 0.0057361701342678525
10 0.0057361701342678525
11 0.0057361701342678525
12 0.0057361701342678525
13 0.0057361701342678525
14 0.0057361701342678525
15 0.0057361701342678525
16 0.0057361701342678525
17 0.00670473766527394
18 0.00674632140760562
19 0.009172827611548983
20 0.02113906011355112
21 0.02113906011355112
22 0.027784180353801993
23 0.027984200353801995
