14 0.008940197774942586
15 0.008940197774942586
16 0.008940197774942586
17 0.008940197774942586
18 0.008940197774942586
19 0.009011810830180716
20 0.008113468862867016
21 0.008113468862867016
22 0.008113468862867016
23 0.008113468862867016
24 0.008113468862867016
25 0.008113468862867016
26 0.008277316411879433
27 0.008277316411879433
28 0.008312825235631531
29 0.008312825235631531
30 0.008312825235631531
31 0.008312825235631531
32 0.00840552871103305
33 0.00840552871103305
34 0.008408224268407887
35 0.008899971576387935
36 0.008899971576387935
37 0.010256236370200952
38 0.01003852021199465
39 0.009176434643204171
40 0.009176434643204171
41 0.009458144885758295
42 0.009669931203372811
43 0.009176434643204171
44 0.009176434643204171
45 0.009176434643204171
46 0.009176434643204171
47 0.009176434643204171
48 0.009176434643204171
49 0.009176434643204171
50 0.009176434643204171
52 0.01665990428813365
