1 0.09020514742460765
2 0.046455650923672945
3 0.03157180159861268
4 0.023926481879509708
5 0.019039890615009884
6 0.015625457553965525
7 0.013237079833201206
8 0.01142393436900593
9 0.010105770520869303
10 0.009043948042129695
11 0.008245384979386237
12 0.007683903717810825
13 0.007135301534923072
14 0.006618539916600603
15 0.006386742621457851
16 0.006052262231568588
17 0.006052262231568588
18 0.006052262231568588
19 0.006052262231568588
20 0.006052262231568588
21 0.006052262231568588
22 0.006052262231568588
23 0.006052262231568588
24 0.006052262231568588
25 0.006193387417551462
26 0.006193387417551462
27 0.006246489609650464
28 0.006246489609650464
29 0.006246489609650464
30 0.006246489609650464
31 0.006246489609650464
32 0.006246489609650464
33 0.006246489609650464
34 0.006246489609650464
35 0.006246489609650464
36 0.006246489609650464
37 0.006246489609650464
38 0.006246489609650464
39 0.006246489609650464
40 0.00635909081701749
41 0.00635909081701749
42 0.006314360319722536
43 0.006703636048339075
44 0.007397245267657858
45 0.007949808055265524
46 0.007996074593595822
47 0.008417443823222319
48 0.008250303945887123
49 0.009149334037763093
50 0.008925496222152472
51 0.00867645030316383
52 0.009394414441742821
53 0.010594338135330707
54 0.009199336892038387
55 0.012630910564384656
56 0.0156520924945244
