25 0.0037588018505882483
26 0.0034843222419175864
27 0.0034843222419175864
28 0.0034613118455602563
29 0.0029685385369259028
30 0.00296774370173266
31 0.0029685385369259028
32 0.00296774370173266
33 0.0029685385369259028
34 0.0026324305893947316
35 0.0026324305893947316
36 0.002425983000395574
37 0.0023017846667602133
38 0.0024338391601429147
39 0.0024338391601429147
40 0.0024338391601429147
41 0.0024338391601429147
42 0.002334719544380624
43 0.002334719544380624
44 0.0022935236983358484
45 0.0022935236983358484
46 0.001953962224502717
47 0.001953962224502717
48 0.001966850236109591
49 0.0021208172000760353
50 0.0027811075527728766
51 0.0021858171683423284
52 0.0034843222419175864
