27 0.0034148000075512296
28 0.0034148000075512296
29 0.003474874140841471
30 0.0029581701395527153
31 0.0029581701395527153
32 0.0029581701395527153
33 0.0029139955442471334
34 0.0029139955442471334
35 0.002764168322725864
36 0.00275748856596852
37 0.0024883972622037624
38 0.0024883972622037624
39 0.0024750486378259905
40 0.0024283296202059447
41 0.0024283296202059447
42 0.0019866339530746333
43 0.0019866339530746333
44 0.0019866339530746333
45 0.0019721134263684767
46 0.001893824338525123
47 0.001893824338525123
48 0.0019154025711328967
49 0.0019866339530746333
50 0.002062540531521659
51 0.001994625183202906
52 0.0019299386134740853
53 0.001943853212625299
54 0.001951314290029274
55 0.002288194538752972
56 0.001951314290029274
57 0.0020794683723051144
58 0.001972155212004518
