13 0.006118299816353324
14 0.005337162600870263
15 0.004867678320285829
16 0.004851966000791148
17 0.004851966000791148
18 0.004667041933585104
19 0.004667041933585104
20 0.004313071297395232
21 0.004313071297395232
22 0.004625497722429996
23 0.004200337740226593
24 0.0041758029064222725
25 0.0038156704736562776
26 0.0033917070876944688
27 0.0033917070876944688
28 0.002977270548608147
29 0.002752998547961829
30 0.0026796167651828512
31 0.002752998547961829
32 0.0026796167651828512
33 0.002874616128584626
34 0.0028195465961628596
35 0.002874616128584626
36 0.0029111796004746885
37 0.002800225160151062
38 0.002874616128584626
39 0.0029309433367540752
40 0.0024067886868765088
41 0.0024067886868765088
42 0.0024067886868765088
43 0.0024067886868765088
44 0.0024067886868765088
45 0.002349251156617655
46 0.002349251156617655
47 0.002349251156617655
48 0.002349251156617655
49 0.002349251156617655
50 0.002349251156617655
51 0.004396415005131113
52 0.003419433892879755
53 0.00635037722963383
54 0.002800225160151062
