60 0.001010252778388917
61 0.0010099021297680247
62 0.0010099021297680247
63 0.0010098658666740428
64 0.0010062477670609062
65 0.0010062477670609062
66 0.001006328264157219
67 0.0010068020531805238
68 0.001006934004494609
69 0.001006934004494609
70 0.0010199540200204345
71 0.001005214516255151
72 0.0008199340200204344
73 0.0008168673403508357
74 0.0008158323957111843
75 0.0008148443863009321
76 0.0008140559887866521
77 0.000813432211443934
78 0.0008132214221007972
79 0.0008127202160597684
80 0.0008113609560719922
81 0.0008110086702412006
82 0.0008107534666644013
83 0.0008103328652914572
84 0.0008099646013310424
85 0.0008098458666740429
86 0.0008094719642040226
87 0.0008081508403959272
88 0.0008079627819929341
89 0.0008073397339543229
90 0.0008064568849892816
91 0.0008064061715158005
92 0.0008059972424199685
93 0.0008057144751497947
94 0.0008056959200588726
95 0.0008055389173630919
96 0.0008048732779487465
97 0.0008047622927552895
98 0.0008041973692760506
99 0.0008040831829781896
100 0.0006240606233448864
101 0.000623356234965763
102 0.0006227715878650538
103 0.0006225764251872746
104 0.000622422309814704
105 0.0006212392123487345
106 0.000620969829083986
107 0.0006204306783976971
108 0.0006201126701983504
109 0.0006199013731965587
110 0.00061949156022702
111 0.0006194080683531544
112 0.000619085401586452
113 0.0006189980257049214
114 0.0006188356883875041
115 0.0006177599745838356
116 0.0006165773999273945
117 0.0006164747602272031
118 0.0006163603956985126
119 0.0006159728265377161
120 0.0006153242945524781
121 0.0006148243863009321
122 0.0006143883724143342
123 0.0006140359887866521
124 0.0006136190046234046
125 0.0006132607130388194
126 0.0006131264989660437
127 0.0006129877799592779
128 0.0006128039440779846
129 0.0006115225177356857
130 0.0006113409560719922
131 0.00061128232607688
132 0.0006111721395475871
133 0.0006115225177356857
134 0.0006115112053326576
135 0.0006109886702412007
136 0.000610770589531031
137 0.0006107649286193186
138 0.0006108067379223433
139 0.000610770589531031
140 0.000610770589531031
141 0.0006107649286193186
142 0.0006107334666644014
143 0.0006104386014927014
144 0.0006104386014927014
145 0.000610408115149816
146 0.0006103764761343667
147 0.0006103019229143204
148 0.0006103019229143204
149 0.0006102813357126843
150 0.0006103764761343667
151 0.000622422309814704
152 0.0006108067379223433
155 0.0006099446013310424
