86 0.012833875652386214
87 0.012833875652386214
88 0.012419879663599562
89 0.012419879663599562
90 0.010446586459244433
91 0.010446586459244433
92 0.010254477850466348
93 0.010254477850466348
94 0.010254477850466348
95 0.010254477850466348
96 0.009382132806569996
97 0.008974213988893042
98 0.00856894710394792
99 0.008488545316154604
100 0.008971242278163195
101 0.008888633189967098
102 0.008488545316154604
103 0.008488545316154604
104 0.008888633189967098
105 0.00856894710394792
106 0.008488545316154604
107 0.008566295171216085
108 0.009299076695464788
109 0.009453939240171783
110 0.008949550207394292
111 0.008949550207394292
112 0.008949550207394292
113 0.008888633189967098
114 0.008949550207394292
115 0.009626888381467623
116 0.008949550207394292
117 0.008949550207394292
118 0.010867748845966257
119 0.010918139889808373
120 0.013030836888324328
121 0.012184648717736505
122 0.014178028210295703
123 0.012859512445441925
125 0.01598164880028767
126 0.01825167714774784
