72 0.0008193281187441927
73 0.0008191745496084167
74 0.0008162921108604874
75 0.0008166822559058874
76 0.0008166822559058874
77 0.0008177758604791146
78 0.0008183577373883584
79 0.0008124561979518497
80 0.0008122363845049092
81 0.0008144178697151082
82 0.0008113929449226684
83 0.000810657348300206
84 0.000810657348300206
85 0.0008096799788691467
86 0.0008087557338788956
87 0.0008087557338788956
88 0.0008093276831873541
89 0.0008073848183271995
90 0.0008064669549999961
91 0.0008064669549999961
92 0.0008074984746548195
93 0.0008064280748002855
94 0.0008059681938435186
95 0.0008059681938435186
96 0.000804905802281976
97 0.0008048125218730768
98 0.000804570340961919
99 0.000804570340961919
100 0.0006246690229398144
101 0.0006246690229398144
102 0.0006246690229398144
103 0.0006226768065593914
104 0.0006216097809834389
105 0.0006216097809834389
106 0.000620720540587023
107 0.0006210229306478029
108 0.0006216097809834389
109 0.0006197447012109449
110 0.0006196955906344101
111 0.0006194968259994442
112 0.0006181540232730354
113 0.0006178568934647914
114 0.0006173293808063838
115 0.0006163819745585623
116 0.0006163819745585623
117 0.0006162721108604874
118 0.0006158782619041946
119 0.0006158782619041946
120 0.0006159987963675142
121 0.0006145611205273205
122 0.0006142316600819418
123 0.0006139400079650741
124 0.0006139400079650741
125 0.0006143858356193133
126 0.000613107276010026
127 0.0006131003800301678
128 0.0006126751442228402
129 0.0006127287028869908
130 0.0006122346625462987
131 0.0006121658922726198
132 0.0006121510650398263
133 0.0006121510650398263
134 0.0006119137901547419
135 0.0006114730271143773
136 0.0006114370689672395
137 0.000612255851025325
138 0.0006124246666123671
139 0.0006121658922726198
140 0.0006101642806465977
141 0.0006101642806465977
142 0.0006099628731130147
143 0.0006096650200658933
144 0.0006096200594522074
145 0.0006097698650320341
146 0.0006097698650320341
147 0.0006096650200658933
148 0.0006096599788691467
149 0.0006095683838417372
150 0.0006092063397821797
151 0.0006092063397821797
152 0.0006087166684606084
153 0.0006086541672874221
154 0.0006087166684606084
155 0.000608322113834468
156 0.0006085399344409456
157 0.0006081327380941295
158 0.0006081327380941295
159 0.0006081196435059212
160 0.0006081196435059212
161 0.0006081106613533537
162 0.0006081106613533537
163 0.0006077648120341129
164 0.0006074784746548195
165 0.0006073648183271995
166 0.000607198121384712
167 0.0006074784746548195
168 0.0006069461046798392
169 0.0006066757131935846
170 0.0006066757131935846
171 0.0006064475040143049
172 0.0006064469549999961
173 0.0006064080748002856
174 0.00060628055760824
175 0.00060628055760824
176 0.00060622374399054
177 0.0006059481938435186
178 0.0006059368619927508
179 0.000605758239229518
180 0.0006056428362729514
181 0.0006056089227503578
182 0.0006055853767332797
183 0.0006055833775969931
184 0.0006054982599545326
185 0.0006054806340251071
186 0.0006053065378441024
187 0.0006051689748710928
188 0.000604885802281976
189 0.0006048478845852786
190 0.0006047925218730768
191 0.000604779857640136
192 0.0006046780916198818
193 0.000604550340961919
194 0.0006045085810324359
195 0.0006043184812713383
196 0.0006042849874635815
197 0.0006042340311188558
198 0.0006041132594428482
199 0.0006022748068634621
200 0.0004250052646743416
