6 0.002062322329527996
7 0.001815836897656336
8 0.0016268975860854527
9 0.001485485326540882
10 0.001464242146164366
11 0.0012686196994612002
12 0.0012268575860854528
13 0.0012171461389345554
14 0.0012171461389345554
15 0.0012171461389345554
16 0.0012171461389345554
17 0.0012171461389345554
18 0.0012286764419064161
19 0.0013357709921157914
20 0.0013357709921157914
21 0.001386937549154619
22 0.001386937549154619
23 0.0014223285889952036
24 0.0016332912979891885
25 0.0015869575491546189
26 0.002500702924679186
27 0.00205849554042988
