1 0.020227708420978964
2 0.010240175765937318
3 0.007026388420978964
4 0.005266487112897768
5 0.004295215640892777
6 0.0036663271128977676
7 0.003238473631012302
8 0.002857568986083738
9 0.0026259484209789634
10 0.002296039558936282
11 0.0022259084209789635
12 0.0020551239014677852
13 0.0018661471128977674
14 0.001838333631012302
15 0.0016732495044234634
16 0.0016475620686170651
17 0.0014885284148586293
18 0.0014885284148586293
19 0.0014475420686170652
20 0.0012959395589362819
21 0.001269946400898898
22 0.0012629712129931807
23 0.0012550439014677851
24 0.0012428539045205265
25 0.0012428539045205265
26 0.001076970664361505
27 0.0010694348807476178
28 0.0010604798197059516
29 0.0010575907113946374
30 0.001048824946786553
31 0.0010428339045205266
32 0.0010137533403537491
33 0.0010068748679198309
34 0.0008993576441534902
35 0.0008895527290142929
36 0.0008810764288144338
37 0.0008810764288144338
38 0.0008653781783141313
39 0.0008645994142167485
40 0.0008604598197059514
41 0.000857368986083738
42 0.0008524099311400528
43 0.0008474820686170653
44 0.0008474820686170653
45 0.0008421508610772714
46 0.000838233631012302
47 0.0008261849470694156
48 0.0008095492293900533
49 0.0008043574473301906
50 0.0006999727688470089
51 0.0006993376441534903
52 0.0006895327290142929
53 0.0006857098390898016
54 0.0006776542550648199
55 0.0006776542550648199
56 0.0006697098722176558
57 0.0006693948807476177
58 0.0006660271128977673
59 0.0006660470476409412
60 0.0006629112129931808
61 0.000661650193202125
62 0.0006595168021402081
63 0.0006595168021402081
64 0.0006595168021402081
65 0.0006581633920683141
66 0.000657348986083738
67 0.000656911388735255
68 0.000655568568192548
69 0.0006521847833742309
70 0.0006521847833742309
71 0.0006523899311400528
72 0.0006523899311400528
73 0.0006575507113946372
74 0.000656911388735255
