1 0.08451072669050233
2 0.04141025607834614
3 0.02807174711850833
4 0.021972788939530606
5 0.017885156862701854
6 0.015013567727385112
7 0.01298470722368442
8 0.011427209656849966
9 0.01041140780237975
10 0.009302904163712017
11 0.008533530998709054
12 0.007888540434552824
13 0.007183411768692699
14 0.006656637916804529
15 0.006285342596532829
16 0.005839427105212102
17 0.005544365363639878
18 0.00532221315301225
19 0.005067334470838728
20 0.004651961665949475
21 0.004651961665949475
22 0.004651961665949475
23 0.004651961665949475
24 0.004651961665949475
25 0.004651961665949475
26 0.004651961665949475
27 0.004651961665949475
28 0.004651961665949475
29 0.004651961665949475
30 0.004651961665949475
31 0.004651961665949475
32 0.004828633464885273
33 0.004860832787807651
34 0.0052310195869590456
35 0.0052310195869590456
36 0.00542412679962949
37 0.00513357771709218
38 0.005698504198627068
39 0.005713604828424983
40 0.006136850675444535
41 0.006189738564127065
42 0.006105570174533895
43 0.006189738564127065
44 0.006289888271741749
45 0.005795579847533804
46 0.005795579847533804
47 0.0058721249316474435
48 0.005812790562436395
49 0.006146829866819824
50 0.006361468675951398
51 0.007467550175387355
52 0.008973704297191297
53 0.00686538752868634
54 0.0069269216661709595
55 0.0061975707179862585
