4 0.009624492839903583
5 0.004989106402528563
6 0.004502818149946878
7 0.0031854030241195794
8 0.0037654532704639466
9 0.002565912704746917
10 0.00276178528377778
11 0.0022853293340666476
12 0.002624861683610068
13 0.0019416268092600636
14 0.0022590703720871174
15 0.0017499077890733787
16 0.0020787604803362172
17 0.0015395476228481503
18 0.001694302779065338
19 0.0014120449764239802
20 0.0016383603070827175
21 0.001389139880165412
22 0.0014437830169390896
23 0.001365172724622677
24 0.001365172724622677
25 0.0013099984410742762
26 0.001365172724622677
27 0.0013099984410742762
28 0.001312430841805034
29 0.001312430841805034
30 0.001312430841805034
