1 0.02025383790443275
2 0.010252837904432752
3 0.007008924713537121
4 0.005285040502117576
5 0.004254672792230955
6 0.003656117448469318
7 0.0032415247645643866
8 0.0028414847645643867
9 0.0026494231130534712
10 0.002288905935787583
11 0.002221271229754862
12 0.0020493631130534713
13 0.0018768814008006452
14 0.0018134093842225813
15 0.0016768614008006453
16 0.001621211229754862
17 0.0014868382043662074
18 0.0014768414008006453
19 0.0014488587893156932
20 0.0012931388030011297
21 0.0012902351374316264
22 0.0012846405021175761
23 0.0012418554235010875
24 0.001223381409438471
25 0.0010931083565921193
26 0.001088785935787583
27 0.0010846205021175761
28 0.0010710331510526924
29 0.001057739462952591
30 0.0010513912351881405
31 0.001043059435289345
32 0.0010180066310808908
33 0.0010083247135371201
34 0.0008930988030011295
35 0.0008895946977087851
36 0.000888765935787583
37 0.000884600502117576
38 0.0008770915381388145
39 0.0008716220291926614
40 0.0008572165951216982
41 0.0008543327922309546
42 0.0008514568963873236
43 0.000848020348201868
44 0.0008418154235010876
45 0.0008410360434663042
46 0.0008311157696189651
47 0.0008211312297548622
48 0.0008137932512301889
49 0.0008126038454772746
50 0.0006966984882686584
51 0.0006933821394000928
52 0.0006926159195366232
53 0.0006900533013832412
54 0.0006890942242431663
55 0.0006878685725073186
56 0.0006857059240411889
57 0.0006857059240411889
58 0.0006792856274536734
59 0.0006773144308732603
60 0.0006767614008006452
61 0.000675649800876419
62 0.0006741473656430744
63 0.0006734960846312808
64 0.0006709931510526924
65 0.0006615179570249748
66 0.0006607347204543106
67 0.0006558174484693176
68 0.0006546130812845971
69 0.0006543127922309547
70 0.0006518779044327502
71 0.0006514368963873237
72 0.0006514368963873237
73 0.0006514368963873237
74 0.0006550920990193545
75 0.0006536715542221797
76 0.0006536715542221797
77 0.0006468577947612749
78 0.0006417954235010876
79 0.0006417954235010876
80 0.0006417954235010876
81 0.0006348388546867862
82 0.0006348388546867862
83 0.0006348388546867862
