24 0.007451890105896935
25 0.007186861826744515
26 0.007288034063524137
27 0.007388859239354648
28 0.007388859239354648
29 0.006939064178576008
30 0.0065053726674150075
31 0.00644953218272119
32 0.0065053726674150075
33 0.0059888513125268186
34 0.006194245319768119
35 0.006194245319768119
36 0.0059888513125268186
37 0.00583042725081931
38 0.005717764910555187
39 0.005717764910555187
40 0.005717764910555187
41 0.005717764910555187
42 0.005717764910555187
43 0.005717764910555187
44 0.005717764910555187
45 0.005717764910555187
46 0.00625185689602142
47 0.00625185689602142
48 0.00625185689602142
49 0.006312934235085072
50 0.00686538752868634
51 0.00686538752868634
52 0.007441272409777282
53 0.007873460528186386
54 0.008210567577009284
56 0.010823315103392125
57 0.01250371379204284
