5 0.0030687996994612004
6 0.0020172261389345553
7 0.001815836897656336
8 0.0016686596994612002
9 0.0016686596994612002
10 0.0014268775860854527
11 0.0014223285889952036
12 0.0012854653265408817
13 0.0012854653265408817
14 0.0012854653265408817
15 0.0012854653265408817
16 0.0012854653265408817
17 0.0012854653265408817
18 0.0012854653265408817
19 0.0012854653265408817
20 0.0012854653265408817
21 0.0012854653265408817
22 0.0012921987112516809
23 0.001333577877528728
24 0.0013005829246791863
25 0.0014223285889952036
26 0.0014922187112516808
