5 0.0040513959383430935
6 0.003234440958760118
7 0.00303971254715637
8 0.0026786966074669434
9 0.0027168667306193685
10 0.0021690069416685676
11 0.0021148326446342475
12 0.0021148326446342475
13 0.001867105934991557
14 0.0017689669416685676
15 0.001740354838968461
16 0.0017689669416685676
17 0.0018519940685141063
18 0.0019148126446342478
19 0.002067125934991557
20 0.002067125934991557
21 0.002067125934991557
22 0.0023259793483717747
23 0.0023496718986684706
24 0.002363068808874094
25 0.00344165121616228
26 0.002452643138995994
27 0.0032419740495921437
