1 0.08980822664545501
2 0.04608214800224769
3 0.03109930714580214
4 0.0232781700105692
5 0.01880159885469051
6 0.015267398529727354
7 0.013166328000642198
8 0.011607318310479342
9 0.010327946064227328
10 0.009420498007552744
11 0.008531781531318228
12 0.0077874298372953635
13 0.007167658456246195
14 0.006773967184138611
15 0.006434301182456879
16 0.0059747082408528164
17 0.0059747082408528164
18 0.0059747082408528164
19 0.0059747082408528164
20 0.0059747082408528164
21 0.0059747082408528164
22 0.0059747082408528164
23 0.0059747082408528164
24 0.0059747082408528164
25 0.0059747082408528164
26 0.0059747082408528164
27 0.0059747082408528164
28 0.0059747082408528164
29 0.0059747082408528164
30 0.0059747082408528164
31 0.0059747082408528164
32 0.0059747082408528164
33 0.0059747082408528164
34 0.006059969713441074
35 0.006137642744589551
36 0.006137642744589551
37 0.006886493355843017
38 0.0067982889596500395
39 0.006886493355843017
40 0.006886493355843017
41 0.006886493355843017
42 0.006886493355843017
43 0.0072433570279571095
44 0.0072433570279571095
45 0.007645502353329274
46 0.007680147148383032
47 0.008412439194656358
48 0.009314250972194389
49 0.009461164456490544
50 0.009151112831709518
51 0.009151112831709518
52 0.008698480419754732
53 0.010222905513946438
54 0.01074532040681573
55 0.011890730537531789
