6 0.009213894409086213
11 0.0064001923317037746
16 0.004384624835303683
21 0.003893745634929659
26 0.003340921016112822
31 0.002934325345458997
36 0.0024651417829605962
38 0.005379066244808916
39 0.0040307339957190115
40 0.003400618904678988
41 0.0024391428625365925
42 0.002934325345458997
43 0.0032454240748568132
44 0.0028577129947598406
45 0.002473836233075799
46 0.0022300018282966627
47 0.002657876611736069
48 0.0027667521985813674
49 0.0023817765428655953
50 0.0022300018282966627
51 0.0022810150125711403
52 0.0025760089737234286
53 0.0027459567777155447
54 0.0027359522521583305
55 0.002934149733522772
56 0.0028998435208123395
57 0.003190442139285223
58 0.002954647670737864
60 0.0034634319022170826
