2 0.021674600549977528
3 0.013673800549977527
4 0.011015560895941606
5 0.008634147116564813
6 0.007273160549977526
7 0.006073040549977526
8 0.005472980549977526
9 0.005472980549977526
10 0.005472980549977526
11 0.005422332123888238
12 0.005474806029416669
13 0.005472980549977526
14 0.005489246292096225
15 0.005489246292096225
16 0.005489246292096225
17 0.005489246292096225
18 0.005489246292096225
19 0.005647449828361752
20 0.005689266292096226
21 0.005689266292096226
22 0.005689266292096226
23 0.005689266292096226
24 0.005689266292096226
25 0.005873020549977526
26 0.005873020549977526
27 0.005689266292096226
28 0.005689266292096226
29 0.005689266292096226
30 0.005689266292096226
31 0.005689266292096226
32 0.005889286292096225
33 0.005699761889022902
34 0.005899781889022902
35 0.005899781889022902
36 0.006099801889022902
37 0.006289733941019109
38 0.006289733941019109
39 0.006489753941019109
40 0.006689773941019109
41 0.006689773941019109
42 0.007489853941019109
43 0.007689873941019109
44 0.00828993394101911
45 0.00848995394101911
46 0.00848995394101911
47 0.00848995394101911
48 0.010075131451905334
49 0.010075131451905334
50 0.010075131451905334
