7 0.0022224085889952037
8 0.001745784188420032
9 0.0016873438010097709
10 0.0014275803781719511
11 0.0014223285889952036
12 0.0012854653265408817
13 0.0012854653265408817
14 0.0011457241884200318
15 0.0011457241884200318
16 0.0011115762256207647
17 0.0010622223295279959
18 0.0010222885889952034
19 0.0010222885889952034
20 0.0010222885889952034
21 0.0010222885889952034
22 0.0010921787112516809
23 0.0010921787112516809
24 0.0012854653265408817
25 0.0016223485889952035
26 0.0012625579573785472
27 0.00185847554042988
