45 0.00202204779462532
46 0.0018153930851735889
47 0.00202204779462532
48 0.0018103032297036095
49 0.0018103032297036095
50 0.0016112249188558621
51 0.0016112249188558621
52 0.0016172819885691518
53 0.0016112249188558621
54 0.00142198779462532
55 0.0014203127414971247
56 0.0014203127414971247
57 0.0014203127414971247
58 0.0014198691159407598
59 0.0014202915231935872
60 0.0014188020821744958
61 0.001416607426117596
62 0.001416607426117596
63 0.0014153530851735887
64 0.0014153530851735887
65 0.0014153530851735887
66 0.0014153530851735887
67 0.0012236416519992293
68 0.0012225824128672196
69 0.0012225824128672196
70 0.0012187820821744958
71 0.001216587426117596
72 0.001216587426117596
73 0.001216587426117596
74 0.001216587426117596
75 0.001216587426117596
76 0.001216587426117596
77 0.001216587426117596
78 0.0012102432297036094
79 0.0012102432297036094
80 0.0012102432297036094
81 0.0012102432297036094
82 0.0012111475294963978
83 0.0012111475294963978
84 0.0012111475294963978
85 0.0012111475294963978
86 0.0012111475294963978
87 0.0012191032121627358
88 0.0014102421377264111
89 0.001016567426117596
90 0.001016567426117596
91 0.001016567426117596
92 0.001016567426117596
93 0.001016567426117596
94 0.001016567426117596
95 0.001016567426117596
96 0.001016567426117596
97 0.001016567426117596
98 0.001016567426117596
99 0.0010244212924244195
100 0.001016567426117596
101 0.001016567426117596
102 0.001016567426117596
103 0.001016567426117596
104 0.001016567426117596
105 0.0010244212924244195
106 0.0010244212924244195
107 0.0010244212924244195
108 0.0012049042951389176
109 0.0012184391715480665
110 0.001210306116364553
111 0.001218865636151218
112 0.0012038874296812223
113 0.0012038874296812223
114 0.0012038874296812223
115 0.0012038874296812223
116 0.0014118289450387462
117 0.0014180005905346832
118 0.0016107852163427421
