9 0.0042857922307746425
10 0.0034890259357875835
11 0.002889314224243166
12 0.0026632416928579115
13 0.0028149928770339603
14 0.002485612230774642
15 0.0022892542242431663
16 0.0022892542242431663
17 0.002026074776341701
18 0.0018680661040847808
19 0.0018134093842225813
20 0.0016888459357875829
21 0.0016888459357875829
22 0.0016888459357875829
23 0.001641116043466304
24 0.0016260347763417007
25 0.0014934621394000927
26 0.0016260347763417007
27 0.001685805924041189
28 0.001667219503268141
29 0.0014931483565921192
30 0.001489801439732293
31 0.001489801439732293
32 0.0014860833031563247
33 0.0014860833031563247
34 0.001461597957024975
35 0.001461597957024975
36 0.0012761228033691427
37 0.0012761228033691427
38 0.001247959332857668
39 0.0012761228033691427
40 0.001257759462952591
41 0.001257759462952591
42 0.001257759462952591
43 0.001257759462952591
44 0.001257759462952591
45 0.001257759462952591
46 0.001257759462952591
47 0.0012793456274536733
48 0.0012793456274536733
49 0.0014461203656593326
50 0.0012879285725073187
51 0.0016230355355564842
53 0.0012854922307746419
54 0.0012854922307746419
