1 0.04132493842225811
2 0.0206878893341838
3 0.014479464601312374
4 0.011030619114109663
5 0.00887451056209468
6 0.007473272052290257
7 0.0065391130457539744
8 0.0057854913791161346
9 0.005137874535949552
10 0.004614779570249748
11 0.0042037155294132695
12 0.003973267906149267
13 0.003661275703620726
14 0.0033685610216662
15 0.003203616240668136
16 0.0029629698660692955
17 0.0028024770196088465
18 0.0026924327358941592
19 0.0025396884566308247
20 0.0024794963053354864
21 0.0023705368282153716
22 0.002278887242346588
23 0.0022087771175054375
24 0.002105350638541375
25 0.001973368557600371
26 0.0019154025711328967
27 0.0018964294625722971
28 0.00183832571064568
29 0.0017949551572627727
30 0.0017343691888329574
31 0.0016915821422259368
32 0.0016842805108331
33 0.0016329788541484802
34 0.0014569977721235667
35 0.0014453805550499598
36 0.0014310946144164434
37 0.0014037183122543417
38 0.00137874428298426
39 0.0013673323454079529
40 0.0013673323454079529
41 0.0013462163679470796
42 0.0013236742936931596
43 0.0013043965640603583
44 0.0012740627485355932
45 0.0012686866066694525
46 0.001263210383124825
47 0.0012441986311018812
48 0.0012397481526677432
49 0.001237631536431824
50 0.0009895519720620235
51 0.0009866842788001855
52 0.000980270274863253
53 0.0009781084484863324
54 0.000978012044510712
55 0.0009719266063126495
56 0.0009707844615492835
57 0.0009577012855664483
58 0.000954063076277629
59 0.0009482147312861486
60 0.0009358122081695611
61 0.0009264335309883447
62 0.0009213894409086214
63 0.00091916285532284
64 0.0009153189259051816
65 0.0009143131902433963
66 0.000909146162569194
67 0.0009036758088655002
68 0.0008983662261069425
69 0.0008974775786313863
70 0.0008959206964037358
71 0.0008957186657153357
72 0.0008920007313186651
73 0.0008835108470021751
74 0.000882449529128773
75 0.0008695977093735722
76 0.0008671845944164787
77 0.0008621115392379302
78 0.0008606843797122512
79 0.0008517895526834016
80 0.0008493751656903955
81 0.0008465628188769415
82 0.0008457910711129684
83 0.0008441255990170359
84 0.0008424979118917247
85 0.0008424755262899169
86 0.0008421424595097243
87 0.00084214025541655
88 0.0008385945413197044
89 0.0008378374863314145
90 0.0008358532621617815
91 0.0008317873489220457
92 0.0008302133929663193
93 0.0008294657540679208
94 0.000827515573367352
95 0.0008274665024603778
96 0.000826498768445162
97 0.0008250876909545494
98 0.0008250162126086636
99 0.0008164894270742401
100 0.0004986562958007265
