43 0.001407458651517942
44 0.0012217478675383723
45 0.0012206298796473996
46 0.0012099255635515697
47 0.0012091929283657692
48 0.0012099255635515697
49 0.0012059227431860952
50 0.0012054394964514574
51 0.0012064577443836057
52 0.001207438651517942
53 0.0010209892015183705
54 0.0010205371683177863
55 0.0010221139475156333
56 0.0010167218610352344
57 0.0010137263194378982
58 0.0010123349459553851
59 0.0010120626162212095
60 0.0010102021377264112
61 0.0010087021204812033
62 0.0010086545433764657
63 0.0010082807750956522
64 0.0010070211955983416
65 0.001006194861601388
66 0.0010054194964514574
67 0.0010084740863975628
68 0.0008225424128672195
69 0.000822377600390616
70 0.0008220939475156332
71 0.000821111734470046
72 0.0008204167662429621
73 0.0008193218751969697
74 0.0008190632121627357
75 0.0008187420821744958
76 0.0008180130622886156
77 0.0008179867059921852
78 0.0008165068986618144
79 0.0008162359972735689
80 0.0008151299421843201
81 0.0008149123900982276
82 0.0008137063194378981
83 0.0008134473177898367
84 0.0008107608933363172
85 0.0008102032297036094
86 0.000810182137726411
87 0.0008096999555489905
88 0.000809335541882541
89 0.0008086821204812032
90 0.0008085434243871425
91 0.0008081621485843862
92 0.0008075258449738408
93 0.0008070011955983417
94 0.0008070011955983417
95 0.0008064011227981562
96 0.0008061877833919505
97 0.0008061352252744927
98 0.0008053994964514575
99 0.0008038474296812221
100 0.0006246879764357016
101 0.0006243809631686918
102 0.0006238909012114774
103 0.0006235816519992294
104 0.0006228005136881355
105 0.0006221501475056073
106 0.0006220739475156332
107 0.0006217483017319109
108 0.0006213051271486933
109 0.0006212739975611463
110 0.000621091734470046
111 0.0006209492015183705
112 0.0006202327414971246
113 0.00061978911594076
114 0.0006193018751969697
115 0.0006189994322088985
116 0.0006189531652994346
117 0.000618456036491703
118 0.0006183791715480665
119 0.0006179667059921852
120 0.0006179205905346831
121 0.0006176698610213052
122 0.0006171192039384663
123 0.0006169510241632571
124 0.0006166818610352342
125 0.0006165894198496488
126 0.0006164868986618144
127 0.0006162329701758806
128 0.0006152730851735887
129 0.0006151099421843201
130 0.0006148923900982276
131 0.0006143771535769398
132 0.000614149753757925
133 0.0006134273177898367
134 0.0006133588290894482
135 0.0006133083865394266
136 0.0006133083865394266
137 0.0006129057928249699
138 0.0006127610108817043
139 0.0006123711998738777
140 0.0006120226162212094
141 0.0006118661413249374
142 0.0006118540765928845
143 0.0006117489450387463
144 0.0006114076777851495
145 0.0006111249188558621
146 0.0006107628534061216
147 0.0006105233737749527
148 0.0006102953134533788
149 0.0006102461163645529
150 0.0006101832297036095
151 0.000610162137726411
152 0.0006100457889772754
153 0.0006100429643686141
154 0.0006099764285318122
155 0.0006099576216032918
156 0.0006097856930042775
157 0.0006096799555489905
158 0.0006097856930042775
159 0.0006096799555489905
160 0.0006094378899291011
161 0.0006093276237265442
162 0.000609315541882541
163 0.000608835859892966
164 0.0006088248634835582
165 0.0006087240702991798
166 0.0006086621204812032
167 0.0006086145433764657
168 0.0006085234243871425
169 0.0006084340863975629
170 0.0006083945731298051
171 0.0006082407750956523
172 0.0006081421485843862
173 0.0006080572730842782
174 0.0006077962044552041
175 0.0006077474704325675
176 0.0006075067587887503
177 0.0006075058449738408
178 0.0006073786515179418
179 0.0006071854516705869
180 0.0006069811955983417
181 0.0006063977443836056
182 0.0006063811227981562
183 0.0006062424831520128
184 0.0006061677833919505
185 0.000606154861601388
186 0.0006061152252744927
187 0.0006059246084983003
188 0.0006058627431860952
189 0.0006057755152726215
190 0.0006056734132745192
191 0.0006053794964514575
192 0.0006053162122966079
193 0.0006048442951389174
195 0.0006045900627782016
