6 0.0016572058668133296
7 0.00147852094144372
8 0.0013027985557975512
9 0.0012551575748742257
10 0.0011027785557975512
11 0.0010564243821514982
12 0.001041794175524068
13 0.0010075913856411917
14 0.0008989706402528563
15 0.0008707416588079934
16 0.000850341814994688
17 0.0008417741755240678
18 0.000819439205259511
19 0.000819439205259511
20 0.0008045361133123006
21 0.0007039744220345336
22 0.0006813010056463632
23 0.0006624306773325224
24 0.0006624306773325224
25 0.0006603375472962967
26 0.0006571058668133295
27 0.000656384382151498
28 0.0006550975748742257
29 0.000650321814994688
30 0.0006417541755240679
31 0.00063991618988344
32 0.0006377486449044125
33 0.0006375169472683447
34 0.0006271388265061499
35 0.0006194192052595111
36 0.0006501989417052733
