1 0.08567215749798765
2 0.04240771796150389
3 0.02971008134724825
4 0.022274760949476793
5 0.018237794950315026
6 0.01537834644480111
7 0.013181439809829524
8 0.011423914501852254
9 0.010077692752583179
10 0.009205940699147345
11 0.008264390370437419
12 0.007766656282057869
13 0.00692441998574767
14 0.006770824246800635
15 0.006272908229172019
16 0.006272908229172019
17 0.006272908229172019
18 0.006272908229172019
19 0.006272908229172019
20 0.006272908229172019
21 0.006272908229172019
22 0.006272908229172019
23 0.006272908229172019
24 0.006272908229172019
25 0.006272908229172019
26 0.006272908229172019
27 0.006272908229172019
28 0.006272908229172019
29 0.006272908229172019
30 0.006272908229172019
31 0.006272908229172019
32 0.006272908229172019
33 0.006272908229172019
34 0.006272908229172019
35 0.006272908229172019
36 0.006272908229172019
37 0.006272908229172019
38 0.006272908229172019
39 0.006272908229172019
40 0.006272908229172019
41 0.006272908229172019
42 0.006272908229172019
43 0.006272908229172019
44 0.006272908229172019
45 0.006272908229172019
46 0.006272908229172019
47 0.006425411812349074
48 0.006443745823114196
49 0.006934785045941676
50 0.008668094837997851
51 0.008907447515624755
52 0.009342789002167314
53 0.009342789002167314
55 0.015496343893029712
57 0.011866628768517247
