1 0.08166226362461182
2 0.040861914161812785
3 0.029011959054887078
4 0.022065433647378903
5 0.017965697997414598
6 0.015184505602081849
7 0.01265765086181483
8 0.011265923511222017
9 0.010381746738960609
10 0.009398120796731241
11 0.008586796795027891
12 0.007925914388444283
13 0.007354094339244355
14 0.006737064710031132
15 0.006373323171720803
16 0.0057941312349115105
17 0.005663129642786815
18 0.005305309041638268
19 0.0051011529735245625
20 0.004837472611914852
21 0.004837472611914852
22 0.004862819386018933
23 0.004837472611914852
24 0.004837472611914852
25 0.004862819386018933
26 0.004984565921397319
27 0.004847826886762422
28 0.0051011529735245625
29 0.0051011529735245625
30 0.0051011529735245625
31 0.005195750510100313
32 0.005279405562702604
33 0.005457663893946129
34 0.00548204293140801
35 0.005729249957082863
36 0.00591148857231877
37 0.005941754062691389
38 0.005963962709023823
39 0.006059622266852774
40 0.006121817995049499
41 0.006175576883479299
42 0.006494608602720064
43 0.006650621259131552
44 0.0069783922899562464
45 0.007891862182223354
46 0.007354094339244355
47 0.007126865141167657
48 0.007398728544935697
49 0.008952046887905926
50 0.007894271999900962
51 0.008957339864574821
52 0.010044024873540528
53 0.012266318940710681
