29 0.01045373908425917
30 0.010286118198878891
31 0.01003367268762512
32 0.01003367268762512
33 0.01003367268762512
34 0.010049340901721554
35 0.008651647076430714
36 0.008651647076430714
37 0.008651647076430714
38 0.008651647076430714
39 0.008651647076430714
40 0.008651647076430714
41 0.00853750499701331
42 0.00853750499701331
43 0.00853750499701331
44 0.009416036620162662
45 0.008764217377284106
46 0.008764217377284106
47 0.008764217377284106
48 0.008764217377284106
49 0.009486116663348122
50 0.012585712443733256
51 0.009486116663348122
52 0.012444927481260915
53 0.014060986956471708
54 0.00996042249651553
