81 0.0062082726591830215
82 0.0058082326591830215
83 0.005408192659183022
84 0.005408192659183022
85 0.005008152659183022
86 0.005008152659183022
87 0.005008152659183022
88 0.004808132659183022
89 0.004608112659183022
90 0.004408092659183022
91 0.004408092659183022
92 0.005008152659183022
93 0.004608112659183022
94 0.004808132659183022
95 0.004808132659183022
96 0.005408192659183022
97 0.005008152659183022
98 0.004808132659183022
99 0.006808332659183022
100 0.004808132659183022
101 0.006008252659183022
102 0.005008152659183022
103 0.005408192659183022
104 0.005208172659183022
105 0.005208172659183022
106 0.0062082726591830215
107 0.0012077726591830213
108 0.0012077726591830213
109 0.0012077726591830213
110 0.0012050525110501727
111 0.0012050525110501727
112 0.0012050525110501727
113 0.0012050525110501727
114 0.0012050525110501727
115 0.0012050525110501727
116 0.0012050525110501727
117 0.0012050525110501727
118 0.0010077526591830213
119 0.0010055727965908089
120 0.0010055727965908089
121 0.0010103419229143206
122 0.0010218106085414936
123 0.0008202008210282331
124 0.0008202008210282331
125 0.0008202008210282331
126 0.0008207582693758003
127 0.0008207582693758003
128 0.0010089686855288785
129 0.0010165147602272033
130 0.00101201180298389
131 0.0010122215191436144
132 0.0012047461452760453
133 0.0010219240221145149
134 0.0012127602160597684
