1 0.008257144382151499
2 0.004303098555797551
3 0.0030098700767706797
4 0.0023028985557975515
5 0.0020097700767706794
6 0.001655119220537138
7 0.0014551775748742257
8 0.0014097100767706794
9 0.0012550792205371381
10 0.0011027785557975512
11 0.0010551375748742257
12 0.0010158320960672435
13 0.0010045561133123007
14 0.0009031020539258278
15 0.0008784609414437198
16 0.0008551175748742257
17 0.0008377686449044124
18 0.0008158120960672435
19 0.0008075713856411917
20 0.0007132225409493835
21 0.0006989506402528563
22 0.0006816162081312949
23 0.000663086626721804
24 0.0006624306773325224
25 0.0006603375472962967
26 0.0006571058668133295
27 0.000656384382151498
28 0.0006550975748742257
29 0.000650321814994688
30 0.0006417541755240679
31 0.00063991618988344
32 0.0006377486449044125
33 0.0006375169472683447
34 0.0006271388265061499
35 0.0006194192052595111
36 0.0006550192205371382
