6 0.009367538775250265
11 0.005880159616598895
16 0.004478593328576679
21 0.003968784391196738
26 0.003340921016112822
31 0.0029686559161860708
34 0.005463243370955242
36 0.002466710697000464
37 0.0040426480174812415
38 0.0031934210175995964
39 0.004293283843249331
40 0.0029340361335321364
41 0.0023966262763749397
42 0.0029799509296119502
43 0.0032659577082969605
44 0.0024059884013314867
45 0.0025045502280772176
46 0.0023966262763749397
47 0.002798383605651693
48 0.002507251381002623
49 0.0024335910218310367
50 0.0019866339530746333
51 0.0024451247779356433
52 0.0024451247779356433
53 0.0038339650196293866
54 0.0028183679105071623
55 0.007888453705473907
