65 0.007422953920190319
66 0.005813721422100797
67 0.0058102326981715096
68 0.0058102326981715096
69 0.0058102326981715096
70 0.0058102326981715096
71 0.0058102326981715096
72 0.00560456318297819
73 0.00560456318297819
74 0.00560456318297819
75 0.00560456318297819
76 0.00560456318297819
77 0.006004753273462993
78 0.006604813273462994
79 0.006206092796590809
80 0.005822793920190319
81 0.00640464318297819
82 0.0060052865729368745
83 0.006406624005318278
84 0.005822793920190319
85 0.004805952796590809
86 0.004805952796590809
87 0.004805952796590809
88 0.004805952796590809
89 0.004413581422100798
90 0.004413581422100798
91 0.004413581422100798
92 0.004009791964204023
93 0.004009791964204023
94 0.004009791964204023
95 0.004009791964204023
96 0.004009791964204023
97 0.004009791964204023
98 0.004009791964204023
99 0.0042044231829781896
100 0.0042044231829781896
101 0.0042044231829781896
102 0.0042044231829781896
103 0.0042044231829781896
104 0.0042044231829781896
105 0.0042044231829781896
106 0.0042044231829781896
107 0.0042044231829781896
108 0.0042044231829781896
109 0.0042044231829781896
110 0.0042044231829781896
111 0.0042044231829781896
112 0.0042044231829781896
113 0.005213586498966044
114 0.006011822326076881
115 0.0042163328265377165
116 0.0042163328265377165
117 0.006008252659183022
118 0.0052124125219249196
119 0.005810801335712684
120 0.006807514004494609
121 0.00520884124991327
122 0.005420394020020434
123 0.007406198917363093
124 0.005809371861574609
125 0.005420381373196559
126 0.0070074020531805245
