11 0.002881345611868676
12 0.003089456518302942
13 0.0024893965183029423
14 0.0024854166000791147
15 0.002431562906452827
16 0.002258398608819612
17 0.0020855695966164305
18 0.0020886705561256793
19 0.0020129462792223387
20 0.001897920320273941
21 0.0018129262792223387
22 0.0016670839088761247
23 0.0016465893316885449
24 0.0014998120719438733
25 0.0014465693316885449
26 0.0014467227941971418
27 0.0014206197929481814
28 0.0014206197929481814
29 0.0012670439088761248
30 0.0012670439088761248
31 0.0012661349984430532
32 0.0012481532758262495
33 0.0012481532758262495
34 0.0012661349984430532
35 0.0012854895966164302
36 0.0012885905561256794
37 0.0012809411730723384
38 0.0012809411730723384
39 0.0012809411730723384
40 0.0010763295443864138
41 0.0010763295443864138
42 0.0010763295443864138
43 0.0010763295443864138
44 0.0010763295443864138
45 0.0010763295443864138
46 0.0010763295443864138
47 0.0010763295443864138
48 0.0012852966000791149
49 0.0012852966000791149
50 0.0012852966000791149
51 0.0012852966000791149
52 0.0012852966000791149
53 0.0012852966000791149
