24 0.004497228647494858
25 0.003948645884092098
26 0.003894142656228664
27 0.003396376200553803
28 0.0024067886868765088
29 0.002395513440487188
30 0.002349251156617655
31 0.0022961108085813205
32 0.0022870329408239227
33 0.0022140432274400166
34 0.0022140432274400166
35 0.0022140432274400166
36 0.0022140432274400166
37 0.0019028896012381912
38 0.0018668167734340415
39 0.0018668167734340415
40 0.0019028896012381912
41 0.0019028896012381912
42 0.0019028896012381912
43 0.0019028896012381912
44 0.0019028896012381912
45 0.001904998177545655
46 0.001904998177545655
47 0.001904998177545655
48 0.001904998177545655
49 0.001904998177545655
50 0.0019407864003164591
51 0.0019407864003164591
52 0.0019407864003164591
53 0.0019848470324054313
54 0.002165375634614633
55 0.0028016634532567492
57 0.0027873266365751885
