60 0.0010115630589244745
61 0.0010108467379223434
62 0.0010108467379223434
63 0.0010064539872066897
64 0.001007982781992934
65 0.0010079988176769565
66 0.0010041031829781896
67 0.0008248635124858266
68 0.0008243768065330104
69 0.0008227915878650537
70 0.0008207582693758003
71 0.0008204506783976971
72 0.0008200470318670222
73 0.0008195441058540362
74 0.0008188556883875041
75 0.0008165973999273944
76 0.0008160241746764044
77 0.0008159928265377161
78 0.0008160241746764044
79 0.000815655813081457
80 0.0008144083724143342
81 0.0008125236531605501
82 0.0008107849286193185
83 0.0008103964761343666
84 0.0008103013357126842
85 0.0008098458666740429
86 0.0008084012499132694
87 0.0008081508403959272
88 0.0008079627819929341
89 0.0008072567451617621
90 0.0008065025655178143
91 0.0008064304387084412
92 0.0008063082641572188
93 0.000806225619146202
94 0.0008057144751497947
95 0.0008056391351896808
96 0.0008055389173630919
97 0.0008047061452760453
98 0.0008041973692760506
99 0.0008040887813621408
100 0.0006248435124858266
101 0.000624067537383271
102 0.0006238384929420939
103 0.0006233729490645757
104 0.0006227715878650538
105 0.0006224320707213601
106 0.0006224210335142458
107 0.0006219485056035288
108 0.000620969829083986
109 0.0006207382693758003
110 0.0006201808210282332
111 0.0006199013731965587
112 0.000619085401586452
113 0.0006188262895831492
114 0.0006180303402294714
115 0.0006175568205152627
116 0.0006171264030840201
117 0.0006165773999273945
118 0.0006164747602272031
119 0.0006157745818532372
120 0.0006148801038061069
121 0.0006148243863009321
122 0.0006148243863009321
123 0.0006146131995398759
124 0.0006143203517914765
125 0.0006140359887866521
126 0.0006138457541319402
127 0.0006132383925376787
128 0.0006132014221007972
129 0.0006131264989660437
130 0.0006130351694499168
131 0.0006128039440779846
132 0.0006124298456722512
133 0.0006118852783866483
134 0.0006115225177356857
135 0.0006113409560719922
136 0.0006111721395475871
137 0.0006109018949270503
138 0.0006108067379223433
139 0.000610770589531031
140 0.000610408115149816
141 0.0006103764761343667
142 0.000610408115149816
143 0.000610408115149816
144 0.0006103128652914572
145 0.0006102813357126843
146 0.0006098258666740429
147 0.0006098258666740429
148 0.0006098621297680247
149 0.0006089286855288784
150 0.0006089286855288784
151 0.0006089286855288784
152 0.0006094418684471698
153 0.0006093616561206092
154 0.0006094519642040226
155 0.0006103764761343667
156 0.0008048732779487465
157 0.000804191439593946
158 0.0008056391351896808
