15 0.008867379673811697
16 0.007693458769157413
17 0.007693458769157413
18 0.007168852413219989
19 0.007030385506862429
20 0.007030385506862429
21 0.007168852413219989
22 0.007168852413219989
23 0.007168852413219989
24 0.007665643009559003
25 0.007815848898010867
26 0.00745655997508885
27 0.006785230941544921
28 0.006785230941544921
29 0.006901791824785631
30 0.006901791824785631
31 0.006901791824785631
32 0.006901791824785631
33 0.006901791824785631
34 0.007136781458291195
35 0.007136781458291195
36 0.007209307875391478
37 0.007136781458291195
38 0.007443176371520367
39 0.007394776955127463
40 0.007394776955127463
41 0.007394776955127463
42 0.008435599887723083
43 0.00818699882694035
44 0.009093256513835513
45 0.008197364496165736
46 0.00957464512221059
47 0.01050467908733423
48 0.008359113503465763
49 0.010813789179716725
51 0.010718804964190223
