1 0.008416812586474696
2 0.004416412586474697
3 0.0030728457245918508
4 0.002472785724591851
5 0.0020707670679429224
6 0.0017577495031467901
7 0.0015577295031467902
8 0.0014707070679429225
9 0.0013403799588126556
10 0.0012091247800398493
11 0.0011403599588126557
12 0.001092245982950694
13 0.001049245326331273
14 0.0009778146405912723
15 0.0009536795103313512
16 0.0009279775723052496
17 0.0008726257245918508
18 0.0008503194593696359
19 0.0008209476394775957
20 0.000816052586474696
21 0.0008090847800398492
22 0.0007629544144096055
23 0.0007536595103313512
24 0.0007112361570309985
25 0.0007060980022080597
26 0.0006958165538128226
27 0.0006955958155788174
28 0.0006955958155788174
29 0.0007005341881261887
30 0.0012051918830810876
