6 0.2616868723232234
7 0.1452360260987059
8 0.13053760416942162
9 0.07903254790938447
10 0.07342740234529965
11 0.07342740234529965
12 0.07481855889933334
13 0.08142019644927452
14 0.08158600260588851
15 0.08158600260588851
16 0.08158600260588851
17 0.08158600260588851
18 0.07342740234529965
19 0.07342740234529965
20 0.07342740234529965
21 0.07342740234529965
22 0.07342740234529965
23 0.07342740234529965
24 0.07342740234529965
25 0.07342740234529965
26 0.07342740234529965
27 0.07342740234529965
28 0.07342740234529965
29 0.07342740234529965
30 0.07342740234529965
31 0.07342740234529965
32 0.07342740234529965
33 0.07342740234529965
34 0.07494683323543962
35 0.07853146327228347
36 0.07481855889933334
37 0.0751561947258309
38 0.08362074229925491
39 0.08142019644927452
40 0.09022237984919608
41 0.09902456324911765
42 0.09242292569917648
43 0.08188768187088195
44 0.10064452216800106
45 0.10470861769637795
46 0.10470861769637795
47 0.10470861769637795
48 0.1127595763274138
49 0.11784358350683848
50 0.1260561427305393
51 0.1260561427305393
52 0.40230676175421387
53 0.40230676175421387
54 0.40230676175421387
55 0.40230676175421387
56 0.40230676175421387
57 0.36518488432000723
58 0.40230676175421387
60 0.40767071047556325
61 0.40230676175421387
