1 0.0835366063191176
2 0.04483455569449855
3 0.030490861306477927
4 0.023077384089583944
5 0.01848252611122673
6 0.015445409668511604
7 0.013442854675440319
8 0.012052299917875955
9 0.010368246355078409
10 0.009420330017900418
11 0.008842784838198215
12 0.008006439378018919
13 0.007368987365165179
14 0.006877721540820834
15 0.006368068125940422
16 0.006130727012257729
17 0.00565248410073796
18 0.005614044556047108
19 0.005232090656362045
20 0.005100980842182487
21 0.005100980842182487
22 0.005100980842182487
23 0.005100980842182487
24 0.005100980842182487
25 0.005100980842182487
26 0.005100980842182487
27 0.005100980842182487
28 0.005100980842182487
29 0.005100980842182487
30 0.005100980842182487
31 0.005217385736821354
32 0.005386312080786691
33 0.005623084339916832
34 0.005623084339916832
35 0.005663526020369108
36 0.005663526020369108
37 0.006108341368243234
38 0.006130727012257729
39 0.006108341368243234
40 0.006108341368243234
41 0.006108341368243234
42 0.006108341368243234
43 0.006108341368243234
44 0.006108341368243234
45 0.006114566483474424
46 0.006114566483474424
47 0.006354790315514322
48 0.006593598396569637
49 0.0067784430032152765
50 0.008150426964082209
51 0.0075366454676506125
52 0.009229412953597605
53 0.009761063157235211
54 0.010198089688496805
55 0.008680685498729919
58 0.015070944711565025
