32 0.0018988162958007266
33 0.0018988162958007266
34 0.0014948959860310118
35 0.0014410960434663041
36 0.0014410960434663041
37 0.0014410960434663041
38 0.00129486724661516
39 0.0012492831130534714
40 0.0012488387893156933
41 0.001089761439732293
42 0.001089761439732293
43 0.001089761439732293
44 0.0010896146977087853
45 0.0010896146977087853
46 0.0010891342242431662
47 0.0010896146977087853
48 0.0010896146977087853
49 0.001223381409438471
50 0.0012229955355564843
51 0.0014337122972082395
52 0.0016774144308732604
53 0.0012901133013832411
54 0.0014868382043662074
