6 0.0027134225409493834
7 0.0016551975748742257
8 0.0016158920960672434
9 0.0016076513856411916
10 0.0012551575748742257
11 0.00123997618988344
12 0.0010707616588079933
13 0.0010375569472683447
14 0.0010158320960672435
15 0.0010158320960672435
16 0.0008989706402528563
17 0.0008784609414437198
18 0.0008399361898834399
19 0.0008375369472683447
20 0.0008096500767706794
21 0.0008096500767706794
22 0.0008075713856411917
23 0.0008271588265061499
24 0.0010096700767706795
25 0.0009119641937532575
26 0.0011867111812079352
