17 0.010176185673898906
18 0.007957122416978142
19 0.007957122416978142
20 0.0084257289442013
21 0.0084257289442013
22 0.007279117772294059
23 0.007279117772294059
24 0.007279117772294059
25 0.007279117772294059
26 0.007279117772294059
27 0.006308568735988186
28 0.00625185689602142
29 0.00625185689602142
30 0.00625185689602142
31 0.00625185689602142
32 0.00625185689602142
33 0.00625185689602142
34 0.006443204486742172
35 0.006732768964946144
36 0.006732768964946144
37 0.006793843254141122
38 0.0070493288034182144
39 0.006886938384230688
40 0.006817341384190949
41 0.007393186338572095
42 0.007293221534614201
43 0.006793673432306588
44 0.006793673432306588
45 0.006793673432306588
46 0.006793673432306588
47 0.007293221534614201
48 0.006793673432306588
49 0.006793673432306588
50 0.0068266442110638675
51 0.008521662043452644
52 0.007801879098358706
53 0.012375075920016673
54 0.010727830566464844
