15 0.007689683934165546
16 0.007689683934165546
17 0.005282975034589584
18 0.005082955034589584
19 0.005082955034589584
20 0.005082955034589584
21 0.004647349828361752
22 0.004089106292096225
23 0.004089106292096225
24 0.004089106292096225
25 0.004089106292096225
26 0.004089106292096225
27 0.004264115126592897
28 0.004489146292096226
29 0.004489146292096226
30 0.004489146292096226
31 0.0044860173565184226
32 0.004489146292096226
33 0.004489146292096226
34 0.004489146292096226
35 0.004489146292096226
36 0.004489146292096226
37 0.004489146292096226
38 0.004489146292096226
39 0.004489146292096226
40 0.004489146292096226
41 0.004489146292096226
42 0.004489146292096226
43 0.0046891662920962255
44 0.0046891662920962255
45 0.0046891662920962255
46 0.004689383934165546
47 0.0052860973565184224
48 0.005683015034589584
49 0.006283075034589584
50 0.006861001848264276
51 0.007684838030243351
