6 0.002340996314846024
7 0.0016873438010097709
8 0.0016859320134868514
9 0.0014171661389345554
10 0.001365662215456232
11 0.0012223085889952034
12 0.001165642215456232
13 0.0011457241884200318
14 0.001133557877528728
15 0.001133557877528728
16 0.001287303801009771
17 0.001287303801009771
18 0.001287303801009771
19 0.001287303801009771
20 0.0013005829246791863
21 0.0014625779573785472
22 0.0014223285889952036
23 0.0016189808335183905
24 0.0016189808335183905
25 0.00225851554042988
26 0.001692238711251681
27 0.00205849554042988
