60 0.007022388301731912
61 0.006222308301731911
62 0.006022288301731912
63 0.005822268301731911
64 0.005820327843047542
65 0.005820327843047542
66 0.005820327843047542
67 0.005820327843047542
68 0.005820327843047542
69 0.005820327843047542
70 0.005820327843047542
71 0.005820327843047542
72 0.005820327843047542
73 0.005820327843047542
74 0.005820327843047542
75 0.006022288301731912
76 0.005820327843047542
77 0.006022288301731912
78 0.005822268301731911
79 0.006622348301731912
80 0.006422328301731912
81 0.004422128301731912
82 0.0044105632297036105
83 0.004422128301731912
84 0.0046221483017319116
85 0.00501246261622121
86 0.00501246261622121
87 0.00501246261622121
88 0.00501246261622121
89 0.0054222283017319114
90 0.006422328301731912
91 0.0054222283017319114
92 0.00522404165199923
93 0.0054222283017319114
94 0.0054222283017319114
95 0.006806482743186095
96 0.0068088607750956525
97 0.006622348301731912
98 0.006613723549937953
99 0.007422428301731912
100 0.00681264261622121
101 0.007822468301731911
102 0.007022388301731912
103 0.006807805451670587
104 0.006022288301731912
105 0.007607081122798156
106 0.007218580590534683
107 0.0062092221204812035
108 0.0052098978899291016
109 0.0052098978899291016
110 0.0052098978899291016
111 0.0052098978899291016
112 0.005421753997561146
113 0.005421753997561146
114 0.00602239914694329
115 0.006210855313453379
116 0.007004011538085918
117 0.006409907623726545
118 0.006015432390098228
119 0.006411320893336318
120 0.006409712928365769
121 0.009218111304331325
122 0.005818976036491703
123 0.008025178955625323
124 0.008210802964368614
125 0.00901286261622121
126 0.009421091523193589
127 0.005617181861035235
129 0.009422846517092494
