26 0.016900316295800726
27 0.016900316295800726
28 0.016900316295800726
29 0.016900316295800726
30 0.010885600502117577
31 0.010885600502117577
32 0.011085620502117578
33 0.011085620502117578
34 0.011085620502117578
35 0.010685580502117577
36 0.010885600502117577
37 0.009885500502117577
38 0.009885500502117577
39 0.009685480502117576
40 0.009885500502117577
41 0.010285540502117578
42 0.010885600502117577
43 0.010685580502117577
44 0.011285640502117578
45 0.010885600502117577
46 0.011285640502117578
47 0.011285640502117578
48 0.011085620502117578
49 0.017300356295800727
52 0.020100636295800726
