79 0.0054222283017319114
80 0.005822268301731911
81 0.004822168301731912
82 0.0046221483017319116
83 0.0046221483017319116
84 0.0046221483017319116
85 0.0046221483017319116
86 0.0046221483017319116
87 0.004422128301731912
88 0.004422128301731912
89 0.0046221483017319116
90 0.005822268301731911
91 0.006022288301731912
92 0.006022288301731912
93 0.0054222283017319114
94 0.005622248301731912
95 0.004422128301731912
96 0.004422128301731912
97 0.004222108301731912
98 0.001821868301731911
99 0.001621848301731911
100 0.001421828301731911
101 0.0014190331652994346
102 0.001221808301731911
103 0.001421828301731911
104 0.0012163823151101756
105 0.001221808301731911
106 0.0012163823151101756
107 0.0012163823151101756
108 0.001221808301731911
109 0.0012190131652994346
110 0.0012163823151101756
111 0.0012190131652994346
112 0.0012163823151101756
113 0.001221808301731911
114 0.0012190131652994346
115 0.0012190131652994346
116 0.0012163823151101756
117 0.0012163823151101756
118 0.0012126729895441013
119 0.0012163823151101756
120 0.0012075667587887503
121 0.0010180067059921854
122 0.0010153130851735888
123 0.0010163623151101756
124 0.0010126529895441013
125 0.0010126529895441013
126 0.0008213407454535606
127 0.0008213407454535606
128 0.0008213407454535606
129 0.0008217078675383724
130 0.0008217078675383724
131 0.001020955194478181
132 0.0010087021204812033
133 0.001010335313453379
134 0.0010150674181028602
