5 0.0020990906402528564
6 0.0018990706402528565
7 0.0015133025409493834
8 0.0014375969472683447
9 0.0012990106402528563
10 0.0011784563535571734
11 0.0010989906402528564
12 0.0010375569472683447
13 0.0010075913856411917
14 0.0009132425409493835
15 0.0008989706402528563
16 0.0008707416588079934
17 0.0008571258668133295
18 0.0008375369472683447
19 0.0008096500767706794
20 0.0008045361133123006
21 0.000739781855081963
22 0.0006816162081312949
23 0.0006784409414437198
24 0.0006689029710338636
25 0.0006603375472962967
26 0.0006571058668133295
27 0.000656384382151498
28 0.0006550975748742257
29 0.000650321814994688
30 0.0006417541755240679
31 0.00063991618988344
32 0.0006377486449044125
33 0.0006375169472683447
34 0.0006271388265061499
35 0.0006194192052595111
36 0.0006550192205371382
