7 0.017746082946193103
8 0.012932431557209283
9 0.008544410307426309
10 0.007229885644745339
11 0.006898193201383341
12 0.007160323052516505
13 0.007160323052516505
14 0.007160323052516505
15 0.007160323052516505
16 0.007160323052516505
17 0.007160323052516505
18 0.007160323052516505
19 0.007160323052516505
20 0.007811261511836187
21 0.008544410307426309
22 0.008376377458822628
23 0.010492591455504803
24 0.011332745973701201
25 0.011825474059514299
26 0.01281093023114049
27 0.020375132271555046
