37 0.0032168373999273943
38 0.0032168373999273943
39 0.003216069905112274
40 0.0032097119642040227
41 0.0028143801758852083
42 0.0028143801758852083
43 0.0028146083724143343
44 0.0026217194026224937
45 0.0026217194026224937
46 0.0026217194026224937
47 0.0026100621297680247
48 0.0026100621297680247
49 0.002607519733954323
50 0.00260661398720669
51 0.0026057990051263228
52 0.0024090318615746097
53 0.002409631964204023
54 0.002409631964204023
55 0.0024083703878778036
56 0.0024083030656849897
57 0.0024057790051263232
58 0.0024054265951250473
59 0.002225191547255441
60 0.002225191547255441
61 0.0022216794026224938
62 0.002221129829083986
63 0.002220590678397697
64 0.002220590678397697
65 0.002217722000553277
66 0.002217722000553277
67 0.002213572211443934
68 0.002214320175885208
69 0.002213572211443934
70 0.002209872698171509
71 0.002209611964204023
72 0.0022086341628902943
73 0.0022081027819929344
74 0.002207479733954323
75 0.002207479733954323
76 0.002207479733954323
77 0.002209985866674043
78 0.00221266365316055
79 0.002213572211443934
80 0.002213286498966044
81 0.002213572211443934
82 0.0022145483724143344
83 0.002220061373196559
84 0.002223532949064576
85 0.0024054265951250473
86 0.002409631964204023
87 0.0024165403956985126
88 0.002420610678397697
89 0.002606636884989282
90 0.002614813199539876
91 0.002604244947047536
92 0.002423526939997915
93 0.0024245368065330107
94 0.002424124803339558
95 0.0024242406233448864
96 0.0024242406233448864
97 0.0026096519642040228
98 0.002621169829083986
99 0.002621169829083986
100 0.0028079326591830215
101 0.002822831186251609
102 0.0028146083724143343
103 0.002820121373196559
104 0.002823592949064576
105 0.002823592949064576
106 0.002820650678397697
107 0.002823592949064576
108 0.0030168173999273943
109 0.0030066357106286567
110 0.0030066357106286567
111 0.0030066357106286567
112 0.0030054865951250473
113 0.00302107767665621
114 0.003208734162890294
115 0.0034082227819929346
116 0.0032242048033395577
117 0.0032082027819929342
118 0.0032082027819929342
119 0.003220690678397697
120 0.003611006319456009
121 0.003424636806533011
122 0.003410986319456009
123 0.0034105613357126845
124 0.005006850438708441
125 0.0048111905895310315
127 0.01002439138059552
132 0.0040186011348236905
133 0.007206621929697227
