41 0.0012241992279879803
42 0.0012239512166076813
43 0.0012188564952481454
44 0.001221669780983439
45 0.0014075584746548195
46 0.0012096800594522073
47 0.0012093676831873542
48 0.0012078682540510616
49 0.0012055406340251071
50 0.0010241792279879803
51 0.0010213924763563076
52 0.0010204177552981292
53 0.0012043784812713382
54 0.0010136369685910817
55 0.0010129733145709777
56 0.0010121191284113398
57 0.0010162249846512115
58 0.0010104993423624767
59 0.0010097050200658935
60 0.0010093476831873542
61 0.0010086941672874223
62 0.001007915126677021
63 0.0010075184746548196
64 0.0010064480748002856
65 0.0010048325218730769
66 0.001004819857640136
67 0.0008244364968409756
68 0.0008229104631626949
69 0.0008195168259994441
70 0.0008191745496084167
71 0.0008174808366245265
72 0.0008162049846512114
73 0.0008162049846512114
74 0.0008162049846512114
75 0.0008150907108961359
76 0.0008144178697151082
77 0.0008136169685910817
78 0.0008130597916314304
79 0.0008122546625462986
80 0.0008113929449226684
81 0.0008108623873207032
82 0.0008103681797395892
83 0.0008099828731130147
84 0.0008096400594522074
85 0.0008094137529539841
86 0.000807895126677021
87 0.0008078282540510615
88 0.0008074984746548195
89 0.0008065598212923394
90 0.0008064675040143048
91 0.00080624374399054
92 0.000805778239229518
93 0.0008056033775969931
94 0.0008055182599545326
95 0.0008055006340251071
96 0.0008048678845852785
97 0.000804799857640136
98 0.0008043384812713382
99 0.0008042540311188558
100 0.0006247918145973067
101 0.0006244164968409756
102 0.0006228904631626949
103 0.0006223269941607652
104 0.0006216097809834389
105 0.0006213405909750998
106 0.000620720540587023
107 0.0006203175654242773
108 0.0006191545496084167
109 0.0006186122297239713
110 0.0006183457934235354
111 0.0006183455842756105
112 0.0006174608366245265
113 0.0006171420830692936
114 0.0006161849846512115
115 0.0006153148807535163
116 0.0006150707108961359
117 0.0006145611205273205
118 0.0006144553129694371
119 0.0006143978697151082
120 0.0006139400079650741
121 0.0006136362064126305
122 0.0006136238595921524
123 0.0006136362064126305
124 0.0006133180065947053
125 0.000613107276010026
126 0.0006130397916314304
127 0.0006129441979715704
128 0.0006129441979715704
129 0.0006124361979518497
130 0.0006124246666123671
131 0.0006119137901547419
132 0.0006115670120780414
133 0.0006114730271143773
134 0.0006114370689672395
135 0.0006113729449226684
136 0.0006112545888396762
137 0.0006110190257641833
138 0.0006108423873207032
139 0.0006107495996320949
140 0.0006104593423624767
141 0.0006103481797395892
142 0.0006101704004699086
143 0.0006101642806465977
144 0.0006097698650320341
145 0.0006096650200658933
146 0.0006096599788691467
147 0.0006096200594522074
148 0.0006095683838417372
149 0.0006094938179612252
150 0.0006093937529539842
151 0.000609096079439442
152 0.0006087359502987411
153 0.0006087357338788956
154 0.0006087166684606084
155 0.0006086541672874221
156 0.0006085399344409456
157 0.000608322113834468
158 0.0006081327380941295
159 0.0006081327380941295
160 0.0006081196435059212
161 0.0006081106613533537
162 0.0006078082540510615
163 0.0006077648120341129
164 0.0006076303264765565
165 0.0006074784746548195
166 0.000607198121384712
167 0.0006069461046798392
168 0.0006066972920450705
169 0.0006066757131935846
170 0.0006065398212923394
171 0.0006064475040143049
172 0.0006064469549999961
173 0.0006064080748002856
174 0.00060628055760824
175 0.00060622374399054
176 0.0006059759373539922
177 0.0006059481938435186
178 0.0006059368619927508
179 0.000605758239229518
180 0.0006056428362729514
181 0.0006056089227503578
182 0.0006055853767332797
183 0.0006055833775969931
184 0.0006054982599545326
185 0.0006054806340251071
186 0.0006053065378441024
187 0.0006051689748710928
188 0.000604885802281976
189 0.0006053065378441024
190 0.0006047925218730768
191 0.000604779857640136
192 0.0006046780916198818
193 0.000604550340961919
194 0.0006045085810324359
195 0.0006043184812713383
196 0.0006142316600819418
197 0.0006042340311188558
199 0.0006022748068634621
