23 0.01828634050211758
24 0.01828634050211758
25 0.01828634050211758
26 0.01828634050211758
27 0.01828634050211758
28 0.01828634050211758
29 0.01828634050211758
30 0.01828634050211758
31 0.01828634050211758
32 0.01828634050211758
33 0.01828634050211758
34 0.01828634050211758
35 0.01828634050211758
36 0.01828634050211758
37 0.01828634050211758
38 0.01828634050211758
39 0.01828634050211758
40 0.01828634050211758
41 0.01388702592404119
42 0.01388702592404119
43 0.01388702592404119
44 0.01388702592404119
45 0.01388702592404119
46 0.01388702592404119
47 0.01468710592404119
48 0.01468710592404119
49 0.015087145924041189
50 0.01608724592404119
51 0.01608724592404119
52 0.01608724592404119
53 0.01608724592404119
