67 0.0010080442009733344
68 0.000823144139049239
69 0.000823144139049239
70 0.000823144139049239
71 0.000823144139049239
72 0.000823144139049239
73 0.000823144139049239
74 0.0008149179304577696
75 0.0008134899036370183
76 0.0008134899036370183
77 0.0008134899036370183
78 0.0008134899036370183
79 0.0008134899036370183
80 0.0008134899036370183
81 0.0008134899036370183
82 0.0008134899036370183
83 0.0008134899036370183
84 0.0008089825983418244
85 0.0008089825983418244
86 0.0008089825983418244
87 0.0008089825983418244
88 0.0008074663878204341
89 0.0008076312859221652
90 0.0008076312859221652
91 0.0008076312859221652
92 0.0008067833883122941
93 0.0008067833883122941
94 0.0008067833883122941
95 0.0008058020384263108
96 0.000805714250789023
97 0.000805714250789023
98 0.0008057707430894107
99 0.0008058020384263108
100 0.0008058020384263108
101 0.0008058020384263108
102 0.0008058020384263108
103 0.0008058020384263108
104 0.0008058020384263108
105 0.0008058020384263108
106 0.0006194964544817046
107 0.0006194964544817046
108 0.0006194964544817046
109 0.0006194964544817046
110 0.0006194964544817046
111 0.0006194964544817046
112 0.0006164993220274771
113 0.0006164993220274771
114 0.0006164993220274771
115 0.0006164993220274771
116 0.0006153449127724669
117 0.0006153219206729
118 0.0006153449127724669
119 0.0006153449127724669
120 0.0006148504941103263
121 0.0006144825272083285
122 0.0006143096909410074
123 0.0006144825272083285
124 0.0006141801340782845
125 0.0006141801340782845
126 0.0006141801340782845
127 0.0006148504941103263
128 0.000612553675466454
129 0.0006124887022936253
130 0.0006124535802468651
131 0.0006124535802468651
132 0.0006124535802468651
133 0.0006118304603183615
134 0.0006116153746574651
135 0.0006116153746574651
136 0.0006115795764848411
137 0.0006115795764848411
138 0.0006105592960458406
139 0.0006106341982758645
140 0.0006097619823527278
141 0.0006097619823527278
142 0.0006096152477016834
143 0.0006094244783555015
144 0.0006091348632746734
145 0.0006090263276817415
146 0.0006086943030898114
147 0.0006086815273164774
148 0.0006086638511221135
149 0.0006085422317852349
150 0.0006085208094098007
151 0.00060844423392383
152 0.0006083224019919055
153 0.0006082941611130763
154 0.0006082231828120797
155 0.0006081552054936554
156 0.0006081233738066365
157 0.0006080042009733343
158 0.0006078014351113019
159 0.0006076755581267577
160 0.0006076112859221653
161 0.0006074463878204342
162 0.000607391366623303
163 0.000607367931325218
164 0.0006072743077882941
165 0.0006072427704718563
166 0.00060719416097481
167 0.0006071602497128752
168 0.0006071288676254545
169 0.0006071088501480334
170 0.0006071035124582478
171 0.0006070245355075985
172 0.0006069826340391434
173 0.0006069568779118722
174 0.0006067633883122942
175 0.0006067089565174736
176 0.0006066037330527943
177 0.000606537780530493
178 0.0006064773598296037
179 0.0006064677189953377
180 0.0006061332842251551
181 0.0006061295898791709
182 0.0006061278953157735
183 0.0006059175862819311
184 0.0006058848086302449
185 0.0006058249150467798
186 0.0006057820384263109
187 0.0006057507430894107
188 0.0006056942507890231
189 0.0006056307932776324
190 0.0006051787587952257
191 0.0006051334725444074
192 0.0006046506805665303
193 0.0006045291309235171
194 0.0006045117670083584
195 0.000604284750905674
196 0.0006042507348068167
197 0.0006042195638884282
198 0.0006041401023188192
199 0.0006041250463549473
200 0.0004249054161024802
