20 0.008760460161636138
21 0.008760460161636138
22 0.008760460161636138
23 0.0073761981161475365
24 0.007638164999055244
25 0.007638164999055244
26 0.00726705013469678
27 0.00726705013469678
28 0.00726705013469678
29 0.00726705013469678
30 0.007200847383704582
31 0.007200847383704582
32 0.007200847383704582
33 0.007200847383704582
34 0.007200847383704582
35 0.007200847383704582
36 0.007200847383704582
37 0.007200847383704582
38 0.007200847383704582
39 0.007200847383704582
40 0.007200847383704582
41 0.007200847383704582
42 0.007200847383704582
43 0.007200847383704582
44 0.008080309620838718
45 0.00826265681932302
46 0.007467124023341834
47 0.0077648534770099
48 0.007408821015729255
49 0.010468632884337303
50 0.00772248443187948
51 0.009874229295296712
