19 0.03894787770902512
20 0.03835472804676717
21 0.03835472804676717
22 0.03894787770902512
23 0.03954102737128308
24 0.03954102737128308
25 0.03954102737128308
26 0.03954102737128308
27 0.03954102737128308
28 0.03954102737128308
29 0.03954102737128308
30 0.02211433453313117
31 0.02211433453313117
32 0.02211433453313117
33 0.02211433453313117
34 0.02211433453313117
35 0.02211433453313117
36 0.02211433453313117
37 0.02211433453313117
38 0.02211433453313117
39 0.02211433453313117
40 0.02211433453313117
41 0.02211433453313117
42 0.02211433453313117
43 0.02211433453313117
44 0.02211433453313117
45 0.02211433453313117
46 0.02211433453313117
47 0.02211433453313117
48 0.02211433453313117
49 0.02211433453313117
50 0.02211433453313117
51 0.02211433453313117
52 0.02211433453313117
53 0.03401486691245284
54 0.0417214182682617
55 0.04215678950524611
56 0.030783819824437394
57 0.04386752110080398
58 0.03895494208587491
61 0.044838939081808624
