25 0.031170887119953743
26 0.023254471343457553
27 0.022759695357426543
28 0.022759695357426543
29 0.022759695357426543
30 0.022759695357426543
31 0.022759695357426543
32 0.022759695357426543
33 0.022759695357426543
34 0.022759695357426543
35 0.023254471343457553
36 0.023254471343457553
37 0.023254471343457553
38 0.023254471343457553
39 0.023254471343457553
40 0.023254471343457553
41 0.023749247329488566
42 0.024244023315519576
43 0.025728351273612615
44 0.03325240951336421
45 0.03325240951336421
47 0.045667291309219586
48 0.045667291309219586
49 0.04760879621803625
51 0.04345041991569023
52 0.04345041991569023
