24 0.26310567809729885
25 0.1409023310352015
26 0.12077342660160129
27 0.11784358350683848
28 0.11784358350683848
29 0.11784358350683848
30 0.11784358350683848
31 0.11784358350683848
32 0.11784358350683848
33 0.11784358350683848
34 0.11784358350683848
35 0.12341361328369513
36 0.12077342660160129
37 0.12077342660160129
38 0.12077342660160129
39 0.12341361328369513
40 0.12341361328369513
41 0.12341361328369513
42 0.13638807389881563
43 0.12341361328369513
44 0.12404424776969347
45 0.13638807389881563
46 0.13638807389881563
47 0.13638807389881563
48 0.13638807389881563
49 0.13638807389881563
50 0.17274360300110944
51 0.20458211084822342
52 0.13638807389881563
53 0.40230676175421387
54 0.36518488432000723
55 0.36649130839821975
56 0.4259718653868147
57 0.43165134050353754
58 0.40230676175421387
59 0.43165134050353754
61 0.40230676175421387
