1 0.020275456084631282
2 0.01029402835659212
3 0.007026574776341702
4 0.00529352835659212
5 0.004290081439732293
6 0.0036893460222553564
7 0.003248159332857668
8 0.002873716084631281
9 0.002613489384222581
10 0.002293228356592119
11 0.002213449384222581
12 0.002073636084631281
13 0.0018868782043662076
14 0.001826054776341701
15 0.001684680502117576
16 0.001641116043466304
17 0.001489801439732293
18 0.0014665172676086155
19 0.0014551720990193546
20 0.0012987562958007267
21 0.001285765924041189
22 0.0012773744308732604
23 0.0012514112351881405
24 0.0012180266310808908
25 0.0010987362958007267
26 0.0010891049555871288
27 0.001087260537255965
28 0.0010735360846312809
29 0.001057739462952591
30 0.001048040348201868
31 0.0010311357696189652
32 0.001023361409438471
33 0.0010133293842225811
34 0.0008901951374316265
35 0.000888765935787583
36 0.0008867782043662074
37 0.0008818535183499866
38 0.0008773344308732603
39 0.0008735160846312808
40 0.0008607547204543106
41 0.0008572165951216982
42 0.0008518979044327502
43 0.0008514568963873236
44 0.0008412847645643865
45 0.0008352685425032576
46 0.0008304021898561257
47 0.0008179866310808908
48 0.000813817786683676
49 0.0008125681063043317
50 0.0006966984882686584
51 0.0006930788030011295
52 0.0006901751374316265
53 0.0006895746977087852
54 0.0006878685725073186
55 0.0006867582043662074
56 0.000688745935787583
57 0.0006854322307746418
58 0.000684580502117576
59 0.0006792856274536734
60 0.0006773144308732603
61 0.0006767614008006452
62 0.0006734960846312808
63 0.0006697679850845271
64 0.0006697679850845271
65 0.0006671195032681411
66 0.00065962142766142
67 0.0006607347204543106
68 0.0006571965951216982
69 0.0006543127922309547
70 0.0006536715542221797
71 0.0006514368963873237
72 0.0006513034318172183
73 0.0006492231130534713
74 0.0006478993328576679
75 0.0006460403656593325
76 0.0006460403656593325
77 0.0006487787893156932
78 0.0006460403656593325
79 0.0006417954235010876
80 0.0006417954235010876
81 0.0006348388546867862
82 0.0006348388546867862
83 0.0006348388546867862
84 0.0006986962958007265
85 0.0006478993328576679
