14 0.0054587186088196115
15 0.005092015871805306
16 0.0048919958718053064
17 0.0048919958718053064
18 0.0048919958718053064
19 0.0048919958718053064
20 0.003681697737375302
21 0.003481677737375302
22 0.003681697737375302
23 0.003481677737375302
24 0.0036811811730723385
25 0.003681697737375302
26 0.0036811811730723385
27 0.0036933251303418314
28 0.003657406140986912
29 0.0030765295443864137
30 0.0030765295443864137
31 0.0030765295443864137
32 0.0032047328500209773
33 0.003692052559027398
34 0.003457386140986912
35 0.0034539182461332226
36 0.003457386140986912
37 0.003079382688097438
38 0.002678189413286205
39 0.0026818281662906087
40 0.0026818281662906087
41 0.0026818281662906087
42 0.0026818281662906087
43 0.0026818281662906087
44 0.003247502602831202
45 0.0032243769338465575
46 0.0032243769338465575
47 0.0032243769338465575
48 0.0034879518674231858
49 0.0034539182461332226
50 0.003624416933846558
51 0.005024643440015207
