82 0.029348966564920725
83 0.01955518692673649
84 0.016735871359144623
85 0.016735871359144623
86 0.016735871359144623
87 0.014779972194040552
88 0.01277141773800047
89 0.01277141773800047
90 0.012668547594891902
91 0.012668547594891902
92 0.012668547594891902
93 0.011656971079558352
94 0.012073291475256865
95 0.012073291475256865
96 0.010644711069304588
97 0.01104590982019293
98 0.008745486961740488
99 0.009002142434091576
100 0.008177186197914414
101 0.007114964819176683
102 0.007114964819176683
103 0.006895810641000834
104 0.006611918271696146
105 0.007098483862531585
106 0.007301446561059707
107 0.007098483862531585
108 0.007684410539213565
109 0.007301446561059707
110 0.007301446561059707
111 0.007707082481118578
112 0.008071615044202462
113 0.008071615044202462
114 0.007620898444076197
115 0.00921304691116536
116 0.00921304691116536
117 0.010431192239731393
118 0.01183463437148189
119 0.00921304691116536
120 0.011155358396721523
121 0.011913778960949254
122 0.014610823013885381
124 0.01321775449240949
125 0.01209959151023194
127 0.013521165605992787
