1 0.08367440202160031
2 0.0424830904826453
3 0.029409337390539043
4 0.02217371653572408
5 0.017886232374665197
6 0.015431936103698493
7 0.012895430295830103
8 0.011412677467402235
9 0.010398069609709931
10 0.009371586341390232
11 0.008788992983961389
12 0.007950896054510595
13 0.007398620795834394
14 0.006905379409445434
15 0.006412138023056475
16 0.0059192450159454655
17 0.005483699097782486
18 0.005215188252921868
19 0.004924705541005934
20 0.004924705541005934
21 0.004924705541005934
22 0.004973359382169958
23 0.00520946750697391
24 0.005147900441968223
25 0.005147900441968223
26 0.005147900441968223
27 0.005147900441968223
28 0.005147900441968223
29 0.005147900441968223
30 0.005147900441968223
31 0.005147900441968223
32 0.005147900441968223
33 0.005147900441968223
34 0.0051494655130479156
35 0.005238127349185764
36 0.0051494655130479156
37 0.0054897019839618
38 0.005826326334165961
39 0.005826326334165961
40 0.005953773872375683
41 0.006717392160364771
42 0.007676452375807661
43 0.007094399636490547
44 0.007233000997712078
45 0.00734599632444082
46 0.008047510370040334
47 0.008385103568612313
48 0.008550798761740567
49 0.008814230703204404
50 0.010458787474102439
51 0.009335661463345179
53 0.011124722678507979
54 0.01233103465972399
