21 0.005477806971969408
22 0.005277786971969408
23 0.005099701889022902
24 0.004499641889022903
25 0.004268127778469654
26 0.004257489297692266
27 0.00424645625337296
28 0.00424645625337296
29 0.00424645625337296
30 0.00424645625337296
31 0.004268127778469654
32 0.004279671415497639
33 0.004464135126592898
34 0.004477706971969408
35 0.004468147778469655
36 0.004477706971969408
37 0.004468147778469655
38 0.0048996818890229025
39 0.004889403934165547
40 0.005454506234410644
41 0.005489463934165546
42 0.0056894839341655465
43 0.006098321983276971
44 0.005883035034589584
45 0.00604663625337296
46 0.00604663625337296
47 0.00747500602941667
48 0.007274986029416669
49 0.012473680549977526
