1 0.008205276113312301
2 0.0042161520960672435
3 0.0030047561133123004
4 0.0022708816588079936
5 0.001881736208131295
6 0.0016572058668133296
7 0.0014571858668133296
8 0.0012816762081312948
9 0.0012551575748742257
10 0.0011784563535571734
11 0.0010571458668133297
12 0.0010158320960672435
13 0.0010045561133123007
14 0.0008784609414437198
15 0.0008603575472962967
16 0.0008377686449044124
17 0.0008375369472683447
18 0.0008158120960672435
19 0.0008075713856411917
20 0.0007784163535571733
21 0.000685446702315016
22 0.0006707216588079934
23 0.0006689029710338636
24 0.0006624306773325224
25 0.0006603375472962967
26 0.0006571058668133295
27 0.000656384382151498
28 0.0006550975748742257
29 0.000650321814994688
30 0.0006417541755240679
31 0.00063991618988344
32 0.0006377486449044125
33 0.0006375169472683447
34 0.0006271388265061499
35 0.0006194192052595111
