11 0.024870155696386613
21 0.017968865392991376
31 0.017968865392991376
41 0.015086979564842552
51 0.012686613506563516
61 0.012617317472022008
71 0.011776162973887207
81 0.011776162973887207
88 0.018552506171688382
90 0.016374482638286253
91 0.011772800712898015
92 0.019754206384898748
94 0.026736816044297493
95 0.022788401003360707
96 0.01824526828315077
97 0.015175299499033547
98 0.016790749647662542
99 0.018259968036456256
100 0.01596221732533522
101 0.011772800712898015
102 0.020607976060464134
103 0.013455954747021735
104 0.017954132995457995
105 0.015437946516437121
106 0.013398252818663683
107 0.016772593680020008
108 0.011772800712898015
109 0.01218225675823478
110 0.015035579082588795
111 0.01273985833524027
112 0.014741695299159047
113 0.01273985833524027
114 0.020171662195765272
115 0.019605922249684528
116 0.016613943472834763
117 0.03526649778666624
119 0.019166328076521848
121 0.01997245904381653
