11 0.0032211514674594507
12 0.002498488913960038
13 0.002237560062594386
14 0.002237560062594386
15 0.002237560062594386
16 0.0018538928128535442
17 0.0018210114674594507
18 0.001779311940724637
19 0.0016924872749614964
20 0.0014924672749614964
21 0.001474360687528216
22 0.001474360687528216
23 0.0013921874077232354
24 0.0013921874077232354
25 0.0013921874077232354
26 0.0013921874077232354
27 0.0013921874077232354
28 0.0013921874077232354
29 0.0014209714674594505
30 0.0014209714674594505
31 0.0014209714674594505
32 0.0014209714674594505
33 0.0014209714674594505
