12 0.011061770364093055
13 0.011116962490051516
14 0.011177800723534973
15 0.011248708803280393
16 0.011248708803280393
17 0.011248708803280393
18 0.011446747748188513
19 0.011248708803280393
20 0.011446747748188513
21 0.011446747748188513
22 0.011446747748188513
23 0.011446747748188513
24 0.011446747748188513
25 0.011746478751249106
26 0.011746478751249106
27 0.011746478751249106
28 0.011746478751249106
29 0.011746478751249106
30 0.011746478751249106
31 0.011746478751249106
32 0.011746478751249106
33 0.011746478751249106
34 0.011746478751249106
35 0.011746478751249106
36 0.011746478751249106
37 0.011746478751249106
38 0.011746478751249106
39 0.011746478751249106
40 0.011746478751249106
41 0.011746478751249106
42 0.011746478751249106
43 0.013354539039553266
44 0.015739278153759202
45 0.012204526478390074
46 0.012204526478390074
47 0.02623213025626534
48 0.013716230597690678
49 0.013716230597690678
50 0.013716230597690678
51 0.013716230597690678
