1 0.020217893674461026
2 0.010231342189856127
3 0.007016573674461023
4 0.005251811235188141
5 0.004251711235188141
6 0.003630682189856126
7 0.0032215377631449583
8 0.002843239435289345
9 0.002616133674461023
10 0.002287380537255965
11 0.002216093674461023
12 0.002048140348201868
13 0.0018819535183499869
14 0.001818086631080891
15 0.0016819335183499867
16 0.001641116043466304
17 0.0014931483565921192
18 0.001485785924041189
19 0.0014537515542221797
20 0.00129486724661516
21 0.001287280537255965
22 0.0012757098008764189
23 0.0012664972676086155
24 0.001222162799508518
25 0.0012180266310808908
26 0.0010891049555871288
27 0.0010833872534687233
28 0.001075689800876419
29 0.0010686874606011003
30 0.0010664772676086155
31 0.0010513912351881405
32 0.0010336722972082396
33 0.0010083247135371201
34 0.0008891142242431662
35 0.0008890660222553561
36 0.0008860233031563248
37 0.0008833672534687233
38 0.000877324284195621
39 0.0008630616928579113
40 0.0008560520420263884
41 0.000854633081284597
42 0.0008536915542221797
43 0.0008513712351881403
44 0.0008479193328576679
45 0.0008311157696189651
46 0.0008304021898561257
47 0.0008247475828451977
48 0.0008179866310808908
49 0.000813817786683676
50 0.0006956129965728344
51 0.0006933821394000928
52 0.0006901751374316265
53 0.0006900533013832412
54 0.0006895746977087852
55 0.0006890942242431663
56 0.0006890460222553561
57 0.0006857059240411889
58 0.0006792856274536734
59 0.0006770715381388146
60 0.0006767614008006452
61 0.0006734960846312808
62 0.0006697679850845271
63 0.0006679461040847806
64 0.0006679461040847806
65 0.0006697679850845271
66 0.0006679461040847806
67 0.0006664372676086156
68 0.0006664372676086156
69 0.00065962142766142
70 0.0006562430025142281
71 0.0006558174484693176
72 0.0006536715542221797
73 0.0006513512351881403
74 0.0006513034318172183
75 0.0006492231130534713
76 0.0006487787893156932
77 0.000648000348201868
78 0.0006468577947612749
79 0.0006460403656593325
80 0.0006478993328576679
