10 0.0014503794593696358
11 0.001272665724591851
12 0.0012503594593696358
13 0.0010125376320693315
14 0.0009547583292265567
15 0.0009536795103313512
16 0.0008865235204621659
17 0.0008706470679429223
18 0.0008371758201136483
19 0.0008308085536911789
20 0.0008125176320693313
21 0.0007629544144096055
22 0.0007536595103313512
23 0.0007403199588126555
24 0.0007112361570309985
25 0.0007060980022080597
26 0.0006958165538128226
27 0.0006955958155788174
28 0.0006922059829506941
29 0.0006922059829506941
30 0.0007547383292265566
