95 0.002005398996511746
96 0.0018044501399903268
98 0.0016096127321149774
99 0.001422378238197119
101 0.0014229024439780542
102 0.001404603226582249
103 0.0012076367280711988
104 0.0016089080474918818
105 0.0014111489797087296
106 0.001404772939206666
107 0.0012129813944404767
108 0.0014107005544614236
109 0.0014068773939832793
110 0.001222011793481971
111 0.0012250272230242092
112 0.0014041816060707411
113 0.0012200636545939916
114 0.001211940708740756
115 0.0018129508999011022
117 0.001409833056052803
