86 0.0080213572490674
87 0.0090214572490674
88 0.0072212772490674
89 0.0072212772490674
90 0.0072212772490674
91 0.006805210062778202
92 0.006405170062778202
93 0.006405170062778202
94 0.006405170062778202
95 0.006209395859892966
96 0.006022678599379026
97 0.005807705451670587
98 0.006016565905053845
99 0.005807705451670587
100 0.005422630147505607
101 0.005807705451670587
102 0.004613600633640237
103 0.004413580633640238
104 0.004609532928365769
105 0.004213560633640237
106 0.004013540633640238
107 0.004213560633640237
108 0.004013540633640238
109 0.004013540633640238
110 0.004013540633640238
111 0.004213560633640237
112 0.004213560633640237
113 0.004413580633640238
114 0.004013540633640238
115 0.004609532928365769
116 0.004613600633640237
117 0.004606073413274519
118 0.004613600633640237
119 0.005010963373774953
120 0.004804247429681223
121 0.005413680633640237
122 0.004609532928365769
123 0.005010963373774953
124 0.005010963373774953
125 0.005407986758788751
126 0.007606854861601388
