4 0.0024439240600261074
5 0.0024439240600261074
6 0.0017398247768795417
7 0.001627510945969707
8 0.0014317289534857064
9 0.0014189001445646988
10 0.0012796875798084739
11 0.0012274709459697071
12 0.0011640124377964222
13 0.0010958321831000413
14 0.001060287365978533
15 0.000963992437796422
16 0.000963992437796422
17 0.000963992437796422
18 0.0010188601445646989
19 0.001060287365978533
20 0.001062677258482179
21 0.001062677258482179
22 0.0011640124377964222
23 0.0011752463737657484
25 0.0012141894503967896
26 0.0012141894503967896
