39 0.0014082030656849896
40 0.0014083192845266
41 0.0012193163230802262
42 0.0012193163230802262
43 0.0012193163230802262
44 0.00121203180298389
45 0.0012115825177356856
46 0.0012100046013310425
47 0.00120807176532326
48 0.001208002781992934
49 0.001205659005126323
50 0.001024949733887819
51 0.0010223649198297302
52 0.0010206753428405367
53 0.0010204706783976973
54 0.0010215594026224937
55 0.0010143603517914765
56 0.0010128439440779847
57 0.0010115512053326576
58 0.0010113809560719923
59 0.0010108049286193185
60 0.0010077526591830213
61 0.001006934004494609
62 0.0010068020531805238
63 0.0010064504387084412
64 0.0010055727965908089
65 0.0010055589173630919
66 0.0010041547275395518
67 0.000824914634004522
68 0.0010055727965908089
69 0.0008215394026224935
70 0.0008202008210282331
71 0.0008196872144710427
72 0.0008190180257049214
73 0.0008175768205152627
74 0.0008168673403508357
75 0.0008166460056862604
76 0.0008164749598022457
77 0.000813432211443934
78 0.0008132807130388194
79 0.0008124498456722512
80 0.00081199180298389
81 0.0008113609560719922
82 0.0008107263194560085
83 0.0008103328652914572
84 0.0008103219229143204
85 0.0008089486855288783
86 0.0008083033027763754
87 0.0008079627819929341
88 0.0008077326591830213
89 0.000806914004494609
90 0.0008067820531805237
91 0.0008064339872066897
92 0.0008064157106286568
93 0.0008062277670609061
94 0.0008059242117298399
95 0.0008056190051263229
96 0.0008055389173630919
97 0.0008047061452760453
98 0.0008041973692760506
99 0.0008040831829781896
100 0.0006233729490645757
101 0.0006229729123427407
102 0.0006226111862516087
103 0.0006224320707213601
104 0.0006217706085414937
105 0.0006208524154650975
106 0.0006206549622165042
107 0.0006202012844114685
108 0.0006201808210282332
109 0.0006201808210282332
110 0.0006200270318670223
111 0.0006199140200204345
112 0.0006188356883875041
113 0.0006173850794517564
114 0.0006166260056862604
115 0.0006164747602272031
116 0.0006164549598022457
117 0.0006163603956985126
118 0.0006158123957111843
119 0.0006157745818532372
120 0.000615635813081457
121 0.0006157745818532372
122 0.0006148243863009321
123 0.0006146131995398759
124 0.0006143203517914765
125 0.0006140359887866521
126 0.0006138457541319402
127 0.0006132607130388194
128 0.0006132383925376787
129 0.0006128039440779846
130 0.0006121815191436143
131 0.00061197180298389
132 0.0006113409560719922
133 0.00061128232607688
134 0.0006109886702412007
135 0.0006109018949270503
136 0.0006108067379223433
137 0.000610408115149816
138 0.000610408115149816
139 0.0006107063194560086
140 0.0006104386014927014
141 0.0006103764761343667
142 0.0006098258666740429
143 0.0006097126981715092
144 0.0006094519642040226
145 0.0006093616561206092
146 0.0006089286855288784
147 0.0006088518615746095
148 0.0006086291110025447
149 0.0006084741628902942
150 0.0006083812499132694
151 0.0006083812499132694
152 0.0006082833027763754
153 0.0006082392845266001
154 0.0006081903878778035
155 0.0006081308403959272
156 0.0006079792826939059
157 0.0006079427819929342
158 0.0006077126591830214
159 0.0006073197339543229
160 0.0006072367451617621
161 0.0006068940044946091
162 0.0006068179050375541
163 0.0006067620531805237
164 0.0006065586047866091
165 0.0006064925232127739
166 0.0006064825655178143
167 0.0006064368849892816
168 0.0006064139872066898
169 0.0006064104387084413
170 0.0006063957106286569
171 0.0006063861715158006
172 0.0006062882641572189
173 0.0006062077670609061
174 0.000606205619146202
175 0.0006060440053182769
176 0.0006059772424199685
177 0.0006059619296972267
178 0.0006059042117298399
179 0.0006056944751497948
180 0.0006056759200588726
181 0.0006056191351896808
182 0.0006055990051263229
183 0.0006055327965908087
184 0.0006055189173630919
185 0.0006052465951250474
186 0.0006051745162551509
187 0.0006049925110501727
188 0.0006048780231773837
189 0.0006048532779487465
190 0.000604746572936874
191 0.0006047422927552895
192 0.0006046861452760453
193 0.0006042132734629931
194 0.0006041773692760506
195 0.000604171439593946
196 0.0006041147275395516
197 0.0006040687813621408
198 0.0006040631829781896
199 0.0006040449470475356
200 0.00042501154725544104
