81 0.008137080089892178
82 0.008259903388998336
83 0.008137080089892178
84 0.008001053700537839
85 0.008001053700537839
86 0.008001053700537839
87 0.008001053700537839
88 0.008001053700537839
89 0.008001053700537839
90 0.008001053700537839
91 0.008137080089892178
92 0.008137080089892178
93 0.008137080089892178
94 0.00908669993076582
95 0.00908669993076582
96 0.00908669993076582
97 0.00908669993076582
98 0.00908669993076582
99 0.008605637683870349
100 0.008497569050796952
101 0.008497569050796952
102 0.008484103887998248
103 0.008484103887998248
104 0.008454631757301073
105 0.008484103887998248
106 0.008484103887998248
107 0.008484103887998248
108 0.008605637683870349
109 0.008605637683870349
110 0.008605637683870349
111 0.008605637683870349
112 0.008605637683870349
113 0.010171350112365224
114 0.010245460880647435
115 0.01000419254505323
116 0.010770539334848587
117 0.010427402145308039
118 0.009436431963043486
119 0.009436431963043486
120 0.009436431963043486
121 0.011625276682182283
122 0.01372928530545112
123 0.01378282928072875
124 0.012367747774493055
125 0.015899262860577277
126 0.014685758178072765
127 0.013735679574739458
128 0.014945776615145259
