33 0.020930117057127648
34 0.02028981047963893
35 0.019649503902150214
36 0.019649503902150214
37 0.019649503902150214
38 0.018004196304275865
39 0.018004196304275865
40 0.018004196304275865
41 0.018004196304275865
42 0.018004196304275865
43 0.018004196304275865
44 0.018544853007589734
45 0.018544853007589734
46 0.018004196304275865
47 0.01836889074717278
48 0.018611002847751728
49 0.018611002847751728
50 0.018611002847751728
51 0.01836889074717278
52 0.018544853007589734
53 0.018611002847751728
54 0.018004196304275865
55 0.02028981047963893
56 0.019794509874762382
57 0.0254179657770393
58 0.02208506437217117
59 0.04367717955963302
60 0.022020223527069394
61 0.022020223527069394
