1 0.01621401941888339
2 0.00841323941888339
3 0.006012999418883388
4 0.0044133554589080625
5 0.0036127594188833877
6 0.0035656200556951536
7 0.0035656200556951536
8 0.0035656200556951536
9 0.0035656200556951536
10 0.0035656200556951536
11 0.0035656200556951536
12 0.0035656200556951536
13 0.0035656200556951536
14 0.0035656200556951536
15 0.0035656200556951536
16 0.0035656200556951536
17 0.0035656200556951536
18 0.0035656200556951536
19 0.0035656200556951536
20 0.0035656200556951536
21 0.003620657159818912
22 0.0036842227571732924
23 0.003620657159818912
24 0.0035656200556951536
25 0.003620657159818912
26 0.0035656200556951536
