44 0.00121203180298389
45 0.0012108249286193185
46 0.0012180903402294716
47 0.0012180903402294716
48 0.0012180903402294716
49 0.0012055927965908088
50 0.001025071547255441
51 0.0010248835124858266
52 0.0012060372424199685
53 0.0010195220634438582
54 0.0010166660056862603
55 0.0010158145818532371
56 0.0010124698456722512
57 0.0010109418949270504
58 0.0010104164761343668
59 0.0010097526981715094
60 0.0010081630656849896
61 0.001007982781992934
62 0.0010086691110025448
63 0.0010060172424199685
64 0.0010060172424199685
65 0.0010048932779487467
66 0.001004211439593946
67 0.0010050325110501728
68 0.0010050325110501728
69 0.00100594421172984
70 0.0010065986047866093
71 0.0010080192826939058
72 0.0008182811348236898
73 0.0008166460056862604
74 0.0008164749598022457
75 0.0008157945818532371
76 0.0008143403517914765
77 0.0008130551694499168
78 0.00081199180298389
79 0.0008115430589244745
80 0.0008115312053326576
81 0.000810790589531031
82 0.0008104586014927014
83 0.0008103964761343666
84 0.0008098821297680247
85 0.0008088718615746095
86 0.0008086491110025447
87 0.0008084012499132694
88 0.0008079992826939058
89 0.000806837905037554
90 0.0008067820531805237
91 0.0008065786047866091
92 0.0008064339872066897
93 0.0008060640053182769
94 0.0008059242117298399
95 0.0008055527965908087
96 0.0008050125110501727
97 0.000804233273462993
98 0.000804191439593946
99 0.0008040887813621408
100 0.0006248826853920359
101 0.0006239448033395577
102 0.0006229888209344663
103 0.0006225764251872746
104 0.0006222739201903187
105 0.0006217977496886602
106 0.0006217706085414937
107 0.0006212392123487345
108 0.000620969829083986
109 0.0006207382693758003
110 0.0006202012844114685
111 0.0006201126701983504
112 0.0006195479040414476
113 0.0006191414342016114
114 0.0006190381099004624
115 0.0006188344974053993
116 0.0006164549598022457
117 0.0006163603956985126
118 0.0006163603956985126
119 0.000615809905112274
120 0.0006153242945524781
121 0.0006141601758852081
122 0.0006140359887866521
123 0.0006136190046234046
124 0.0006132383925376787
125 0.0006127002160597685
126 0.0006124298456722512
127 0.0006121815191436143
128 0.00061197180298389
129 0.0006118852783866483
130 0.0006115230589244746
131 0.0006115225177356857
132 0.0006115112053326576
133 0.0006113409560719922
134 0.0006111721395475871
135 0.000610770589531031
136 0.0006108067379223433
137 0.0006107649286193186
138 0.000610408115149816
139 0.0006103128652914572
140 0.0006099446013310424
141 0.0006098621297680247
142 0.0006098258666740429
143 0.0006097126981715092
144 0.0006093616561206092
145 0.0006093616561206092
146 0.0006094519642040226
147 0.0006093616561206092
148 0.0006088518615746095
149 0.0006087711405767459
150 0.0006087711405767459
151 0.0006082833027763754
152 0.0006082392845266001
153 0.0006081903878778035
154 0.0006081230656849895
155 0.0006079792826939059
156 0.0006079588176769564
157 0.0006079427819929342
158 0.0006077126591830214
159 0.0006079427819929342
160 0.0006073197339543229
161 0.0006072367451617621
162 0.0006072367451617621
163 0.0006068179050375541
164 0.0006067620531805237
165 0.0006065586047866091
166 0.0006064925232127739
167 0.0006064368849892816
168 0.0006064139872066898
169 0.0006064104387084413
170 0.0006063957106286569
171 0.0006063861715158006
172 0.0006062882641572189
173 0.0006062077670609061
174 0.000606205619146202
175 0.0006060440053182769
176 0.0006059772424199685
177 0.0006059619296972267
178 0.0006059042117298399
179 0.0006056944751497948
180 0.0006056759200588726
181 0.0006056191351896808
182 0.0006055990051263229
183 0.0006055327965908087
184 0.0006055189173630919
185 0.0006052465951250474
186 0.0006051745162551509
187 0.0006049925110501727
188 0.0006048780231773837
189 0.0006048532779487465
190 0.000604746572936874
191 0.0006047422927552895
192 0.0006046861452760453
193 0.0006042132734629931
194 0.0006041773692760506
195 0.000604171439593946
196 0.0006041147275395516
197 0.0006040687813621408
198 0.0006040631829781896
199 0.0006040449470475356
200 0.00042501154725544104
