23 0.017561828610263466
24 0.021756242020494913
25 0.015786948460802967
26 0.014857205830460058
27 0.015610514320234192
28 0.014800264182002783
29 0.014800264182002783
30 0.015610514320234192
31 0.013918929835082038
32 0.013918929835082038
33 0.013918929835082038
34 0.014403096159791094
35 0.014403096159791094
36 0.014403096159791094
37 0.01331176562798722
38 0.01331176562798722
39 0.01331176562798722
40 0.01331176562798722
41 0.01331176562798722
42 0.01331176562798722
43 0.01331176562798722
44 0.01331176562798722
45 0.01331176562798722
46 0.01331176562798722
47 0.01331176562798722
48 0.01331176562798722
49 0.01331176562798722
50 0.014790850697763576
51 0.016773632739603153
52 0.023535375808273716
53 0.02473082523485342
54 0.025850960586808327
55 0.027198846986421155
56 0.023187080551804358
57 0.032955768019574234
59 0.029871581835109587
60 0.04772993886144441
