13 0.006182927411393447
14 0.005662537611705587
15 0.004853922307746418
16 0.004853922307746418
17 0.004460676718352536
18 0.004368530076971776
19 0.0044572041733142755
20 0.004368530076971776
21 0.003902628580058548
22 0.0037044680377558035
23 0.0035836827856149433
24 0.0035836827856149433
25 0.003141171525209852
26 0.003141171525209852
27 0.002907243012705456
28 0.0028183679105071623
29 0.0028183679105071623
30 0.002907243012705456
31 0.002473879930155059
32 0.002473879930155059
33 0.0023851576906940724
34 0.0022799602101319424
35 0.0022799602101319424
36 0.0022799602101319424
37 0.0022799602101319424
38 0.0022392966642883396
39 0.0022264715905611705
40 0.0020755334824157983
41 0.0020755334824157983
42 0.0020662469211129054
43 0.0020755334824157983
44 0.0022264715905611705
45 0.0018459118280998994
46 0.0018427788818172427
47 0.0018459118280998994
48 0.0018459118280998994
49 0.0018459118280998994
50 0.0018459118280998994
51 0.0018459118280998994
52 0.0018459118280998994
53 0.0018459118280998994
54 0.0019154025711328967
55 0.0019154025711328967
56 0.001941568923098567
57 0.0019790689864606394
58 0.001941568923098567
60 0.0029324312021599503
