82 0.0018098326981715095
83 0.0022105681151498163
84 0.0022105681151498163
85 0.0014083192845266
86 0.0014083192845266
87 0.001404826572936874
88 0.001404826572936874
89 0.0012188944974053993
90 0.001214095988786652
91 0.0012104986014927013
92 0.0012100046013310425
93 0.0012104986014927013
94 0.0012104986014927013
95 0.0012119452783866482
96 0.001206877905037554
97 0.0010174250794517566
98 0.0010144283724143341
99 0.0010174250794517566
100 0.0012049132779487466
101 0.0010248835124858266
102 0.0010248835124858266
103 0.0012064704387084412
104 0.0012057359200588727
105 0.00120807176532326
106 0.0012055927965908088
107 0.001206455710628657
108 0.0010228115878650537
109 0.0010228115878650537
110 0.0010202412844114684
111 0.0010177999745838355
112 0.0010202412844114684
113 0.0010202412844114684
114 0.0012082992845266001
115 0.001214448372414334
116 0.0012056791351896807
117 0.0012050525110501727
118 0.0016130877799592777
119 0.0014095319642040225
120 0.0012178199745838355
