13 0.009120515457845556
14 0.008914136103401842
15 0.007490188650168469
16 0.007368574133870388
17 0.007368574133870388
18 0.007368574133870388
19 0.007368574133870388
20 0.007368574133870388
21 0.007368574133870388
22 0.007368574133870388
23 0.007368574133870388
24 0.007368574133870388
25 0.007368574133870388
26 0.007368574133870388
27 0.007368574133870388
28 0.007368574133870388
29 0.007368574133870388
30 0.007368574133870388
31 0.007368574133870388
32 0.007368574133870388
33 0.007543030625934646
34 0.007543030625934646
35 0.007543030625934646
36 0.007543030625934646
37 0.00827526005195336
38 0.008289645900604187
39 0.008289645900604187
40 0.008289645900604187
41 0.008289645900604187
42 0.008289645900604187
43 0.008549474931076264
44 0.008549474931076264
45 0.008549474931076264
46 0.008760460161636138
47 0.011297512607596566
48 0.010557344781015703
49 0.01794622780172109
50 0.010848490753153662
51 0.011613583331915176
54 0.02392830373562812
