1 0.01627964184399411
2 0.0082843033828171
3 0.0056840433828171
4 0.004296549229293512
5 0.0034974872563787174
6 0.0030768440561114063
7 0.0026768040561114064
8 0.002297367256378717
9 0.002096329229293512
10 0.0018973272563787172
11 0.0018782018439941124
12 0.0016888448644165582
13 0.0016780741303463445
14 0.0014915011764858755
15 0.0014691250282748115
16 0.001297267256378717
17 0.0012889838938216051
18 0.0012889838938216051
19 0.0012691050282748115
20 0.001097247256378717
21 0.0010949035250004458
22 0.0010914611764858756
23 0.001092422006509424
24 0.001842353988594597
