64 0.006422328301731912
65 0.004022088301731911
66 0.0038220683017319112
67 0.004022088301731911
68 0.004822168301731912
69 0.0038220683017319112
70 0.002821968301731911
71 0.002621948301731911
72 0.002421928301731911
73 0.002021888301731911
74 0.002021888301731911
75 0.001821868301731911
76 0.001821868301731911
77 0.001821868301731911
78 0.001821868301731911
79 0.001621848301731911
80 0.0016217878675383723
81 0.0016217878675383723
82 0.0016217878675383723
83 0.0016217878675383723
84 0.001621848301731911
85 0.0016217878675383723
86 0.0016217878675383723
87 0.001621848301731911
88 0.0016217878675383723
89 0.0016217878675383723
90 0.0016217878675383723
91 0.0018085540863975631
92 0.001621848301731911
93 0.002008574086397563
94 0.004222108301731912
95 0.0014126929895441013
96 0.0014100376216032917
97 0.0014100376216032917
98 0.0014100376216032917
99 0.0014100376216032917
100 0.002004904499133448
101 0.0016134083865394265
102 0.004822168301731912
103 0.0012150874181028602
104 0.0012150874181028602
105 0.0012098456930042774
106 0.0012098456930042774
107 0.0012098456930042774
108 0.0012098456930042774
109 0.0012098456930042774
110 0.0012098456930042774
111 0.0012100364285318123
112 0.0012206762797752455
113 0.0012218361926656335
114 0.001222417600390616
115 0.0012193229042940315
116 0.001604576492250888
119 0.0020145171535769398
