1 0.09120515457845556
2 0.04423449997055094
3 0.03025458658868435
4 0.0231675730936892
5 0.01869705668858339
6 0.015127293294342176
7 0.013577916392343715
8 0.012123139636021175
9 0.010579492276771775
10 0.009986918200224624
11 0.008728660537935246
12 0.007989534560179699
13 0.007390280997572054
14 0.006979088589558202
15 0.006560973299238285
16 0.006769246792383662
17 0.0067745902769505185
18 0.006829201516457258
19 0.006829201516457258
20 0.006829201516457258
21 0.006829201516457258
22 0.006829201516457258
23 0.006829201516457258
24 0.006829201516457258
25 0.006829201516457258
26 0.006829201516457258
27 0.006829201516457258
28 0.006829201516457258
29 0.006829201516457258
30 0.006908038250503489
31 0.006897595597733917
32 0.006908038250503489
33 0.006979088589558202
34 0.006979088589558202
35 0.006979088589558202
36 0.006979088589558202
37 0.006979088589558202
38 0.007306917647303518
39 0.006979088589558202
40 0.0077648534770099
41 0.006979088589558202
42 0.008375651797248328
43 0.00835215160599913
44 0.00839666381782649
45 0.0090244457605805
46 0.007883159004755783
47 0.00888680636576704
48 0.0077648534770099
49 0.0102988139179906
50 0.010367940760061548
51 0.01209748263741164
52 0.01975685604194468
