78 0.003784836626617373
79 0.0029437618207024015
80 0.0028694233512230423
81 0.0025281246939997566
82 0.0025281246939997566
83 0.0025281246939997566
84 0.0025281246939997566
85 0.002452104421795079
86 0.0020654177496897616
87 0.0021133422591273062
88 0.0020654177496897616
89 0.0020654177496897616
90 0.0020489170633524664
91 0.0020638685578341885
92 0.0020496821426590605
93 0.0020496821426590605
94 0.0016959312038417967
95 0.0016959312038417967
96 0.0016959312038417967
97 0.0016959312038417967
98 0.002031705613990781
99 0.0017566175600249483
100 0.0016832379995653705
101 0.0016832379995653705
102 0.0016832379995653705
103 0.0016832379995653705
104 0.001684941754677371
105 0.0016814270649718485
106 0.0016814270649718485
107 0.0016814270649718485
108 0.0016822199144617368
109 0.0017596831822833372
110 0.0017252231421442373
111 0.0020439792994648297
112 0.0020585447251937313
113 0.0021215793499228305
114 0.0020347059779917084
115 0.0022496039778541715
116 0.0021929173530004682
117 0.0025086791441758455
118 0.002874551266795517
119 0.00205280798113397
122 0.002463901085824729
