26 0.019523558943815716
27 0.01900451791897846
28 0.01900451791897846
29 0.01863847339091049
30 0.01863847339091049
31 0.01863847339091049
32 0.01863847339091049
33 0.018897079582585463
34 0.016859719232437183
35 0.016859719232437183
36 0.016859719232437183
37 0.016859719232437183
38 0.016859719232437183
39 0.016859719232437183
40 0.016859719232437183
41 0.016859719232437183
42 0.016859719232437183
43 0.01837636406594036
44 0.016859719232437183
45 0.018485476894141206
46 0.018358002345830238
47 0.018485476894141206
48 0.018801487469178448
49 0.018801487469178448
50 0.022474415344027936
51 0.022759695357426543
52 0.023257944101643648
53 0.022474415344027936
54 0.022354311945190938
55 0.03380607965569674
56 0.04007685486851195
62 0.04317442579231897
