16 0.010809110647783499
17 0.009843378508005684
18 0.007605068750895496
19 0.006640985673185761
20 0.006238633979505632
21 0.005848659753625095
22 0.005848659753625095
23 0.005743354442620583
24 0.005743354442620583
25 0.005743354442620583
26 0.005743354442620583
27 0.005743354442620583
28 0.005743354442620583
29 0.005743354442620583
30 0.005848659753625095
31 0.005848659753625095
32 0.005743354442620583
33 0.005743354442620583
34 0.006238633979505632
35 0.006238633979505632
36 0.006238633979505632
37 0.006238633979505632
38 0.006238633979505632
39 0.006336048066427186
40 0.006960736719685076
41 0.006883216917428669
42 0.00783463575387155
43 0.007591826718937737
44 0.007847609914514782
45 0.007906064455426333
46 0.008639014263624142
47 0.008639014263624142
48 0.007591826718937737
49 0.010496751190248588
50 0.009598904737360157
51 0.011496441779796073
52 0.009888265790554601
53 0.013629083173430128
58 0.015070944711565025
