1 0.008475690442703075
2 0.004475290442703075
3 0.003161225432213952
4 0.002511852225769256
5 0.002161125432213952
6 0.0019117922257692556
7 0.0016510584593196823
8 0.00156820201005477
9 0.0013698058636965045
10 0.0012539830731434077
11 0.0012172912620885179
12 0.001164855784566387
13 0.001092872910974244
14 0.0010539630731434078
15 0.0010063631509845176
16 0.0009681420100547699
17 0.0009540342467454126
18 0.0008949051910137746
19 0.0008927880858130958
20 0.0008573023313404853
21 0.0008509784593196823
22 0.0008463562797863813
23 0.0008356821363636514
24 0.0008211724832663797
25 0.0007703748811891818
26 0.0007697458636965046
27 0.0007690868291415903
28 0.0007681220100547699
29 0.000817251262088518
30 0.0008509784593196823
