14 0.2591145587219997
15 0.1409023310352015
16 0.1381944313183998
17 0.13374214227155762
18 0.12418913210930352
19 0.12418913210930352
20 0.1381944313183998
21 0.1381944313183998
22 0.141106284117142
23 0.141106284117142
24 0.1610312354688017
25 0.1610312354688017
26 0.2255191526548276
27 0.22905706774888734
28 0.18142236529346825
29 0.18142236529346825
30 0.18142236529346825
31 0.40230676175421387
32 0.2748684812986648
33 0.2748684812986648
34 0.40230676175421387
35 0.40230676175421387
36 0.40230676175421387
37 0.40230676175421387
38 0.40230676175421387
39 0.40230676175421387
40 0.40230676175421387
41 0.40230676175421387
42 0.40230676175421387
43 0.40230676175421387
44 0.40230676175421387
45 0.40230676175421387
46 0.40230676175421387
47 0.40230676175421387
48 0.40230676175421387
49 0.40230676175421387
50 0.40767071047556325
51 0.40230676175421387
52 0.40230676175421387
53 0.40767071047556325
54 0.40767071047556325
55 0.5656514951805158
56 0.40916422169644684
57 0.4496369690194155
61 0.40230676175421387
