50 0.0012070426340391434
51 0.0012070426340391434
52 0.0012070426340391434
53 0.0012070426340391434
54 0.001205944808630245
55 0.0010116786532267047
56 0.0010116786532267047
57 0.0010121637902287136
58 0.0010121637902287136
59 0.0010121637902287136
60 0.0010080442009733344
61 0.001007143512458248
62 0.001007143512458248
63 0.0010067489565174735
64 0.0010067489565174735
65 0.001005924808630245
66 0.001004324750905674
67 0.001004324750905674
68 0.001004324750905674
69 0.001004324750905674
70 0.001004324750905674
71 0.001004324750905674
72 0.0010045691309235171
73 0.0008162388905578741
74 0.0008162388905578741
75 0.0008165687861617813
76 0.0008116586532267046
77 0.0008116353746574651
78 0.0008115995764848411
79 0.0008113699466659409
80 0.0008113699466659409
81 0.0008114589460265596
82 0.0008113699466659409
83 0.0008114589460265596
84 0.0008086838511221135
85 0.0008082431828120796
86 0.0008082431828120796
87 0.0008081433738066365
88 0.0008086838511221135
89 0.0008072627704718562
90 0.0008072627704718562
91 0.0008072627704718562
92 0.0008064877189953377
93 0.0008061532842251551
94 0.0008061478953157735
95 0.0008058020384263108
96 0.0008059048086302449
97 0.0008064877189953377
98 0.0008064973598296037
99 0.000804304750905674
100 0.0006245266459724957
101 0.000623124139049239
102 0.0006219276725817006
103 0.0006218639413246606
104 0.0006219276725817006
105 0.0006188649583565562
106 0.0006187346841495262
107 0.0006176616839654569
108 0.0006165900674144227
109 0.0006165900674144227
110 0.0006162849763814794
111 0.0006162849763814794
112 0.0006154257160076439
113 0.0006154257160076439
114 0.0006156182494819882
115 0.0006156182494819882
116 0.0006156182494819882
117 0.0006156182494819882
118 0.0006156182494819882
119 0.0006148504941103263
120 0.0006148504941103263
121 0.0006141801340782845
122 0.0006140154578865382
123 0.0006140154578865382
124 0.0006134598393955157
125 0.0006134598393955157
126 0.0006124535802468651
127 0.0006121508323722004
128 0.0006124535802468651
129 0.0006118602330166318
130 0.0006118304603183615
131 0.0006116153746574651
132 0.0006115795764848411
133 0.0006110959528046234
134 0.0006110959528046234
135 0.0006105592960458406
136 0.0006101668351517831
137 0.0006100810084698404
138 0.0006098726383730739
139 0.0006097619823527278
140 0.0006097091242478707
141 0.0006094244783555015
142 0.0006093849039661427
143 0.0006093467620366789
144 0.0006090263276817415
145 0.0006089625983418244
146 0.0006089615928814091
147 0.0006086943030898114
148 0.0006086815273164774
149 0.0006086638511221135
150 0.0006085422317852349
151 0.0006085208094098007
152 0.0006085208094098007
153 0.0006083224019919055
154 0.0006082941611130763
155 0.0006082231828120797
156 0.0006081552054936554
157 0.0006081233738066365
158 0.0006080042009733343
159 0.0006078014351113019
160 0.0006076112859221653
161 0.0006074463878204342
162 0.000607391366623303
163 0.000607367931325218
164 0.0006072743077882941
165 0.0006072427704718563
166 0.00060719416097481
167 0.0006071602497128752
168 0.0006071288676254545
169 0.0006071088501480334
170 0.0006071035124582478
171 0.0006070245355075985
172 0.0006069826340391434
173 0.0006069568779118722
174 0.0006067633883122942
175 0.0006067089565174736
176 0.0006066037330527943
177 0.000606537780530493
178 0.0006064773598296037
179 0.0006064677189953377
180 0.0006061332842251551
181 0.0006061295898791709
182 0.0006061278953157735
183 0.0006059175862819311
184 0.0006058848086302449
185 0.0006058249150467798
186 0.0006057820384263109
187 0.0006057507430894107
188 0.0006056942507890231
189 0.0006056307932776324
190 0.0006051787587952257
191 0.0006051334725444074
192 0.0006046506805665303
193 0.0006045291309235171
194 0.0006045117670083584
195 0.000604284750905674
196 0.0006042507348068167
197 0.0006042195638884282
198 0.0006041401023188192
199 0.0006041250463549473
200 0.0004249054161024802
