3 0.00622384981286428
4 0.004648806432747142
5 0.003848726432747142
6 0.0032884847264378443
7 0.002963066553306117
8 0.002448586432747142
9 0.0022637758850329536
10 0.0022637758850329536
11 0.0022637758850329536
12 0.0022637758850329536
13 0.0022637758850329536
14 0.0022637758850329536
15 0.0022637758850329536
16 0.0022637758850329536
17 0.0022637758850329536
18 0.0022637758850329536
19 0.0022637758850329536
20 0.002317310081274307
21 0.002363006553306117
22 0.0023937943947650907
23 0.0023937943947650907
