1 0.0413757786683676
2 0.021101647120867477
3 0.014481522533928658
4 0.011073264184884222
5 0.008975813324413077
6 0.007582481207025522
7 0.006386842035199193
8 0.005792609013571464
9 0.0051107373161004095
10 0.004633738515404485
11 0.004212489559458623
12 0.003958137972921279
13 0.003691823656199799
14 0.0034071582107336063
15 0.0032819423064616316
16 0.002968603479690959
17 0.0029324312021599503
18 0.0026505325410065253
19 0.0025396884566308247
20 0.0024832924413432916
21 0.0024165362673436164
22 0.002278887242346588
23 0.0022569844819366183
24 0.002123437914225989
25 0.001972155212004518
26 0.001951314290029274
27 0.001908126152555258
28 0.001820208396077418
29 0.0018052449407525615
30 0.0017639041738652167
31 0.001698750331380791
32 0.0016771890826394087
33 0.0016500324252173271
34 0.001486718989718503
35 0.0014686040931263555
36 0.0014037183122543417
37 0.00137874428298426
38 0.0013673323454079529
39 0.0013541906891619709
40 0.0013537902954516546
41 0.0013435779985730037
42 0.0013236742936931596
43 0.0013043965640603583
44 0.0012931673088568954
45 0.0012776843290251024
46 0.0012698442283154124
47 0.0012637132894348754
48 0.0012537798932426723
49 0.001241273360051028
50 0.0009911459931456687
51 0.0009793628794645855
52 0.0009780499111742573
53 0.0009743610745119296
54 0.0009734364087324147
55 0.0009584912549073467
56 0.0009469121692625615
57 0.0009437562686175978
58 0.0009419063021053847
59 0.0009394559701690541
60 0.0009358122081695611
61 0.0009260033857158225
62 0.0009229559140499497
63 0.0009153189259051816
64 0.0009143131902433963
65 0.0009085455844619092
66 0.0009036758088655002
67 0.0009027937927746472
68 0.0009025268636344364
69 0.0009003414482066136
70 0.0008959206964037358
71 0.0008875206690823722
72 0.0008859588705786897
73 0.0008835108470021751
74 0.0008831911707967122
75 0.0008819520869326083
76 0.0008738922836777839
77 0.0008671845944164787
78 0.0008635632701792001
79 0.0008621115392379302
80 0.0008517895526834016
81 0.0008493751656903955
82 0.0008457910711129684
83 0.0008441255990170359
84 0.0008424979118917247
85 0.0008424755262899169
86 0.0008421424595097243
87 0.00084214025541655
88 0.0008385945413197044
89 0.0008378374863314145
90 0.0008358532621617815
91 0.0008317873489220457
92 0.0008302133929663193
93 0.0008294657540679208
94 0.000827515573367352
95 0.0008274665024603778
96 0.000826498768445162
97 0.0008250876909545494
98 0.0008250162126086636
99 0.0008164894270742401
100 0.0004986562958007265
