22 0.015169656073422563
23 0.013587686508282244
24 0.013587686508282244
25 0.013587686508282244
26 0.013587686508282244
27 0.013587686508282244
28 0.013587686508282244
29 0.008981165097362255
30 0.008249666808599935
31 0.008249666808599935
32 0.008249666808599935
33 0.008249666808599935
34 0.0069795477867043414
35 0.0069795477867043414
36 0.0069795477867043414
37 0.006773725831106499
38 0.006773725831106499
39 0.0067077377049615475
40 0.0067077377049615475
41 0.006481008659082603
42 0.0068906825013106
43 0.006481008659082603
44 0.006481008659082603
45 0.006773725831106499
46 0.006481008659082603
47 0.006481008659082603
48 0.006805858249421787
49 0.0067077377049615475
50 0.007186861826744515
51 0.007186861826744515
52 0.011434136356254537
53 0.009052625306458461
