12 0.003837720062594386
13 0.0024325340188848083
14 0.0022021777619189633
15 0.001994109230715231
16 0.001794089230715231
17 0.0014983889139600379
18 0.0014940778230405909
19 0.001472533115083934
20 0.0013986592882071088
21 0.0013921874077232354
22 0.0013675192945069021
23 0.0013675192945069021
24 0.0013675192945069021
25 0.001594069230715231
26 0.001674380687528216
27 0.001594069230715231
28 0.0015400986440852063
29 0.0015400986440852063
30 0.0015990518643672841
31 0.0017180970247450897
32 0.0015219614852274564
33 0.002304520535162678
34 0.001904480535162678
