6 0.01927892592211545
11 0.015724635256173534
16 0.011235235422095612
21 0.010072668820713815
26 0.010072668820713815
31 0.010029164302539976
34 0.012407119720733831
35 0.013799578829343278
36 0.009414484038742869
37 0.01305056838100864
38 0.01148198923980014
39 0.010153141941181703
40 0.010072668820713815
41 0.009414484038742869
42 0.010327946064227328
43 0.010716923641003762
44 0.009752520356574639
45 0.009726223924890198
46 0.009697626830212098
47 0.010323336917719169
48 0.01019571965135192
49 0.009697626830212098
50 0.010461454898048774
51 0.011124530678870174
52 0.011124530678870174
