3 0.017825568805719852
4 0.013855387111800517
5 0.010111271292088327
6 0.010111271292088327
7 0.010111271292088327
8 0.010111271292088327
9 0.010111271292088327
10 0.0103891088187827
11 0.0103891088187827
12 0.0103891088187827
13 0.0103891088187827
14 0.0103891088187827
15 0.0103891088187827
16 0.010550551258235317
17 0.010550551258235317
18 0.010550551258235317
19 0.011290015900886435
20 0.012316380982785202
21 0.013971181204037463
22 0.01739181114983961
23 0.011803198441835819
24 0.01250519694155083
