6 0.020335363402737915
11 0.013052822403194303
16 0.01120262293473134
21 0.010600431757341182
26 0.010600431757341182
31 0.010600431757341182
33 0.010600431757341182
36 0.010504288859509684
38 0.012655863353188869
39 0.013405658872640364
40 0.010978250654915468
41 0.010254206519789876
42 0.011645320498181653
43 0.012101755312846177
44 0.010877743037807478
45 0.010066610157030115
46 0.010471939838255437
47 0.011143001909460215
48 0.010471939838255437
50 0.011795106234626025
51 0.0130727336160458
53 0.01359826343786541
54 0.0130727336160458
