34 0.043117779494492775
35 0.0425958785367278
36 0.0425958785367278
37 0.03946447279013796
38 0.03946447279013796
39 0.026646377301924113
40 0.02514444618619808
41 0.02514444618619808
42 0.02514444618619808
43 0.024651417829605962
44 0.024651417829605962
45 0.024651417829605962
46 0.024651417829605962
47 0.024784765400209303
48 0.024784765400209303
49 0.024784765400209303
50 0.024651417829605962
51 0.024651417829605962
52 0.025379640766880956
53 0.025379640766880956
54 0.025974516133552606
55 0.025974516133552606
56 0.025335831795135814
57 0.026569391500224256
58 0.027164266866895905
60 0.042013654881032286
