65 0.0016409653428507368
66 0.0016255875399571265
67 0.0016188262917474958
68 0.001272082612149813
69 0.001272082612149813
70 0.001618584581104181
71 0.0012596220600613033
72 0.001258104205059463
73 0.0012568740771147643
74 0.0012496121997821834
75 0.001247798479613148
76 0.0012520352383552692
77 0.0012568740771147643
78 0.0012443531589027964
79 0.0012473097153368217
80 0.0012492448794067371
81 0.0012319989583680258
82 0.0012307240071380526
83 0.0012305183351667506
84 0.001226666056586635
85 0.001224729908329126
86 0.0012242447367628658
87 0.0012237564530308692
88 0.001220333715112662
89 0.001219121961620069
90 0.0012187447924716563
91 0.0012178117272599051
92 0.00121776578909168
93 0.0012169634254493842
94 0.0012166770153789687
95 0.0012164367520892758
96 0.0012144398338462396
97 0.0012139384358281359
98 0.0012124121078281517
99 0.0012120695489345687
100 0.000849739467775638
101 0.0008475969858841878
102 0.0008447646196294079
103 0.0008436880442290297
104 0.0008429588052449871
105 0.0008415567350160845
106 0.0008413965387516005
107 0.0008401453403967008
108 0.0008392544289420854
109 0.0008389031204540399
110 0.0008388841268877161
111 0.0008384326461604523
112 0.0008382028684032228
113 0.0008364422696473796
114 0.000835439949167671
115 0.0008350336410305255
116 0.0008336146807016715
117 0.0008335761887903713
118 0.0008331720113725206
119 0.0008328299196044913
120 0.0008319283493528086
121 0.0008314691637064742
122 0.0008295687726018644
123 0.0008285607035829529
124 0.0008276115082638802
125 0.0008263967850753574
126 0.0008263228442015943
127 0.0008261729979320874
128 0.0008253204321195368
129 0.0008245165182995369
130 0.0008238636059677798
131 0.0008238250438498385
132 0.000822942410665315
133 0.0008226019121439843
134 0.0008215334758446865
135 0.000821449857238637
136 0.0008213326389120171
137 0.0008206729522687334
138 0.0008204826714253684
139 0.0008203455567778338
140 0.0008198092026620848
141 0.0008196442595360494
142 0.0008195717333480857
143 0.0008193453963430184
144 0.0008193453963430184
145 0.0008177773710577567
146 0.0008176237231492189
147 0.0008174622811534919
148 0.0008171782220050893
149 0.0008168683257805882
150 0.0008188037368943395
151 0.0008171782220050893
152 0.0008168683257805882
153 0.0008164866055527507
154 0.0008163985690532
155 0.0008161816807918544
156 0.000816166131369979
157 0.0008161631578419105
158 0.0008159435306465202
159 0.0008158785653878116
160 0.0008158376353539127
161 0.0008315398102245479
162 0.0012144398338462396
163 0.0008158785653878116
164 0.0008158055639858682
165 0.0008158055639858682
166 0.0008153453183660426
