6 0.003194602161402259
7 0.0027404854205447717
8 0.002498488913960038
9 0.002237560062594386
10 0.0020324940188848084
11 0.0018925072749614966
12 0.001794089230715231
13 0.001767559294506902
14 0.001602117761918963
15 0.0015922074077232354
16 0.0014324340188848082
17 0.0013921874077232354
18 0.0013921874077232354
19 0.0012601383839027478
20 0.0012601383839027478
21 0.001202077761918963
22 0.001194029230715231
23 0.0010924272749614965
24 0.0010601183839027478
25 0.001044047248356748
26 0.001044047248356748
27 0.0010255102600710123
28 0.0010209314674594506
29 0.000994009230715231
30 0.0009868812630498304
31 0.0009400386440852064
32 0.0009400386440852064
33 0.000894017823040591
34 0.000884898147671818
35 0.000872473115083934
36 0.000872473115083934
37 0.0008672862870849633
38 0.0008600983839027477
