6 0.009265720055852116
11 0.00627003066000735
16 0.004585680189276815
21 0.003946712665290419
26 0.003230345699174824
31 0.0029157798189379486
36 0.0027372180150853683
37 0.00286506001008456
38 0.004261104761681527
39 0.003339220766971702
40 0.002968603479690959
41 0.0022713639611547727
42 0.0029544395965596256
43 0.002960268748895389
44 0.0029582328180067768
45 0.002768867742149849
46 0.0022713639611547727
47 0.002473836233075799
48 0.0032000961658518873
49 0.0024733297354860664
50 0.0022713639611547727
51 0.0024335910218310367
52 0.0034230421557874926
53 0.0028907611100999196
54 0.003203616240668136
55 0.003576993169029668
