111 0.0016851229818142422
112 0.0016851229818142422
113 0.0016851229818142422
114 0.0016851229818142422
115 0.0016851229818142422
116 0.0016851229818142422
117 0.0016806860927743483
118 0.0016806860927743483
119 0.0016375915597164046
120 0.0016375915597164046
121 0.0016375915597164046
122 0.001268005355476384
123 0.001268005355476384
124 0.001268005355476384
125 0.001268005355476384
126 0.0016151497187248886
127 0.0016151497187248886
128 0.0016151497187248886
129 0.001624809932608051
130 0.0012729476099536982
131 0.0012729476099536982
132 0.0012742979536821786
135 0.0016760128486509427
136 0.0016756526611977382
138 0.0020654177496897616
