6 0.008661137547296298
7 0.0045136025409493845
8 0.0045136025409493845
9 0.0045136025409493845
10 0.0045136025409493845
11 0.0045136025409493845
12 0.0045136025409493845
13 0.0045136025409493845
14 0.0045136025409493845
15 0.0045136025409493845
16 0.0045136025409493845
17 0.0045136025409493845
18 0.004587051181207936
19 0.00465750586681333
20 0.00465750586681333
21 0.004587051181207936
22 0.0045136025409493845
23 0.004587051181207936
24 0.004587051181207936
25 0.004587051181207936
26 0.004587051181207936
27 0.004587051181207936
