21 0.005408838149301376
26 0.0033695041616271125
27 0.003913412146423537
31 0.0029123375796985818
32 0.0029865619216436455
33 0.005458329339114935
36 0.0024888016013697046
37 0.0033695041616271125
41 0.002481058790506789
42 0.003473482306709504
46 0.001991525350397228
47 0.0024894066879965343
49 0.003473482306709504
50 0.002481058790506789
51 0.0019837755915009052
52 0.0019415583864657209
53 0.001991525350397228
54 0.0022735115202986295
55 0.002395513440487188
56 0.0019837755915009052
57 0.0019910412810957637
58 0.0019837755915009052
59 0.002481058790506789
60 0.002481058790506789
61 0.001991525350397228
62 0.003473482306709504
63 0.001991525350397228
